age,member_id,bill_number,result,date
21,N4R2421C,2108896,불참,2021-03-24
21,GDG1847Z,2108896,기권,2021-03-24
21,LNR7932L,2108896,불참,2021-03-24
21,O7R5461J,2108896,불참,2021-03-24
21,TVF3669B,2108896,찬성,2021-03-24
21,6AR6743G,2108896,불참,2021-03-24
21,VCP96419,2108896,찬성,2021-03-24
21,8VJ8533R,2108896,찬성,2021-03-24
21,GX22581L,2108896,불참,2021-03-24
21,SE233396,2108896,찬성,2021-03-24
21,52P3934K,2108896,찬성,2021-03-24
21,B7H6207C,2108896,찬성,2021-03-24
21,6399076T,2108896,찬성,2021-03-24
21,4U29186R,2108896,기권,2021-03-24
21,F5Y4026Q,2108896,찬성,2021-03-24
21,1Y73132H,2108896,불참,2021-03-24
21,O6D8329R,2108896,찬성,2021-03-24
21,MSY7784L,2108896,불참,2021-03-24
21,TP066860,2108896,불참,2021-03-24
21,5K93695T,2108896,불참,2021-03-24
21,KFS1358P,2108896,찬성,2021-03-24
21,A494529E,2108896,찬성,2021-03-24
21,VRY5522V,2108896,찬성,2021-03-24
21,0PK7354M,2108896,찬성,2021-03-24
21,CZB4125D,2108896,불참,2021-03-24
21,Z6R3959C,2108896,찬성,2021-03-24
21,UGH6481E,2108896,불참,2021-03-24
21,S824682L,2108896,불참,2021-03-24
21,Q9H5708M,2108896,찬성,2021-03-24
21,CFE3998F,2108896,찬성,2021-03-24
21,MRK4871S,2108896,불참,2021-03-24
21,YKW37422,2108896,불참,2021-03-24
21,2NV6751W,2108896,찬성,2021-03-24
21,BM63269Y,2108896,불참,2021-03-24
21,3ZR4438W,2108896,불참,2021-03-24
21,HSS7466Y,2108896,찬성,2021-03-24
21,8VY63414,2108896,찬성,2021-03-24
21,XR24352K,2108896,찬성,2021-03-24
21,QQP4727N,2108896,불참,2021-03-24
21,IUL4848V,2108896,찬성,2021-03-24
21,BCQ55105,2108896,찬성,2021-03-24
21,GOC54665,2108896,찬성,2021-03-24
21,LJK4960Z,2108896,찬성,2021-03-24
21,K3W33496,2108896,찬성,2021-03-24
21,CI15627C,2108896,찬성,2021-03-24
21,21N57758,2108896,불참,2021-03-24
21,C7E79345,2108896,불참,2021-03-24
21,UQ282145,2108896,불참,2021-03-24
21,TRE2429O,2108896,찬성,2021-03-24
21,CDL93608,2108896,찬성,2021-03-24
21,JNL7001A,2108896,찬성,2021-03-24
21,GKD32201,2108896,찬성,2021-03-24
21,G7512472,2108896,찬성,2021-03-24
21,S741317G,2108896,찬성,2021-03-24
21,CCU1009B,2108896,찬성,2021-03-24
21,2N793392,2108896,찬성,2021-03-24
21,66W6739S,2108896,찬성,2021-03-24
21,QD25323M,2108896,찬성,2021-03-24
21,DAY6557K,2108896,기권,2021-03-24
21,4XG1439M,2108896,찬성,2021-03-24
21,A0P4646G,2108896,불참,2021-03-24
21,7I09543O,2108896,불참,2021-03-24
21,1X376850,2108896,찬성,2021-03-24
21,3DK8989T,2108896,불참,2021-03-24
21,7469929V,2108896,찬성,2021-03-24
21,D4L60530,2108896,찬성,2021-03-24
21,09I2323E,2108896,불참,2021-03-24
21,NTT8182Q,2108896,찬성,2021-03-24
21,ZYH1940A,2108896,불참,2021-03-24
21,M0A1658U,2108896,찬성,2021-03-24
21,NZF1659U,2108896,찬성,2021-03-24
21,WDS6044S,2108896,찬성,2021-03-24
21,ZDR63255,2108896,찬성,2021-03-24
21,SRP7336N,2108896,불참,2021-03-24
21,GFF1986K,2108896,찬성,2021-03-24
21,WJL30106,2108896,불참,2021-03-24
21,5KV96424,2108896,찬성,2021-03-24
21,KNM3215T,2108896,찬성,2021-03-24
21,1WE5693J,2108896,불참,2021-03-24
21,MY318392,2108896,찬성,2021-03-24
21,4T026790,2108896,찬성,2021-03-24
21,EH27538E,2108896,찬성,2021-03-24
21,WFU14784,2108896,찬성,2021-03-24
21,SU53086M,2108896,찬성,2021-03-24
21,0WL9321T,2108896,찬성,2021-03-24
21,PZA4062H,2108896,찬성,2021-03-24
21,H5476989,2108896,찬성,2021-03-24
21,4L695580,2108896,찬성,2021-03-24
21,40E3739H,2108896,찬성,2021-03-24
21,HXT76735,2108896,찬성,2021-03-24
21,RPN2293B,2108896,찬성,2021-03-24
21,V429892C,2108896,찬성,2021-03-24
21,IN328264,2108896,불참,2021-03-24
21,XBT9550Q,2108896,불참,2021-03-24
21,ZA54991S,2108896,찬성,2021-03-24
21,MO52543L,2108896,찬성,2021-03-24
21,0827740Q,2108896,기권,2021-03-24
21,WTR5885Y,2108896,찬성,2021-03-24
21,IOW1101J,2108896,찬성,2021-03-24
21,ICH23251,2108896,찬성,2021-03-24
21,25I8709Q,2108896,기권,2021-03-24
21,XWX1513T,2108896,찬성,2021-03-24
21,CT85313K,2108896,기권,2021-03-24
21,BLC8630L,2108896,찬성,2021-03-24
21,0767470D,2108896,불참,2021-03-24
21,LG63087O,2108896,불참,2021-03-24
21,DAN6731C,2108896,불참,2021-03-24
21,VG24001G,2108896,불참,2021-03-24
21,L2I9861C,2108896,불참,2021-03-24
21,WCD5518S,2108896,찬성,2021-03-24
21,SVH3899R,2108896,기권,2021-03-24
21,I434361W,2108896,찬성,2021-03-24
21,9JF4562W,2108896,불참,2021-03-24
21,Y7K5946R,2108896,찬성,2021-03-24
21,L7T64271,2108896,찬성,2021-03-24
21,4X525582,2108896,불참,2021-03-24
21,3TO11703,2108896,찬성,2021-03-24
21,MU69217P,2108896,기권,2021-03-24
21,LM13674V,2108896,불참,2021-03-24
21,GP07421U,2108896,찬성,2021-03-24
21,FGI27280,2108896,찬성,2021-03-24
21,USR7059P,2108896,기권,2021-03-24
21,P2N50879,2108896,찬성,2021-03-24
21,A2V51235,2108896,찬성,2021-03-24
21,M6H1705E,2108896,찬성,2021-03-24
21,OFE45081,2108896,찬성,2021-03-24
21,A3H7195R,2108896,찬성,2021-03-24
21,0VU8517U,2108896,불참,2021-03-24
21,HSW1214Q,2108896,찬성,2021-03-24
21,3BC6890E,2108896,찬성,2021-03-24
21,KR14136C,2108896,불참,2021-03-24
21,5765663F,2108896,불참,2021-03-24
21,ZKU88693,2108896,찬성,2021-03-24
21,M7T9712V,2108896,불참,2021-03-24
21,60490713,2108896,찬성,2021-03-24
21,UM51067K,2108896,찬성,2021-03-24
21,HKJ99607,2108896,불참,2021-03-24
21,X3170462,2108896,찬성,2021-03-24
21,8FB1535Y,2108896,찬성,2021-03-24
21,MR210505,2108896,불참,2021-03-24
21,GF286398,2108896,찬성,2021-03-24
21,8348421R,2108896,찬성,2021-03-24
21,JQA21112,2108896,찬성,2021-03-24
21,0R68099X,2108896,찬성,2021-03-24
21,4A067125,2108896,불참,2021-03-24
21,2385336L,2108896,찬성,2021-03-24
21,0W194007,2108896,찬성,2021-03-24
21,X1K3667J,2108896,찬성,2021-03-24
21,WMG57662,2108896,찬성,2021-03-24
21,NCP9875N,2108896,찬성,2021-03-24
21,I5I2468R,2108896,찬성,2021-03-24
21,L5P27909,2108896,불참,2021-03-24
21,3425169D,2108896,찬성,2021-03-24
21,OIA3741M,2108896,찬성,2021-03-24
21,6MO8786S,2108896,기권,2021-03-24
21,PAO22428,2108896,찬성,2021-03-24
21,NQR1206Q,2108896,찬성,2021-03-24
21,NAL4555X,2108896,불참,2021-03-24
21,OW53107J,2108896,찬성,2021-03-24
21,PEP6922S,2108896,찬성,2021-03-24
21,IOW8224X,2108896,찬성,2021-03-24
21,Z7Y7827F,2108896,찬성,2021-03-24
21,ATB59635,2108896,찬성,2021-03-24
21,KUO3574J,2108896,찬성,2021-03-24
21,D6U6678O,2108896,찬성,2021-03-24
21,FU87526G,2108896,기권,2021-03-24
21,S9U45255,2108896,찬성,2021-03-24
21,QKO6165V,2108896,찬성,2021-03-24
21,68P7228G,2108896,찬성,2021-03-24
21,XPP2564T,2108896,불참,2021-03-24
21,LQW3652K,2108896,찬성,2021-03-24
21,RO593601,2108896,찬성,2021-03-24
21,UB114374,2108896,기권,2021-03-24
21,0YT3774N,2108896,찬성,2021-03-24
21,40S1959J,2108896,찬성,2021-03-24
21,IL74008M,2108896,찬성,2021-03-24
21,3C23171A,2108896,불참,2021-03-24
21,P2N4585G,2108896,찬성,2021-03-24
21,JMY9959W,2108896,찬성,2021-03-24
21,7R156073,2108896,불참,2021-03-24
21,J2O8643H,2108896,불참,2021-03-24
21,6AU2417B,2108896,불참,2021-03-24
21,B7D7534L,2108896,찬성,2021-03-24
21,AFH96856,2108896,찬성,2021-03-24
21,WHV3448W,2108896,불참,2021-03-24
21,I0S53762,2108896,불참,2021-03-24
21,LH97552Q,2108896,찬성,2021-03-24
21,TKJ4800F,2108896,찬성,2021-03-24
21,04T3751T,2108896,찬성,2021-03-24
21,EVH1507C,2108896,찬성,2021-03-24
21,K5F2023J,2108896,찬성,2021-03-24
21,14M56632,2108896,불참,2021-03-24
21,N9X9673B,2108896,찬성,2021-03-24
21,5MD4184K,2108896,찬성,2021-03-24
21,DPZ7685X,2108896,불참,2021-03-24
21,6U243644,2108896,찬성,2021-03-24
21,E9R4507P,2108896,불참,2021-03-24
21,UHB5553T,2108896,찬성,2021-03-24
21,J9S37905,2108896,찬성,2021-03-24
21,CAA7713A,2108896,찬성,2021-03-24
21,O0I2045I,2108896,찬성,2021-03-24
21,QUM8288K,2108896,찬성,2021-03-24
21,W4X85128,2108896,기권,2021-03-24
21,JZY9937U,2108896,찬성,2021-03-24
21,M7O7878U,2108896,불참,2021-03-24
21,YLS4431M,2108896,불참,2021-03-24
21,MNZ4401T,2108896,불참,2021-03-24
21,16D7652C,2108896,불참,2021-03-24
21,KB04377U,2108896,불참,2021-03-24
21,FU53642G,2108896,찬성,2021-03-24
21,MLH1404S,2108896,찬성,2021-03-24
21,JEZ3130Q,2108896,찬성,2021-03-24
21,9L57027L,2108896,불참,2021-03-24
21,5UN9725L,2108896,찬성,2021-03-24
21,M2Q9024I,2108896,불참,2021-03-24
21,DBA1057Z,2108896,불참,2021-03-24
21,4019850M,2108896,찬성,2021-03-24
21,9YO73104,2108896,불참,2021-03-24
21,E6U4345C,2108896,찬성,2021-03-24
21,7BM2933Y,2108896,찬성,2021-03-24
21,9VR65006,2108896,불참,2021-03-24
21,X7I4680R,2108896,찬성,2021-03-24
21,D0C85236,2108896,찬성,2021-03-24
21,XSP20229,2108896,불참,2021-03-24
21,3RW63706,2108896,불참,2021-03-24
21,8X15119P,2108896,불참,2021-03-24
21,ZYP7962W,2108896,불참,2021-03-24
21,CNW5754J,2108896,찬성,2021-03-24
21,3249208I,2108896,찬성,2021-03-24
21,GX38539O,2108896,찬성,2021-03-24
21,8Q88373R,2108896,찬성,2021-03-24
21,XEF29171,2108896,찬성,2021-03-24
21,DAV7257X,2108896,찬성,2021-03-24
21,GE71932C,2108896,찬성,2021-03-24
21,G152611B,2108896,불참,2021-03-24
21,I7R13867,2108896,찬성,2021-03-24
21,G1570880,2108896,불참,2021-03-24
21,LPB30152,2108896,불참,2021-03-24
21,MD083627,2108896,찬성,2021-03-24
21,OSV9142K,2108896,찬성,2021-03-24
21,B7R2742J,2108896,찬성,2021-03-24
21,ZDP5704Q,2108896,기권,2021-03-24
21,7O71647Z,2108896,찬성,2021-03-24
21,W1Q6753M,2108896,찬성,2021-03-24
21,MHK9919B,2108896,불참,2021-03-24
21,TJW93720,2108896,찬성,2021-03-24
21,9S151177,2108896,찬성,2021-03-24
21,XA42275R,2108896,찬성,2021-03-24
21,YOG1280B,2125807,찬성,2023-12-08
21,NUB4941Z,2125807,찬성,2023-12-08
21,KFM1081G,2125807,불참,2023-12-08
21,F0I5053J,2125807,찬성,2023-12-08
21,YTA7297R,2125807,찬성,2023-12-08
21,G7512472,2125807,불참,2023-12-08
21,3TO11703,2125807,불참,2023-12-08
21,MU69217P,2125807,불참,2023-12-08
21,66W6739S,2125807,불참,2023-12-08
21,QD25323M,2125807,기권,2023-12-08
21,DAY6557K,2125807,찬성,2023-12-08
21,USR7059P,2125807,찬성,2023-12-08
21,4XG1439M,2125807,찬성,2023-12-08
21,P2N50879,2125807,기권,2023-12-08
21,A0P4646G,2125807,찬성,2023-12-08
21,A2V51235,2125807,반대,2023-12-08
21,7I09543O,2125807,불참,2023-12-08
21,3DK8989T,2125807,찬성,2023-12-08
21,7469929V,2125807,찬성,2023-12-08
21,OFE45081,2125807,찬성,2023-12-08
21,09I2323E,2125807,찬성,2023-12-08
21,ZYH1940A,2125807,불참,2023-12-08
21,NZF1659U,2125807,불참,2023-12-08
21,WDS6044S,2125807,찬성,2023-12-08
21,3BC6890E,2125807,불참,2023-12-08
21,ZDR63255,2125807,불참,2023-12-08
21,5765663F,2125807,찬성,2023-12-08
21,GFF1986K,2125807,찬성,2023-12-08
21,ZKU88693,2125807,불참,2023-12-08
21,5KV96424,2125807,찬성,2023-12-08
21,M7T9712V,2125807,불참,2023-12-08
21,60490713,2125807,찬성,2023-12-08
21,UM51067K,2125807,찬성,2023-12-08
21,1WE5693J,2125807,불참,2023-12-08
21,X3170462,2125807,찬성,2023-12-08
21,8FB1535Y,2125807,반대,2023-12-08
21,4T026790,2125807,찬성,2023-12-08
21,EH27538E,2125807,찬성,2023-12-08
21,WFU14784,2125807,찬성,2023-12-08
21,SU53086M,2125807,반대,2023-12-08
21,0WL9321T,2125807,반대,2023-12-08
21,PZA4062H,2125807,찬성,2023-12-08
21,MR210505,2125807,불참,2023-12-08
21,JQA21112,2125807,찬성,2023-12-08
21,4L695580,2125807,반대,2023-12-08
21,40E3739H,2125807,불참,2023-12-08
21,RPN2293B,2125807,찬성,2023-12-08
21,6RM29022,2125807,찬성,2023-12-08
21,MQU41854,2125807,찬성,2023-12-08
21,V429892C,2125807,불참,2023-12-08
21,IN328264,2125807,불참,2023-12-08
21,XBT9550Q,2125807,불참,2023-12-08
21,ZA54991S,2125807,찬성,2023-12-08
21,0827740Q,2125807,기권,2023-12-08
21,0W194007,2125807,찬성,2023-12-08
21,WMG57662,2125807,반대,2023-12-08
21,NCP9875N,2125807,반대,2023-12-08
21,I5I2468R,2125807,기권,2023-12-08
21,3425169D,2125807,기권,2023-12-08
21,OIA3741M,2125807,찬성,2023-12-08
21,6MO8786S,2125807,찬성,2023-12-08
21,CT85313K,2125807,불참,2023-12-08
21,BLC8630L,2125807,불참,2023-12-08
21,NQR1206Q,2125807,찬성,2023-12-08
21,L2I9861C,2125807,찬성,2023-12-08
21,WCD5518S,2125807,불참,2023-12-08
21,SVH3899R,2125807,불참,2023-12-08
21,IOW8224X,2125807,불참,2023-12-08
21,9JF4562W,2125807,기권,2023-12-08
21,Y7K5946R,2125807,찬성,2023-12-08
21,KUO3574J,2125807,찬성,2023-12-08
21,D6U6678O,2125807,찬성,2023-12-08
21,S9U45255,2125807,불참,2023-12-08
21,8FC9697X,2125807,불참,2023-12-08
21,QKO6165V,2125807,불참,2023-12-08
21,GD131760,2125807,불참,2023-12-08
21,ZRF3039U,2125807,불참,2023-12-08
21,68P7228G,2125807,찬성,2023-12-08
21,XPP2564T,2125807,찬성,2023-12-08
21,FRN1867O,2125807,찬성,2023-12-08
21,GAV6441G,2125807,반대,2023-12-08
21,0YT3774N,2125807,불참,2023-12-08
21,40S1959J,2125807,불참,2023-12-08
21,IL74008M,2125807,찬성,2023-12-08
21,8KF7223D,2125807,불참,2023-12-08
21,8P37634C,2125807,불참,2023-12-08
21,CNZ51556,2125807,찬성,2023-12-08
21,3C23171A,2125807,찬성,2023-12-08
21,GDG1847Z,2125807,찬성,2023-12-08
21,P2N4585G,2125807,불참,2023-12-08
21,JMY9959W,2125807,불참,2023-12-08
21,6AR6743G,2125807,불참,2023-12-08
21,VCP96419,2125807,불참,2023-12-08
21,B7D7534L,2125807,기권,2023-12-08
21,SE233396,2125807,불참,2023-12-08
21,AFH96856,2125807,찬성,2023-12-08
21,B7H6207C,2125807,불참,2023-12-08
21,6399076T,2125807,불참,2023-12-08
21,4U29186R,2125807,찬성,2023-12-08
21,F5Y4026Q,2125807,불참,2023-12-08
21,WHV3448W,2125807,불참,2023-12-08
21,6RD62559,2125807,찬성,2023-12-08
21,LH97552Q,2125807,찬성,2023-12-08
21,TKJ4800F,2125807,찬성,2023-12-08
21,O6D8329R,2125807,기권,2023-12-08
21,MSY7784L,2125807,불참,2023-12-08
21,EVH1507C,2125807,찬성,2023-12-08
21,N9X9673B,2125807,불참,2023-12-08
21,5MD4184K,2125807,불참,2023-12-08
21,5K93695T,2125807,불참,2023-12-08
21,DPZ7685X,2125807,불참,2023-12-08
21,E9R4507P,2125807,찬성,2023-12-08
21,UHB5553T,2125807,기권,2023-12-08
21,J9S37905,2125807,불참,2023-12-08
21,VRY5522V,2125807,기권,2023-12-08
21,CAA7713A,2125807,찬성,2023-12-08
21,0PK7354M,2125807,불참,2023-12-08
21,O0I2045I,2125807,기권,2023-12-08
21,CZB4125D,2125807,불참,2023-12-08
21,Z6R3959C,2125807,불참,2023-12-08
21,UGH6481E,2125807,반대,2023-12-08
21,W4X85128,2125807,불참,2023-12-08
21,JZY9937U,2125807,불참,2023-12-08
21,YKW37422,2125807,찬성,2023-12-08
21,2NV6751W,2125807,불참,2023-12-08
21,BM63269Y,2125807,불참,2023-12-08
21,YLS4431M,2125807,찬성,2023-12-08
21,3ZR4438W,2125807,찬성,2023-12-08
21,KB04377U,2125807,찬성,2023-12-08
21,FU53642G,2125807,불참,2023-12-08
21,8VY63414,2125807,찬성,2023-12-08
21,QQP4727N,2125807,불참,2023-12-08
21,BCQ55105,2125807,기권,2023-12-08
21,5UN9725L,2125807,불참,2023-12-08
21,LJK4960Z,2125807,찬성,2023-12-08
21,IUD9392R,2125807,불참,2023-12-08
21,M2Q9024I,2125807,불참,2023-12-08
21,DBA1057Z,2125807,불참,2023-12-08
21,UQ282145,2125807,찬성,2023-12-08
21,TRE2429O,2125807,반대,2023-12-08
21,7BM2933Y,2125807,기권,2023-12-08
21,CDL93608,2125807,불참,2023-12-08
21,X7I4680R,2125807,찬성,2023-12-08
21,XJC13432,2125807,찬성,2023-12-08
21,T465023H,2125807,찬성,2023-12-08
21,RQQ3807K,2125807,반대,2023-12-08
21,FH777496,2125807,반대,2023-12-08
21,8X15119P,2125807,불참,2023-12-08
21,CNW5754J,2125807,찬성,2023-12-08
21,3249208I,2125807,불참,2023-12-08
21,GX38539O,2125807,찬성,2023-12-08
21,8Q88373R,2125807,불참,2023-12-08
21,XEF29171,2125807,불참,2023-12-08
21,7XY7109I,2125807,찬성,2023-12-08
21,TST4507I,2125807,불참,2023-12-08
21,JC14718Q,2125807,기권,2023-12-08
21,5KV82250,2125807,찬성,2023-12-08
21,LT72093S,2125807,찬성,2023-12-08
21,FDC3144T,2125807,찬성,2023-12-08
21,I7R13867,2125807,찬성,2023-12-08
21,SQ36001H,2125807,불참,2023-12-08
21,9LD2641Q,2125807,불참,2023-12-08
21,LPB30152,2125807,반대,2023-12-08
21,MD083627,2125807,기권,2023-12-08
21,B7R2742J,2125807,기권,2023-12-08
21,ZDP5704Q,2125807,찬성,2023-12-08
21,71J2365L,2125807,불참,2023-12-08
21,7O71647Z,2125807,불참,2023-12-08
21,W1Q6753M,2125807,반대,2023-12-08
21,E1J8836Y,2125807,찬성,2023-12-08
21,RD42006Y,2125807,불참,2023-12-08
21,QHL3248U,2125807,불참,2023-12-08
21,TJW93720,2125807,찬성,2023-12-08
21,9S151177,2125807,불참,2023-12-08
21,9V18755A,2125807,찬성,2023-12-08
21,XA42275R,2125807,찬성,2023-12-08
21,PO64874I,2125807,불참,2023-12-08
21,VHK3402G,2125807,불참,2023-12-08
21,I0S53762,2125807,불참,2023-12-08
21,04T3751T,2125807,기권,2023-12-08
21,K5F2023J,2125807,찬성,2023-12-08
21,14M56632,2125807,찬성,2023-12-08
21,6U243644,2125807,불참,2023-12-08
21,KFS1358P,2125807,기권,2023-12-08
21,A494529E,2125807,불참,2023-12-08
21,QUM8288K,2125807,불참,2023-12-08
21,S824682L,2125807,기권,2023-12-08
21,Q9H5708M,2125807,불참,2023-12-08
21,MRK4871S,2125807,불참,2023-12-08
21,M7O7878U,2125807,반대,2023-12-08
21,MNZ4401T,2125807,불참,2023-12-08
21,HSS7466Y,2125807,찬성,2023-12-08
21,16D7652C,2125807,불참,2023-12-08
21,MLH1404S,2125807,불참,2023-12-08
21,XR24352K,2125807,기권,2023-12-08
21,JEZ3130Q,2125807,찬성,2023-12-08
21,9L57027L,2125807,찬성,2023-12-08
21,GOC54665,2125807,불참,2023-12-08
21,K3W33496,2125807,찬성,2023-12-08
21,NCO99988,2125807,반대,2023-12-08
21,CI15627C,2125807,불참,2023-12-08
21,C7E79345,2125807,찬성,2023-12-08
21,4019850M,2125807,불참,2023-12-08
21,9YO73104,2125807,불참,2023-12-08
21,E6U4345C,2125807,반대,2023-12-08
21,2UD1340H,2125807,기권,2023-12-08
21,9VR65006,2125807,불참,2023-12-08
21,EMC8812P,2125807,불참,2023-12-08
21,XSP20229,2125807,불참,2023-12-08
21,3RW63706,2125807,기권,2023-12-08
21,FYI20317,2125807,기권,2023-12-08
21,ZYP7962W,2125807,찬성,2023-12-08
21,WVU2479T,2125807,불참,2023-12-08
21,9D939735,2125807,불참,2023-12-08
21,QTW6852F,2125807,불참,2023-12-08
21,L7J93733,2125807,찬성,2023-12-08
21,DAV7257X,2125807,찬성,2023-12-08
21,GE71932C,2125807,불참,2023-12-08
21,6YT83269,2125807,찬성,2023-12-08
21,1MU99298,2125807,불참,2023-12-08
21,17M85910,2125807,찬성,2023-12-08
21,G152611B,2125807,불참,2023-12-08
21,G1570880,2125807,기권,2023-12-08
21,FOK3459D,2125807,불참,2023-12-08
21,QUO78839,2125807,불참,2023-12-08
21,BT62420K,2125807,불참,2023-12-08
21,TZP9391O,2125807,찬성,2023-12-08
21,6V37131U,2125807,불참,2023-12-08
21,OSV9142K,2125807,찬성,2023-12-08
21,FJK3396E,2125807,찬성,2023-12-08
21,6EN68926,2125807,찬성,2023-12-08
21,1BX7234U,2125807,찬성,2023-12-08
21,TZ228122,2125807,찬성,2023-12-08
21,LBC8144B,2125807,불참,2023-12-08
21,F5U2979W,2125807,찬성,2023-12-08
21,FIC9046Z,2125807,불참,2023-12-08
21,DWK26447,2125807,불참,2023-12-08
21,NLR6572J,2125807,찬성,2023-12-08
21,L7T64271,2125807,찬성,2023-12-08
21,4X525582,2125807,찬성,2023-12-08
21,GKD32201,2125807,반대,2023-12-08
21,S741317G,2125807,찬성,2023-12-08
21,CCU1009B,2125807,불참,2023-12-08
21,2N793392,2125807,찬성,2023-12-08
21,LM13674V,2125807,불참,2023-12-08
21,JVB6983V,2125807,찬성,2023-12-08
21,GP07421U,2125807,기권,2023-12-08
21,FGI27280,2125807,불참,2023-12-08
21,D4L60530,2125807,찬성,2023-12-08
21,M6H1705E,2125807,찬성,2023-12-08
21,NTT8182Q,2125807,반대,2023-12-08
21,A3H7195R,2125807,불참,2023-12-08
21,0VU8517U,2125807,찬성,2023-12-08
21,M0A1658U,2125807,찬성,2023-12-08
21,HSW1214Q,2125807,찬성,2023-12-08
21,KR14136C,2125807,불참,2023-12-08
21,WJL30106,2125807,불참,2023-12-08
21,KNM3215T,2125807,불참,2023-12-08
21,HKJ99607,2125807,불참,2023-12-08
21,MY318392,2125807,불참,2023-12-08
21,GF286398,2125807,불참,2023-12-08
21,8348421R,2125807,불참,2023-12-08
21,H5476989,2125807,불참,2023-12-08
21,6FS10566,2125807,반대,2023-12-08
21,HXT76735,2125807,불참,2023-12-08
21,0R68099X,2125807,불참,2023-12-08
21,2385336L,2125807,찬성,2023-12-08
21,MO52543L,2125807,불참,2023-12-08
21,X1K3667J,2125807,찬성,2023-12-08
21,WTR5885Y,2125807,반대,2023-12-08
21,IOW1101J,2125807,불참,2023-12-08
21,25I8709Q,2125807,반대,2023-12-08
21,XWX1513T,2125807,불참,2023-12-08
21,LG63087O,2125807,찬성,2023-12-08
21,OW53107J,2125807,불참,2023-12-08
21,PEP6922S,2125807,기권,2023-12-08
21,DAN6731C,2125807,찬성,2023-12-08
21,VG24001G,2125807,불참,2023-12-08
21,Z7Y7827F,2125807,불참,2023-12-08
21,ATB59635,2125807,찬성,2023-12-08
21,FU87526G,2125807,찬성,2023-12-08
21,8SV6917G,2125807,불참,2023-12-08
21,V0O5343U,2125807,불참,2023-12-08
21,P0F1530P,2125807,불참,2023-12-08
21,LQW3652K,2125807,찬성,2023-12-08
21,RO593601,2125807,기권,2023-12-08
21,PFG2137X,2125807,불참,2023-12-08
21,UB114374,2125807,찬성,2023-12-08
21,7JC3239L,2125807,찬성,2023-12-08
21,N4R2421C,2125807,찬성,2023-12-08
21,O7R5461J,2125807,불참,2023-12-08
21,7R156073,2125807,찬성,2023-12-08
21,J2O8643H,2125807,반대,2023-12-08
21,6AU2417B,2125807,찬성,2023-12-08
21,8VJ8533R,2125807,불참,2023-12-08
21,GX22581L,2125807,불참,2023-12-08
21,52P3934K,2125807,불참,2023-12-08
21,1Y73132H,2125807,찬성,2023-12-08
21,DWK26447,2124304,찬성,2024-02-29
21,TZ228122,2124304,찬성,2024-02-29
21,3TO11703,2124304,찬성,2024-02-29
21,JVB6983V,2124304,찬성,2024-02-29
21,DAY6557K,2124304,찬성,2024-02-29
21,P2N50879,2124304,찬성,2024-02-29
21,A2V51235,2124304,불참,2024-02-29
21,M0A1658U,2124304,찬성,2024-02-29
21,M7T9712V,2124304,찬성,2024-02-29
21,1WE5693J,2124304,찬성,2024-02-29
21,WFU14784,2124304,찬성,2024-02-29
21,SU53086M,2124304,찬성,2024-02-29
21,8348421R,2124304,찬성,2024-02-29
21,JQA21112,2124304,찬성,2024-02-29
21,0827740Q,2124304,불참,2024-02-29
21,0W194007,2124304,찬성,2024-02-29
21,3425169D,2124304,찬성,2024-02-29
21,CT85313K,2124304,찬성,2024-02-29
21,LG63087O,2124304,찬성,2024-02-29
21,KUO3574J,2124304,찬성,2024-02-29
21,8FC9697X,2124304,불참,2024-02-29
21,ZRF3039U,2124304,찬성,2024-02-29
21,68P7228G,2124304,찬성,2024-02-29
21,UB114374,2124304,찬성,2024-02-29
21,8KF7223D,2124304,불참,2024-02-29
21,F5Y4026Q,2124304,찬성,2024-02-29
21,WHV3448W,2124304,불참,2024-02-29
21,O6D8329R,2124304,찬성,2024-02-29
21,N9X9673B,2124304,불참,2024-02-29
21,6U243644,2124304,찬성,2024-02-29
21,CAA7713A,2124304,찬성,2024-02-29
21,CZB4125D,2124304,불참,2024-02-29
21,2NV6751W,2124304,찬성,2024-02-29
21,8VY63414,2124304,찬성,2024-02-29
21,JEZ3130Q,2124304,찬성,2024-02-29
21,BCQ55105,2124304,찬성,2024-02-29
21,9L57027L,2124304,찬성,2024-02-29
21,IUD9392R,2124304,불참,2024-02-29
21,DBA1057Z,2124304,찬성,2024-02-29
21,RQQ3807K,2124304,찬성,2024-02-29
21,CNW5754J,2124304,찬성,2024-02-29
21,LT72093S,2124304,찬성,2024-02-29
21,FDC3144T,2124304,찬성,2024-02-29
21,I7R13867,2124304,찬성,2024-02-29
21,OSV9142K,2124304,찬성,2024-02-29
21,B7R2742J,2124304,찬성,2024-02-29
21,FJK3396E,2124304,찬성,2024-02-29
21,7O71647Z,2124304,찬성,2024-02-29
21,RD42006Y,2124304,찬성,2024-02-29
21,9S151177,2124304,찬성,2024-02-29
21,DV77269P,2124304,찬성,2024-02-29
21,F5U2979W,2124304,찬성,2024-02-29
21,YOG1280B,2124304,찬성,2024-02-29
21,FIC9046Z,2124304,찬성,2024-02-29
21,NUB4941Z,2124304,찬성,2024-02-29
21,KFM1081G,2124304,찬성,2024-02-29
21,F0I5053J,2124304,찬성,2024-02-29
21,MSO2590I,2124304,찬성,2024-02-29
21,C835799S,2124304,찬성,2024-02-29
21,NLR6572J,2124304,찬성,2024-02-29
21,YTA7297R,2124304,찬성,2024-02-29
21,L7T64271,2124304,불참,2024-02-29
21,4X525582,2124304,찬성,2024-02-29
21,GKD32201,2124304,찬성,2024-02-29
21,G7512472,2124304,찬성,2024-02-29
21,S741317G,2124304,찬성,2024-02-29
21,CCU1009B,2124304,찬성,2024-02-29
21,MU69217P,2124304,찬성,2024-02-29
21,2N793392,2124304,찬성,2024-02-29
21,LM13674V,2124304,불참,2024-02-29
21,QD25323M,2124304,찬성,2024-02-29
21,GP07421U,2124304,불참,2024-02-29
21,FGI27280,2124304,찬성,2024-02-29
21,USR7059P,2124304,찬성,2024-02-29
21,4XG1439M,2124304,찬성,2024-02-29
21,A0P4646G,2124304,찬성,2024-02-29
21,7I09543O,2124304,찬성,2024-02-29
21,3DK8989T,2124304,불참,2024-02-29
21,7469929V,2124304,찬성,2024-02-29
21,D4L60530,2124304,불참,2024-02-29
21,M6H1705E,2124304,찬성,2024-02-29
21,OFE45081,2124304,찬성,2024-02-29
21,09I2323E,2124304,찬성,2024-02-29
21,NTT8182Q,2124304,찬성,2024-02-29
21,A3H7195R,2124304,찬성,2024-02-29
21,ZYH1940A,2124304,찬성,2024-02-29
21,0VU8517U,2124304,불참,2024-02-29
21,HSW1214Q,2124304,찬성,2024-02-29
21,NZF1659U,2124304,불참,2024-02-29
21,WDS6044S,2124304,불참,2024-02-29
21,3BC6890E,2124304,찬성,2024-02-29
21,ZDR63255,2124304,찬성,2024-02-29
21,KR14136C,2124304,불참,2024-02-29
21,5765663F,2124304,찬성,2024-02-29
21,GFF1986K,2124304,찬성,2024-02-29
21,ZKU88693,2124304,찬성,2024-02-29
21,WJL30106,2124304,찬성,2024-02-29
21,5KV96424,2124304,찬성,2024-02-29
21,KNM3215T,2124304,찬성,2024-02-29
21,60490713,2124304,찬성,2024-02-29
21,UM51067K,2124304,찬성,2024-02-29
21,HKJ99607,2124304,불참,2024-02-29
21,X3170462,2124304,찬성,2024-02-29
21,MY318392,2124304,찬성,2024-02-29
21,8FB1535Y,2124304,찬성,2024-02-29
21,4T026790,2124304,찬성,2024-02-29
21,EH27538E,2124304,찬성,2024-02-29
21,0WL9321T,2124304,찬성,2024-02-29
21,PZA4062H,2124304,찬성,2024-02-29
21,MR210505,2124304,찬성,2024-02-29
21,GF286398,2124304,찬성,2024-02-29
21,H5476989,2124304,불참,2024-02-29
21,4L695580,2124304,찬성,2024-02-29
21,40E3739H,2124304,찬성,2024-02-29
21,6FS10566,2124304,찬성,2024-02-29
21,HXT76735,2124304,찬성,2024-02-29
21,RPN2293B,2124304,찬성,2024-02-29
21,0R68099X,2124304,찬성,2024-02-29
21,6RM29022,2124304,찬성,2024-02-29
21,MQU41854,2124304,찬성,2024-02-29
21,V429892C,2124304,찬성,2024-02-29
21,2385336L,2124304,불참,2024-02-29
21,IN328264,2124304,불참,2024-02-29
21,XBT9550Q,2124304,찬성,2024-02-29
21,ZA54991S,2124304,찬성,2024-02-29
21,MO52543L,2124304,불참,2024-02-29
21,X1K3667J,2124304,불참,2024-02-29
21,WMG57662,2124304,찬성,2024-02-29
21,I5I2468R,2124304,찬성,2024-02-29
21,WTR5885Y,2124304,찬성,2024-02-29
21,IOW1101J,2124304,찬성,2024-02-29
21,25I8709Q,2124304,불참,2024-02-29
21,OIA3741M,2124304,찬성,2024-02-29
21,6MO8786S,2124304,찬성,2024-02-29
21,XWX1513T,2124304,찬성,2024-02-29
21,BLC8630L,2124304,찬성,2024-02-29
21,NQR1206Q,2124304,찬성,2024-02-29
21,OW53107J,2124304,불참,2024-02-29
21,PEP6922S,2124304,찬성,2024-02-29
21,DAN6731C,2124304,찬성,2024-02-29
21,VG24001G,2124304,찬성,2024-02-29
21,L2I9861C,2124304,찬성,2024-02-29
21,WCD5518S,2124304,찬성,2024-02-29
21,SVH3899R,2124304,불참,2024-02-29
21,IOW8224X,2124304,찬성,2024-02-29
21,9JF4562W,2124304,찬성,2024-02-29
21,Y7K5946R,2124304,찬성,2024-02-29
21,Z7Y7827F,2124304,불참,2024-02-29
21,ATB59635,2124304,찬성,2024-02-29
21,D6U6678O,2124304,찬성,2024-02-29
21,FU87526G,2124304,찬성,2024-02-29
21,S9U45255,2124304,찬성,2024-02-29
21,8SV6917G,2124304,찬성,2024-02-29
21,QKO6165V,2124304,찬성,2024-02-29
21,GD131760,2124304,찬성,2024-02-29
21,V0O5343U,2124304,불참,2024-02-29
21,P0F1530P,2124304,불참,2024-02-29
21,XPP2564T,2124304,찬성,2024-02-29
21,FRN1867O,2124304,찬성,2024-02-29
21,LQW3652K,2124304,불참,2024-02-29
21,RO593601,2124304,찬성,2024-02-29
21,PFG2137X,2124304,찬성,2024-02-29
21,GAV6441G,2124304,찬성,2024-02-29
21,0YT3774N,2124304,찬성,2024-02-29
21,7JC3239L,2124304,불참,2024-02-29
21,40S1959J,2124304,불참,2024-02-29
21,IL74008M,2124304,찬성,2024-02-29
21,8P37634C,2124304,찬성,2024-02-29
21,CNZ51556,2124304,불참,2024-02-29
21,N4R2421C,2124304,찬성,2024-02-29
21,3C23171A,2124304,찬성,2024-02-29
21,GDG1847Z,2124304,찬성,2024-02-29
21,P2N4585G,2124304,불참,2024-02-29
21,O7R5461J,2124304,찬성,2024-02-29
21,JMY9959W,2124304,불참,2024-02-29
21,7R156073,2124304,찬성,2024-02-29
21,6AR6743G,2124304,불참,2024-02-29
21,J2O8643H,2124304,찬성,2024-02-29
21,VCP96419,2124304,불참,2024-02-29
21,6AU2417B,2124304,찬성,2024-02-29
21,8VJ8533R,2124304,찬성,2024-02-29
21,B7D7534L,2124304,찬성,2024-02-29
21,GX22581L,2124304,찬성,2024-02-29
21,SE233396,2124304,찬성,2024-02-29
21,AFH96856,2124304,불참,2024-02-29
21,52P3934K,2124304,불참,2024-02-29
21,B7H6207C,2124304,불참,2024-02-29
21,6399076T,2124304,불참,2024-02-29
21,4U29186R,2124304,불참,2024-02-29
21,6RD62559,2124304,찬성,2024-02-29
21,1Y73132H,2124304,찬성,2024-02-29
21,I0S53762,2124304,불참,2024-02-29
21,LH97552Q,2124304,찬성,2024-02-29
21,TKJ4800F,2124304,찬성,2024-02-29
21,04T3751T,2124304,찬성,2024-02-29
21,MSY7784L,2124304,찬성,2024-02-29
21,EVH1507C,2124304,찬성,2024-02-29
21,K5F2023J,2124304,찬성,2024-02-29
21,14M56632,2124304,찬성,2024-02-29
21,5MD4184K,2124304,찬성,2024-02-29
21,5K93695T,2124304,찬성,2024-02-29
21,DPZ7685X,2124304,불참,2024-02-29
21,E9R4507P,2124304,찬성,2024-02-29
21,UHB5553T,2124304,찬성,2024-02-29
21,KFS1358P,2124304,찬성,2024-02-29
21,J9S37905,2124304,찬성,2024-02-29
21,A494529E,2124304,불참,2024-02-29
21,VRY5522V,2124304,찬성,2024-02-29
21,0PK7354M,2124304,찬성,2024-02-29
21,O0I2045I,2124304,찬성,2024-02-29
21,Z6R3959C,2124304,찬성,2024-02-29
21,QUM8288K,2124304,찬성,2024-02-29
21,UGH6481E,2124304,찬성,2024-02-29
21,S824682L,2124304,찬성,2024-02-29
21,W4X85128,2124304,찬성,2024-02-29
21,Q9H5708M,2124304,불참,2024-02-29
21,JZY9937U,2124304,찬성,2024-02-29
21,MRK4871S,2124304,찬성,2024-02-29
21,BM63269Y,2124304,찬성,2024-02-29
21,M7O7878U,2124304,찬성,2024-02-29
21,YLS4431M,2124304,불참,2024-02-29
21,MNZ4401T,2124304,불참,2024-02-29
21,3ZR4438W,2124304,찬성,2024-02-29
21,HSS7466Y,2124304,찬성,2024-02-29
21,16D7652C,2124304,불참,2024-02-29
21,KB04377U,2124304,찬성,2024-02-29
21,FU53642G,2124304,찬성,2024-02-29
21,MLH1404S,2124304,불참,2024-02-29
21,XR24352K,2124304,찬성,2024-02-29
21,QQP4727N,2124304,찬성,2024-02-29
21,GOC54665,2124304,찬성,2024-02-29
21,5UN9725L,2124304,불참,2024-02-29
21,LJK4960Z,2124304,찬성,2024-02-29
21,K3W33496,2124304,불참,2024-02-29
21,NCO99988,2124304,찬성,2024-02-29
21,M2Q9024I,2124304,불참,2024-02-29
21,CI15627C,2124304,찬성,2024-02-29
21,C7E79345,2124304,불참,2024-02-29
21,4019850M,2124304,불참,2024-02-29
21,UQ282145,2124304,찬성,2024-02-29
21,9YO73104,2124304,불참,2024-02-29
21,TRE2429O,2124304,불참,2024-02-29
21,7BM2933Y,2124304,찬성,2024-02-29
21,CDL93608,2124304,불참,2024-02-29
21,2UD1340H,2124304,찬성,2024-02-29
21,9VR65006,2124304,찬성,2024-02-29
21,X7I4680R,2124304,찬성,2024-02-29
21,EMC8812P,2124304,찬성,2024-02-29
21,XJC13432,2124304,찬성,2024-02-29
21,XSP20229,2124304,불참,2024-02-29
21,T465023H,2124304,불참,2024-02-29
21,3RW63706,2124304,찬성,2024-02-29
21,FH777496,2124304,찬성,2024-02-29
21,FYI20317,2124304,찬성,2024-02-29
21,8X15119P,2124304,찬성,2024-02-29
21,ZYP7962W,2124304,찬성,2024-02-29
21,3249208I,2124304,불참,2024-02-29
21,GX38539O,2124304,찬성,2024-02-29
21,8Q88373R,2124304,불참,2024-02-29
21,XEF29171,2124304,찬성,2024-02-29
21,WVU2479T,2124304,불참,2024-02-29
21,9D939735,2124304,찬성,2024-02-29
21,QTW6852F,2124304,찬성,2024-02-29
21,7XY7109I,2124304,찬성,2024-02-29
21,TST4507I,2124304,불참,2024-02-29
21,JC14718Q,2124304,찬성,2024-02-29
21,5KV82250,2124304,불참,2024-02-29
21,L7J93733,2124304,찬성,2024-02-29
21,DAV7257X,2124304,찬성,2024-02-29
21,GE71932C,2124304,찬성,2024-02-29
21,6YT83269,2124304,찬성,2024-02-29
21,1MU99298,2124304,찬성,2024-02-29
21,17M85910,2124304,찬성,2024-02-29
21,G152611B,2124304,찬성,2024-02-29
21,SQ36001H,2124304,찬성,2024-02-29
21,G1570880,2124304,찬성,2024-02-29
21,9LD2641Q,2124304,찬성,2024-02-29
21,FOK3459D,2124304,찬성,2024-02-29
21,QUO78839,2124304,찬성,2024-02-29
21,BT62420K,2124304,불참,2024-02-29
21,LPB30152,2124304,불참,2024-02-29
21,MD083627,2124304,불참,2024-02-29
21,TZP9391O,2124304,찬성,2024-02-29
21,6V37131U,2124304,찬성,2024-02-29
21,ZDP5704Q,2124304,찬성,2024-02-29
21,71J2365L,2124304,찬성,2024-02-29
21,E1J8836Y,2124304,찬성,2024-02-29
21,6EN68926,2124304,찬성,2024-02-29
21,1BX7234U,2124304,찬성,2024-02-29
21,QHL3248U,2124304,불참,2024-02-29
21,TJW93720,2124304,불참,2024-02-29
21,9V18755A,2124304,찬성,2024-02-29
21,XA42275R,2124304,불참,2024-02-29
21,PO64874I,2124304,불참,2024-02-29
21,LBC8144B,2124304,찬성,2024-02-29
21,VHK3402G,2124304,불참,2024-02-29
21,SZ51175J,2124304,찬성,2024-02-29
21,JNL7001A,2103331,찬성,2020-12-02
21,GKD32201,2103331,찬성,2020-12-02
21,S741317G,2103331,찬성,2020-12-02
21,2N793392,2103331,찬성,2020-12-02
21,1X376850,2103331,찬성,2020-12-02
21,D4L60530,2103331,찬성,2020-12-02
21,NZF1659U,2103331,불참,2020-12-02
21,WDS6044S,2103331,찬성,2020-12-02
21,GFF1986K,2103331,찬성,2020-12-02
21,WJL30106,2103331,찬성,2020-12-02
21,60490713,2103331,찬성,2020-12-02
21,HKJ99607,2103331,찬성,2020-12-02
21,4L695580,2103331,찬성,2020-12-02
21,V429892C,2103331,찬성,2020-12-02
21,2385336L,2103331,찬성,2020-12-02
21,IOW1101J,2103331,찬성,2020-12-02
21,OIA3741M,2103331,찬성,2020-12-02
21,PAO22428,2103331,찬성,2020-12-02
21,BLC8630L,2103331,찬성,2020-12-02
21,0767470D,2103331,불참,2020-12-02
21,PEP6922S,2103331,찬성,2020-12-02
21,DAN6731C,2103331,불참,2020-12-02
21,VG24001G,2103331,기권,2020-12-02
21,I434361W,2103331,찬성,2020-12-02
21,9JF4562W,2103331,찬성,2020-12-02
21,8SV6917G,2103331,찬성,2020-12-02
21,ZRF3039U,2103331,찬성,2020-12-02
21,V0O5343U,2103331,찬성,2020-12-02
21,68P7228G,2103331,찬성,2020-12-02
21,CNZ51556,2103331,찬성,2020-12-02
21,N4R2421C,2103331,불참,2020-12-02
21,3C23171A,2103331,찬성,2020-12-02
21,LNR7932L,2103331,불참,2020-12-02
21,O7R5461J,2103331,찬성,2020-12-02
21,J2O8643H,2103331,찬성,2020-12-02
21,GX22581L,2103331,찬성,2020-12-02
21,MSY7784L,2103331,불참,2020-12-02
21,5MD4184K,2103331,찬성,2020-12-02
21,5K93695T,2103331,찬성,2020-12-02
21,KFS1358P,2103331,찬성,2020-12-02
21,A494529E,2103331,찬성,2020-12-02
21,UGH6481E,2103331,찬성,2020-12-02
21,Q9H5708M,2103331,찬성,2020-12-02
21,2NV6751W,2103331,찬성,2020-12-02
21,LJK4960Z,2103331,찬성,2020-12-02
21,CI15627C,2103331,찬성,2020-12-02
21,21N57758,2103331,찬성,2020-12-02
21,T465023H,2103331,찬성,2020-12-02
21,5KV82250,2103331,불참,2020-12-02
21,L7J93733,2103331,찬성,2020-12-02
21,6YT83269,2103331,찬성,2020-12-02
21,FDC3144T,2103331,찬성,2020-12-02
21,SQ36001H,2103331,찬성,2020-12-02
21,9LD2641Q,2103331,찬성,2020-12-02
21,FOK3459D,2103331,찬성,2020-12-02
21,71J2365L,2103331,불참,2020-12-02
21,6EN68926,2103331,찬성,2020-12-02
21,1BX7234U,2103331,찬성,2020-12-02
21,9V18755A,2103331,찬성,2020-12-02
21,D0C85236,2103331,찬성,2020-12-02
21,XSP20229,2103331,찬성,2020-12-02
21,3RW63706,2103331,찬성,2020-12-02
21,RQQ3807K,2103331,찬성,2020-12-02
21,FH777496,2103331,찬성,2020-12-02
21,FYI20317,2103331,찬성,2020-12-02
21,8X15119P,2103331,불참,2020-12-02
21,ZYP7962W,2103331,불참,2020-12-02
21,CNW5754J,2103331,찬성,2020-12-02
21,3249208I,2103331,찬성,2020-12-02
21,GX38539O,2103331,찬성,2020-12-02
21,8Q88373R,2103331,찬성,2020-12-02
21,XEF29171,2103331,찬성,2020-12-02
21,WVU2479T,2103331,찬성,2020-12-02
21,9D939735,2103331,찬성,2020-12-02
21,QTW6852F,2103331,찬성,2020-12-02
21,7XY7109I,2103331,찬성,2020-12-02
21,TST4507I,2103331,찬성,2020-12-02
21,JC14718Q,2103331,찬성,2020-12-02
21,DAV7257X,2103331,찬성,2020-12-02
21,LT72093S,2103331,찬성,2020-12-02
21,GE71932C,2103331,찬성,2020-12-02
21,1MU99298,2103331,찬성,2020-12-02
21,17M85910,2103331,찬성,2020-12-02
21,G152611B,2103331,찬성,2020-12-02
21,I7R13867,2103331,찬성,2020-12-02
21,G1570880,2103331,찬성,2020-12-02
21,QUO78839,2103331,찬성,2020-12-02
21,BT62420K,2103331,찬성,2020-12-02
21,LPB30152,2103331,찬성,2020-12-02
21,MD083627,2103331,찬성,2020-12-02
21,TZP9391O,2103331,찬성,2020-12-02
21,6V37131U,2103331,찬성,2020-12-02
21,OSV9142K,2103331,찬성,2020-12-02
21,B7R2742J,2103331,찬성,2020-12-02
21,FJK3396E,2103331,찬성,2020-12-02
21,ZDP5704Q,2103331,찬성,2020-12-02
21,7O71647Z,2103331,찬성,2020-12-02
21,W1Q6753M,2103331,찬성,2020-12-02
21,MHK9919B,2103331,찬성,2020-12-02
21,E1J8836Y,2103331,찬성,2020-12-02
21,RD42006Y,2103331,찬성,2020-12-02
21,QHL3248U,2103331,찬성,2020-12-02
21,AE685067,2103331,찬성,2020-12-02
21,TJW93720,2103331,찬성,2020-12-02
21,9S151177,2103331,찬성,2020-12-02
21,TZ228122,2103331,찬성,2020-12-02
21,XA42275R,2103331,찬성,2020-12-02
21,PO64874I,2103331,찬성,2020-12-02
21,1Y73132H,2103331,찬성,2020-12-02
21,I0S53762,2103331,찬성,2020-12-02
21,LH97552Q,2103331,찬성,2020-12-02
21,TKJ4800F,2103331,찬성,2020-12-02
21,O6D8329R,2103331,찬성,2020-12-02
21,04T3751T,2103331,찬성,2020-12-02
21,EVH1507C,2103331,찬성,2020-12-02
21,K5F2023J,2103331,찬성,2020-12-02
21,14M56632,2103331,찬성,2020-12-02
21,N9X9673B,2103331,찬성,2020-12-02
21,TP066860,2103331,불참,2020-12-02
21,DPZ7685X,2103331,찬성,2020-12-02
21,6U243644,2103331,찬성,2020-12-02
21,E9R4507P,2103331,기권,2020-12-02
21,UHB5553T,2103331,찬성,2020-12-02
21,J9S37905,2103331,찬성,2020-12-02
21,VRY5522V,2103331,찬성,2020-12-02
21,CAA7713A,2103331,찬성,2020-12-02
21,0PK7354M,2103331,찬성,2020-12-02
21,O0I2045I,2103331,찬성,2020-12-02
21,CZB4125D,2103331,찬성,2020-12-02
21,Z6R3959C,2103331,찬성,2020-12-02
21,QUM8288K,2103331,찬성,2020-12-02
21,S824682L,2103331,찬성,2020-12-02
21,W4X85128,2103331,기권,2020-12-02
21,CFE3998F,2103331,찬성,2020-12-02
21,JZY9937U,2103331,찬성,2020-12-02
21,MRK4871S,2103331,찬성,2020-12-02
21,YKW37422,2103331,찬성,2020-12-02
21,BM63269Y,2103331,찬성,2020-12-02
21,M7O7878U,2103331,찬성,2020-12-02
21,YLS4431M,2103331,찬성,2020-12-02
21,MNZ4401T,2103331,찬성,2020-12-02
21,3ZR4438W,2103331,불참,2020-12-02
21,HSS7466Y,2103331,찬성,2020-12-02
21,16D7652C,2103331,찬성,2020-12-02
21,KB04377U,2103331,찬성,2020-12-02
21,FU53642G,2103331,찬성,2020-12-02
21,MLH1404S,2103331,찬성,2020-12-02
21,8VY63414,2103331,찬성,2020-12-02
21,XR24352K,2103331,찬성,2020-12-02
21,QQP4727N,2103331,찬성,2020-12-02
21,IUL4848V,2103331,찬성,2020-12-02
21,JEZ3130Q,2103331,찬성,2020-12-02
21,BCQ55105,2103331,찬성,2020-12-02
21,9L57027L,2103331,찬성,2020-12-02
21,GOC54665,2103331,찬성,2020-12-02
21,5UN9725L,2103331,찬성,2020-12-02
21,K3W33496,2103331,찬성,2020-12-02
21,M2Q9024I,2103331,불참,2020-12-02
21,DBA1057Z,2103331,찬성,2020-12-02
21,C7E79345,2103331,찬성,2020-12-02
21,4019850M,2103331,찬성,2020-12-02
21,UQ282145,2103331,찬성,2020-12-02
21,9YO73104,2103331,찬성,2020-12-02
21,TRE2429O,2103331,찬성,2020-12-02
21,E6U4345C,2103331,찬성,2020-12-02
21,7BM2933Y,2103331,찬성,2020-12-02
21,CDL93608,2103331,찬성,2020-12-02
21,2UD1340H,2103331,기권,2020-12-02
21,9VR65006,2103331,불참,2020-12-02
21,X7I4680R,2103331,찬성,2020-12-02
21,EMC8812P,2103331,찬성,2020-12-02
21,XJC13432,2103331,찬성,2020-12-02
21,0W194007,2103331,찬성,2020-12-02
21,X1K3667J,2103331,찬성,2020-12-02
21,WMG57662,2103331,찬성,2020-12-02
21,NCP9875N,2103331,찬성,2020-12-02
21,I5I2468R,2103331,찬성,2020-12-02
21,WTR5885Y,2103331,찬성,2020-12-02
21,L5P27909,2103331,찬성,2020-12-02
21,3425169D,2103331,찬성,2020-12-02
21,ICH23251,2103331,찬성,2020-12-02
21,25I8709Q,2103331,찬성,2020-12-02
21,6MO8786S,2103331,기권,2020-12-02
21,XWX1513T,2103331,찬성,2020-12-02
21,CT85313K,2103331,찬성,2020-12-02
21,NQR1206Q,2103331,찬성,2020-12-02
21,LG63087O,2103331,찬성,2020-12-02
21,NAL4555X,2103331,찬성,2020-12-02
21,OW53107J,2103331,찬성,2020-12-02
21,L2I9861C,2103331,찬성,2020-12-02
21,WCD5518S,2103331,찬성,2020-12-02
21,SVH3899R,2103331,찬성,2020-12-02
21,IOW8224X,2103331,찬성,2020-12-02
21,Y7K5946R,2103331,찬성,2020-12-02
21,Z7Y7827F,2103331,찬성,2020-12-02
21,ATB59635,2103331,찬성,2020-12-02
21,SBK1544B,2103331,찬성,2020-12-02
21,KUO3574J,2103331,찬성,2020-12-02
21,D6U6678O,2103331,찬성,2020-12-02
21,FU87526G,2103331,찬성,2020-12-02
21,S9U45255,2103331,찬성,2020-12-02
21,8FC9697X,2103331,찬성,2020-12-02
21,QKO6165V,2103331,찬성,2020-12-02
21,GD131760,2103331,찬성,2020-12-02
21,P0F1530P,2103331,찬성,2020-12-02
21,XPP2564T,2103331,찬성,2020-12-02
21,FRN1867O,2103331,찬성,2020-12-02
21,LQW3652K,2103331,기권,2020-12-02
21,RO593601,2103331,찬성,2020-12-02
21,PFG2137X,2103331,찬성,2020-12-02
21,UB114374,2103331,찬성,2020-12-02
21,GAV6441G,2103331,찬성,2020-12-02
21,0YT3774N,2103331,찬성,2020-12-02
21,7JC3239L,2103331,찬성,2020-12-02
21,40S1959J,2103331,찬성,2020-12-02
21,IL74008M,2103331,찬성,2020-12-02
21,8KF7223D,2103331,찬성,2020-12-02
21,8P37634C,2103331,찬성,2020-12-02
21,GDG1847Z,2103331,찬성,2020-12-02
21,P2N4585G,2103331,찬성,2020-12-02
21,TVF3669B,2103331,찬성,2020-12-02
21,JMY9959W,2103331,찬성,2020-12-02
21,7R156073,2103331,찬성,2020-12-02
21,6AR6743G,2103331,찬성,2020-12-02
21,VCP96419,2103331,찬성,2020-12-02
21,6AU2417B,2103331,찬성,2020-12-02
21,8VJ8533R,2103331,찬성,2020-12-02
21,B7D7534L,2103331,찬성,2020-12-02
21,SE233396,2103331,찬성,2020-12-02
21,AFH96856,2103331,찬성,2020-12-02
21,52P3934K,2103331,찬성,2020-12-02
21,B7H6207C,2103331,기권,2020-12-02
21,6399076T,2103331,찬성,2020-12-02
21,4U29186R,2103331,찬성,2020-12-02
21,F5Y4026Q,2103331,찬성,2020-12-02
21,WHV3448W,2103331,찬성,2020-12-02
21,L7T64271,2103331,찬성,2020-12-02
21,4X525582,2103331,찬성,2020-12-02
21,G7512472,2103331,찬성,2020-12-02
21,3TO11703,2103331,찬성,2020-12-02
21,CCU1009B,2103331,찬성,2020-12-02
21,MU69217P,2103331,찬성,2020-12-02
21,66W6739S,2103331,찬성,2020-12-02
21,LM13674V,2103331,불참,2020-12-02
21,QD25323M,2103331,찬성,2020-12-02
21,DAY6557K,2103331,찬성,2020-12-02
21,GP07421U,2103331,찬성,2020-12-02
21,FGI27280,2103331,찬성,2020-12-02
21,USR7059P,2103331,찬성,2020-12-02
21,4XG1439M,2103331,찬성,2020-12-02
21,P2N50879,2103331,찬성,2020-12-02
21,A0P4646G,2103331,찬성,2020-12-02
21,A2V51235,2103331,찬성,2020-12-02
21,7I09543O,2103331,찬성,2020-12-02
21,3DK8989T,2103331,기권,2020-12-02
21,7469929V,2103331,찬성,2020-12-02
21,M6H1705E,2103331,찬성,2020-12-02
21,OFE45081,2103331,찬성,2020-12-02
21,09I2323E,2103331,찬성,2020-12-02
21,NTT8182Q,2103331,찬성,2020-12-02
21,A3H7195R,2103331,찬성,2020-12-02
21,ZYH1940A,2103331,찬성,2020-12-02
21,0VU8517U,2103331,찬성,2020-12-02
21,M0A1658U,2103331,찬성,2020-12-02
21,HSW1214Q,2103331,찬성,2020-12-02
21,3BC6890E,2103331,찬성,2020-12-02
21,ZDR63255,2103331,찬성,2020-12-02
21,KR14136C,2103331,찬성,2020-12-02
21,SRP7336N,2103331,찬성,2020-12-02
21,5765663F,2103331,찬성,2020-12-02
21,ZKU88693,2103331,찬성,2020-12-02
21,5KV96424,2103331,찬성,2020-12-02
21,KNM3215T,2103331,찬성,2020-12-02
21,M7T9712V,2103331,찬성,2020-12-02
21,UM51067K,2103331,찬성,2020-12-02
21,1WE5693J,2103331,찬성,2020-12-02
21,X3170462,2103331,찬성,2020-12-02
21,MY318392,2103331,찬성,2020-12-02
21,8FB1535Y,2103331,찬성,2020-12-02
21,4T026790,2103331,찬성,2020-12-02
21,EH27538E,2103331,찬성,2020-12-02
21,WFU14784,2103331,불참,2020-12-02
21,SU53086M,2103331,불참,2020-12-02
21,0WL9321T,2103331,찬성,2020-12-02
21,PZA4062H,2103331,찬성,2020-12-02
21,MR210505,2103331,찬성,2020-12-02
21,GF286398,2103331,찬성,2020-12-02
21,8348421R,2103331,불참,2020-12-02
21,H5476989,2103331,찬성,2020-12-02
21,JQA21112,2103331,찬성,2020-12-02
21,40E3739H,2103331,찬성,2020-12-02
21,HXT76735,2103331,찬성,2020-12-02
21,RPN2293B,2103331,찬성,2020-12-02
21,0R68099X,2103331,찬성,2020-12-02
21,4A067125,2103331,찬성,2020-12-02
21,IN328264,2103331,찬성,2020-12-02
21,XBT9550Q,2103331,불참,2020-12-02
21,ZA54991S,2103331,찬성,2020-12-02
21,MO52543L,2103331,찬성,2020-12-02
21,0827740Q,2103331,찬성,2020-12-02
21,GKD32201,2102283,찬성,2020-11-19
21,71J2365L,2102283,찬성,2020-11-19
21,2N793392,2102283,찬성,2020-11-19
21,WJL30106,2102283,찬성,2020-11-19
21,60490713,2102283,찬성,2020-11-19
21,4L695580,2102283,찬성,2020-11-19
21,2385336L,2102283,찬성,2020-11-19
21,PAO22428,2102283,불참,2020-11-19
21,VG24001G,2102283,기권,2020-11-19
21,I434361W,2102283,찬성,2020-11-19
21,8SV6917G,2102283,불참,2020-11-19
21,GX22581L,2102283,찬성,2020-11-19
21,MSY7784L,2102283,찬성,2020-11-19
21,Q9H5708M,2102283,찬성,2020-11-19
21,CI15627C,2102283,불참,2020-11-19
21,21N57758,2102283,찬성,2020-11-19
21,FDC3144T,2102283,찬성,2020-11-19
21,S741317G,2102283,찬성,2020-11-19
21,JNL7001A,2102283,찬성,2020-11-19
21,L7T64271,2102283,찬성,2020-11-19
21,4X525582,2102283,찬성,2020-11-19
21,G7512472,2102283,찬성,2020-11-19
21,3TO11703,2102283,찬성,2020-11-19
21,CCU1009B,2102283,찬성,2020-11-19
21,MU69217P,2102283,찬성,2020-11-19
21,66W6739S,2102283,찬성,2020-11-19
21,LM13674V,2102283,찬성,2020-11-19
21,QD25323M,2102283,찬성,2020-11-19
21,DAY6557K,2102283,찬성,2020-11-19
21,GP07421U,2102283,불참,2020-11-19
21,FGI27280,2102283,찬성,2020-11-19
21,4XG1439M,2102283,찬성,2020-11-19
21,P2N50879,2102283,찬성,2020-11-19
21,A0P4646G,2102283,찬성,2020-11-19
21,A2V51235,2102283,찬성,2020-11-19
21,7I09543O,2102283,찬성,2020-11-19
21,1X376850,2102283,찬성,2020-11-19
21,3DK8989T,2102283,불참,2020-11-19
21,7469929V,2102283,찬성,2020-11-19
21,D4L60530,2102283,찬성,2020-11-19
21,M6H1705E,2102283,찬성,2020-11-19
21,OFE45081,2102283,찬성,2020-11-19
21,NTT8182Q,2102283,찬성,2020-11-19
21,A3H7195R,2102283,찬성,2020-11-19
21,ZYH1940A,2102283,찬성,2020-11-19
21,0VU8517U,2102283,찬성,2020-11-19
21,M0A1658U,2102283,찬성,2020-11-19
21,HSW1214Q,2102283,찬성,2020-11-19
21,NZF1659U,2102283,찬성,2020-11-19
21,WDS6044S,2102283,불참,2020-11-19
21,3BC6890E,2102283,찬성,2020-11-19
21,ZDR63255,2102283,찬성,2020-11-19
21,KR14136C,2102283,찬성,2020-11-19
21,SRP7336N,2102283,찬성,2020-11-19
21,5765663F,2102283,찬성,2020-11-19
21,GFF1986K,2102283,찬성,2020-11-19
21,5KV96424,2102283,찬성,2020-11-19
21,KNM3215T,2102283,찬성,2020-11-19
21,M7T9712V,2102283,찬성,2020-11-19
21,UM51067K,2102283,불참,2020-11-19
21,HKJ99607,2102283,찬성,2020-11-19
21,1WE5693J,2102283,불참,2020-11-19
21,X3170462,2102283,불참,2020-11-19
21,MY318392,2102283,찬성,2020-11-19
21,8FB1535Y,2102283,찬성,2020-11-19
21,4T026790,2102283,찬성,2020-11-19
21,EH27538E,2102283,찬성,2020-11-19
21,WFU14784,2102283,찬성,2020-11-19
21,SU53086M,2102283,찬성,2020-11-19
21,0WL9321T,2102283,찬성,2020-11-19
21,PZA4062H,2102283,찬성,2020-11-19
21,MR210505,2102283,찬성,2020-11-19
21,GF286398,2102283,찬성,2020-11-19
21,8348421R,2102283,찬성,2020-11-19
21,H5476989,2102283,찬성,2020-11-19
21,JQA21112,2102283,찬성,2020-11-19
21,40E3739H,2102283,찬성,2020-11-19
21,HXT76735,2102283,찬성,2020-11-19
21,RPN2293B,2102283,찬성,2020-11-19
21,0R68099X,2102283,찬성,2020-11-19
21,V429892C,2102283,찬성,2020-11-19
21,4A067125,2102283,찬성,2020-11-19
21,IN328264,2102283,찬성,2020-11-19
21,XBT9550Q,2102283,찬성,2020-11-19
21,ZA54991S,2102283,찬성,2020-11-19
21,MO52543L,2102283,불참,2020-11-19
21,0827740Q,2102283,찬성,2020-11-19
21,0W194007,2102283,찬성,2020-11-19
21,X1K3667J,2102283,찬성,2020-11-19
21,WMG57662,2102283,찬성,2020-11-19
21,NCP9875N,2102283,찬성,2020-11-19
21,I5I2468R,2102283,찬성,2020-11-19
21,WTR5885Y,2102283,찬성,2020-11-19
21,L5P27909,2102283,찬성,2020-11-19
21,3425169D,2102283,찬성,2020-11-19
21,IOW1101J,2102283,찬성,2020-11-19
21,ICH23251,2102283,찬성,2020-11-19
21,25I8709Q,2102283,찬성,2020-11-19
21,OIA3741M,2102283,찬성,2020-11-19
21,6MO8786S,2102283,찬성,2020-11-19
21,XWX1513T,2102283,찬성,2020-11-19
21,CT85313K,2102283,찬성,2020-11-19
21,BLC8630L,2102283,불참,2020-11-19
21,NQR1206Q,2102283,찬성,2020-11-19
21,0767470D,2102283,불참,2020-11-19
21,LG63087O,2102283,찬성,2020-11-19
21,NAL4555X,2102283,찬성,2020-11-19
21,OW53107J,2102283,찬성,2020-11-19
21,PEP6922S,2102283,찬성,2020-11-19
21,DAN6731C,2102283,찬성,2020-11-19
21,L2I9861C,2102283,불참,2020-11-19
21,WCD5518S,2102283,찬성,2020-11-19
21,SVH3899R,2102283,찬성,2020-11-19
21,IOW8224X,2102283,찬성,2020-11-19
21,9JF4562W,2102283,불참,2020-11-19
21,Y7K5946R,2102283,찬성,2020-11-19
21,Z7Y7827F,2102283,찬성,2020-11-19
21,ATB59635,2102283,찬성,2020-11-19
21,SBK1544B,2102283,찬성,2020-11-19
21,KUO3574J,2102283,찬성,2020-11-19
21,FU87526G,2102283,찬성,2020-11-19
21,S9U45255,2102283,찬성,2020-11-19
21,8FC9697X,2102283,찬성,2020-11-19
21,QKO6165V,2102283,찬성,2020-11-19
21,GD131760,2102283,찬성,2020-11-19
21,ZRF3039U,2102283,찬성,2020-11-19
21,V0O5343U,2102283,찬성,2020-11-19
21,68P7228G,2102283,찬성,2020-11-19
21,P0F1530P,2102283,불참,2020-11-19
21,XPP2564T,2102283,찬성,2020-11-19
21,FRN1867O,2102283,찬성,2020-11-19
21,LQW3652K,2102283,찬성,2020-11-19
21,PFG2137X,2102283,찬성,2020-11-19
21,UB114374,2102283,기권,2020-11-19
21,GAV6441G,2102283,찬성,2020-11-19
21,0YT3774N,2102283,찬성,2020-11-19
21,7JC3239L,2102283,찬성,2020-11-19
21,40S1959J,2102283,찬성,2020-11-19
21,IL74008M,2102283,찬성,2020-11-19
21,8KF7223D,2102283,찬성,2020-11-19
21,8P37634C,2102283,찬성,2020-11-19
21,CNZ51556,2102283,찬성,2020-11-19
21,N4R2421C,2102283,불참,2020-11-19
21,3C23171A,2102283,찬성,2020-11-19
21,GDG1847Z,2102283,찬성,2020-11-19
21,P2N4585G,2102283,찬성,2020-11-19
21,LNR7932L,2102283,불참,2020-11-19
21,O7R5461J,2102283,찬성,2020-11-19
21,TVF3669B,2102283,불참,2020-11-19
21,JMY9959W,2102283,찬성,2020-11-19
21,7R156073,2102283,찬성,2020-11-19
21,6AR6743G,2102283,불참,2020-11-19
21,J2O8643H,2102283,찬성,2020-11-19
21,VCP96419,2102283,찬성,2020-11-19
21,6AU2417B,2102283,찬성,2020-11-19
21,8VJ8533R,2102283,불참,2020-11-19
21,B7D7534L,2102283,찬성,2020-11-19
21,SE233396,2102283,찬성,2020-11-19
21,AFH96856,2102283,기권,2020-11-19
21,52P3934K,2102283,찬성,2020-11-19
21,B7H6207C,2102283,찬성,2020-11-19
21,6399076T,2102283,찬성,2020-11-19
21,4U29186R,2102283,불참,2020-11-19
21,F5Y4026Q,2102283,찬성,2020-11-19
21,WHV3448W,2102283,찬성,2020-11-19
21,1Y73132H,2102283,불참,2020-11-19
21,I0S53762,2102283,불참,2020-11-19
21,LH97552Q,2102283,찬성,2020-11-19
21,TKJ4800F,2102283,찬성,2020-11-19
21,O6D8329R,2102283,찬성,2020-11-19
21,04T3751T,2102283,찬성,2020-11-19
21,EVH1507C,2102283,찬성,2020-11-19
21,K5F2023J,2102283,불참,2020-11-19
21,N9X9673B,2102283,찬성,2020-11-19
21,5MD4184K,2102283,찬성,2020-11-19
21,TP066860,2102283,불참,2020-11-19
21,5K93695T,2102283,찬성,2020-11-19
21,DPZ7685X,2102283,찬성,2020-11-19
21,6U243644,2102283,찬성,2020-11-19
21,E9R4507P,2102283,찬성,2020-11-19
21,UHB5553T,2102283,찬성,2020-11-19
21,KFS1358P,2102283,찬성,2020-11-19
21,A494529E,2102283,찬성,2020-11-19
21,VRY5522V,2102283,찬성,2020-11-19
21,CAA7713A,2102283,기권,2020-11-19
21,0PK7354M,2102283,찬성,2020-11-19
21,CZB4125D,2102283,불참,2020-11-19
21,Z6R3959C,2102283,불참,2020-11-19
21,QUM8288K,2102283,불참,2020-11-19
21,UGH6481E,2102283,찬성,2020-11-19
21,S824682L,2102283,찬성,2020-11-19
21,W4X85128,2102283,불참,2020-11-19
21,CFE3998F,2102283,불참,2020-11-19
21,JZY9937U,2102283,찬성,2020-11-19
21,MRK4871S,2102283,불참,2020-11-19
21,YKW37422,2102283,불참,2020-11-19
21,2NV6751W,2102283,찬성,2020-11-19
21,BM63269Y,2102283,찬성,2020-11-19
21,M7O7878U,2102283,찬성,2020-11-19
21,YLS4431M,2102283,찬성,2020-11-19
21,MNZ4401T,2102283,찬성,2020-11-19
21,3ZR4438W,2102283,불참,2020-11-19
21,HSS7466Y,2102283,찬성,2020-11-19
21,16D7652C,2102283,찬성,2020-11-19
21,KB04377U,2102283,불참,2020-11-19
21,FU53642G,2102283,찬성,2020-11-19
21,MLH1404S,2102283,불참,2020-11-19
21,8VY63414,2102283,찬성,2020-11-19
21,XR24352K,2102283,찬성,2020-11-19
21,QQP4727N,2102283,찬성,2020-11-19
21,IUL4848V,2102283,찬성,2020-11-19
21,JEZ3130Q,2102283,찬성,2020-11-19
21,BCQ55105,2102283,찬성,2020-11-19
21,9L57027L,2102283,찬성,2020-11-19
21,GOC54665,2102283,찬성,2020-11-19
21,5UN9725L,2102283,불참,2020-11-19
21,LJK4960Z,2102283,찬성,2020-11-19
21,K3W33496,2102283,찬성,2020-11-19
21,M2Q9024I,2102283,불참,2020-11-19
21,DBA1057Z,2102283,찬성,2020-11-19
21,C7E79345,2102283,찬성,2020-11-19
21,4019850M,2102283,찬성,2020-11-19
21,UQ282145,2102283,찬성,2020-11-19
21,9YO73104,2102283,불참,2020-11-19
21,TRE2429O,2102283,찬성,2020-11-19
21,E6U4345C,2102283,찬성,2020-11-19
21,7BM2933Y,2102283,찬성,2020-11-19
21,2UD1340H,2102283,찬성,2020-11-19
21,9VR65006,2102283,불참,2020-11-19
21,EMC8812P,2102283,불참,2020-11-19
21,XJC13432,2102283,찬성,2020-11-19
21,T465023H,2102283,찬성,2020-11-19
21,3RW63706,2102283,찬성,2020-11-19
21,RQQ3807K,2102283,찬성,2020-11-19
21,FH777496,2102283,찬성,2020-11-19
21,FYI20317,2102283,찬성,2020-11-19
21,8X15119P,2102283,불참,2020-11-19
21,ZYP7962W,2102283,불참,2020-11-19
21,CNW5754J,2102283,찬성,2020-11-19
21,GX38539O,2102283,찬성,2020-11-19
21,8Q88373R,2102283,불참,2020-11-19
21,WVU2479T,2102283,찬성,2020-11-19
21,9D939735,2102283,찬성,2020-11-19
21,QTW6852F,2102283,찬성,2020-11-19
21,7XY7109I,2102283,찬성,2020-11-19
21,TST4507I,2102283,찬성,2020-11-19
21,JC14718Q,2102283,찬성,2020-11-19
21,5KV82250,2102283,찬성,2020-11-19
21,L7J93733,2102283,찬성,2020-11-19
21,LT72093S,2102283,찬성,2020-11-19
21,GE71932C,2102283,찬성,2020-11-19
21,6YT83269,2102283,찬성,2020-11-19
21,1MU99298,2102283,찬성,2020-11-19
21,G152611B,2102283,찬성,2020-11-19
21,I7R13867,2102283,찬성,2020-11-19
21,SQ36001H,2102283,찬성,2020-11-19
21,9LD2641Q,2102283,찬성,2020-11-19
21,FOK3459D,2102283,찬성,2020-11-19
21,QUO78839,2102283,찬성,2020-11-19
21,BT62420K,2102283,불참,2020-11-19
21,LPB30152,2102283,찬성,2020-11-19
21,MD083627,2102283,찬성,2020-11-19
21,TZP9391O,2102283,찬성,2020-11-19
21,6V37131U,2102283,찬성,2020-11-19
21,OSV9142K,2102283,찬성,2020-11-19
21,B7R2742J,2102283,찬성,2020-11-19
21,FJK3396E,2102283,찬성,2020-11-19
21,ZDP5704Q,2102283,찬성,2020-11-19
21,7O71647Z,2102283,찬성,2020-11-19
21,W1Q6753M,2102283,찬성,2020-11-19
21,MHK9919B,2102283,찬성,2020-11-19
21,E1J8836Y,2102283,찬성,2020-11-19
21,RD42006Y,2102283,찬성,2020-11-19
21,6EN68926,2102283,불참,2020-11-19
21,1BX7234U,2102283,찬성,2020-11-19
21,QHL3248U,2102283,찬성,2020-11-19
21,AE685067,2102283,찬성,2020-11-19
21,9S151177,2102283,찬성,2020-11-19
21,TZ228122,2102283,찬성,2020-11-19
21,9V18755A,2102283,찬성,2020-11-19
21,PO64874I,2102283,찬성,2020-11-19
21,USR7059P,2102283,찬성,2020-11-19
21,XA42275R,2102283,찬성,2020-11-19
21,ZKU88693,2102283,찬성,2020-11-19
21,D6U6678O,2102283,찬성,2020-11-19
21,RO593601,2102283,찬성,2020-11-19
21,14M56632,2102283,찬성,2020-11-19
21,J9S37905,2102283,불참,2020-11-19
21,O0I2045I,2102283,찬성,2020-11-19
21,CDL93608,2102283,찬성,2020-11-19
21,X7I4680R,2102283,찬성,2020-11-19
21,D0C85236,2102283,찬성,2020-11-19
21,XSP20229,2102283,찬성,2020-11-19
21,3249208I,2102283,찬성,2020-11-19
21,XEF29171,2102283,찬성,2020-11-19
21,DAV7257X,2102283,찬성,2020-11-19
21,17M85910,2102283,찬성,2020-11-19
21,G1570880,2102283,찬성,2020-11-19
21,TJW93720,2102283,찬성,2020-11-19
21,09I2323E,2102283,불참,2020-11-19
21,S741317G,2106263,반대,2020-12-09
21,2N793392,2106263,찬성,2020-12-09
21,WJL30106,2106263,찬성,2020-12-09
21,2385336L,2106263,찬성,2020-12-09
21,71J2365L,2106263,기권,2020-12-09
21,VG24001G,2106263,반대,2020-12-09
21,8SV6917G,2106263,반대,2020-12-09
21,21N57758,2106263,찬성,2020-12-09
21,PAO22428,2106263,불참,2020-12-09
21,JNL7001A,2106263,반대,2020-12-09
21,L7T64271,2106263,찬성,2020-12-09
21,GKD32201,2106263,찬성,2020-12-09
21,G7512472,2106263,찬성,2020-12-09
21,CCU1009B,2106263,찬성,2020-12-09
21,MU69217P,2106263,기권,2020-12-09
21,66W6739S,2106263,반대,2020-12-09
21,LM13674V,2106263,찬성,2020-12-09
21,QD25323M,2106263,찬성,2020-12-09
21,DAY6557K,2106263,반대,2020-12-09
21,GP07421U,2106263,찬성,2020-12-09
21,FGI27280,2106263,반대,2020-12-09
21,4XG1439M,2106263,찬성,2020-12-09
21,A0P4646G,2106263,반대,2020-12-09
21,7I09543O,2106263,찬성,2020-12-09
21,1X376850,2106263,반대,2020-12-09
21,3DK8989T,2106263,반대,2020-12-09
21,7469929V,2106263,기권,2020-12-09
21,D4L60530,2106263,찬성,2020-12-09
21,M6H1705E,2106263,찬성,2020-12-09
21,OFE45081,2106263,찬성,2020-12-09
21,NTT8182Q,2106263,찬성,2020-12-09
21,ZYH1940A,2106263,기권,2020-12-09
21,0VU8517U,2106263,불참,2020-12-09
21,HSW1214Q,2106263,반대,2020-12-09
21,NZF1659U,2106263,찬성,2020-12-09
21,WDS6044S,2106263,불참,2020-12-09
21,ZDR63255,2106263,찬성,2020-12-09
21,KR14136C,2106263,찬성,2020-12-09
21,SRP7336N,2106263,반대,2020-12-09
21,5765663F,2106263,불참,2020-12-09
21,GFF1986K,2106263,찬성,2020-12-09
21,KNM3215T,2106263,찬성,2020-12-09
21,M7T9712V,2106263,반대,2020-12-09
21,60490713,2106263,찬성,2020-12-09
21,UM51067K,2106263,찬성,2020-12-09
21,HKJ99607,2106263,찬성,2020-12-09
21,1WE5693J,2106263,찬성,2020-12-09
21,X3170462,2106263,반대,2020-12-09
21,8FB1535Y,2106263,찬성,2020-12-09
21,4T026790,2106263,찬성,2020-12-09
21,EH27538E,2106263,불참,2020-12-09
21,WFU14784,2106263,반대,2020-12-09
21,SU53086M,2106263,반대,2020-12-09
21,0WL9321T,2106263,찬성,2020-12-09
21,MR210505,2106263,반대,2020-12-09
21,GF286398,2106263,찬성,2020-12-09
21,8348421R,2106263,반대,2020-12-09
21,H5476989,2106263,찬성,2020-12-09
21,JQA21112,2106263,반대,2020-12-09
21,4L695580,2106263,찬성,2020-12-09
21,40E3739H,2106263,반대,2020-12-09
21,HXT76735,2106263,찬성,2020-12-09
21,RPN2293B,2106263,찬성,2020-12-09
21,0R68099X,2106263,찬성,2020-12-09
21,V429892C,2106263,찬성,2020-12-09
21,4A067125,2106263,찬성,2020-12-09
21,IN328264,2106263,찬성,2020-12-09
21,XBT9550Q,2106263,찬성,2020-12-09
21,ZA54991S,2106263,찬성,2020-12-09
21,MO52543L,2106263,찬성,2020-12-09
21,0827740Q,2106263,찬성,2020-12-09
21,0W194007,2106263,찬성,2020-12-09
21,X1K3667J,2106263,찬성,2020-12-09
21,WMG57662,2106263,반대,2020-12-09
21,I5I2468R,2106263,찬성,2020-12-09
21,WTR5885Y,2106263,찬성,2020-12-09
21,L5P27909,2106263,불참,2020-12-09
21,3425169D,2106263,찬성,2020-12-09
21,IOW1101J,2106263,반대,2020-12-09
21,ICH23251,2106263,기권,2020-12-09
21,25I8709Q,2106263,찬성,2020-12-09
21,OIA3741M,2106263,찬성,2020-12-09
21,XWX1513T,2106263,찬성,2020-12-09
21,CT85313K,2106263,반대,2020-12-09
21,BLC8630L,2106263,기권,2020-12-09
21,NQR1206Q,2106263,반대,2020-12-09
21,0767470D,2106263,찬성,2020-12-09
21,LG63087O,2106263,기권,2020-12-09
21,NAL4555X,2106263,불참,2020-12-09
21,PEP6922S,2106263,찬성,2020-12-09
21,DAN6731C,2106263,불참,2020-12-09
21,L2I9861C,2106263,기권,2020-12-09
21,WCD5518S,2106263,찬성,2020-12-09
21,SVH3899R,2106263,찬성,2020-12-09
21,I434361W,2106263,찬성,2020-12-09
21,IOW8224X,2106263,찬성,2020-12-09
21,9JF4562W,2106263,찬성,2020-12-09
21,Y7K5946R,2106263,불참,2020-12-09
21,Z7Y7827F,2106263,찬성,2020-12-09
21,ATB59635,2106263,찬성,2020-12-09
21,SBK1544B,2106263,반대,2020-12-09
21,KUO3574J,2106263,찬성,2020-12-09
21,FU87526G,2106263,찬성,2020-12-09
21,S9U45255,2106263,반대,2020-12-09
21,8FC9697X,2106263,불참,2020-12-09
21,QKO6165V,2106263,반대,2020-12-09
21,GD131760,2106263,불참,2020-12-09
21,ZRF3039U,2106263,반대,2020-12-09
21,V0O5343U,2106263,찬성,2020-12-09
21,68P7228G,2106263,찬성,2020-12-09
21,XPP2564T,2106263,찬성,2020-12-09
21,FRN1867O,2106263,찬성,2020-12-09
21,LQW3652K,2106263,반대,2020-12-09
21,PFG2137X,2106263,찬성,2020-12-09
21,UB114374,2106263,반대,2020-12-09
21,GAV6441G,2106263,반대,2020-12-09
21,0YT3774N,2106263,찬성,2020-12-09
21,7JC3239L,2106263,반대,2020-12-09
21,40S1959J,2106263,찬성,2020-12-09
21,IL74008M,2106263,찬성,2020-12-09
21,8KF7223D,2106263,찬성,2020-12-09
21,8P37634C,2106263,찬성,2020-12-09
21,CNZ51556,2106263,찬성,2020-12-09
21,N4R2421C,2106263,불참,2020-12-09
21,3C23171A,2106263,찬성,2020-12-09
21,GDG1847Z,2106263,불참,2020-12-09
21,P2N4585G,2106263,찬성,2020-12-09
21,LNR7932L,2106263,기권,2020-12-09
21,O7R5461J,2106263,찬성,2020-12-09
21,TVF3669B,2106263,불참,2020-12-09
21,JMY9959W,2106263,찬성,2020-12-09
21,7R156073,2106263,찬성,2020-12-09
21,6AR6743G,2106263,반대,2020-12-09
21,J2O8643H,2106263,찬성,2020-12-09
21,VCP96419,2106263,찬성,2020-12-09
21,6AU2417B,2106263,찬성,2020-12-09
21,8VJ8533R,2106263,기권,2020-12-09
21,B7D7534L,2106263,찬성,2020-12-09
21,GX22581L,2106263,반대,2020-12-09
21,SE233396,2106263,찬성,2020-12-09
21,AFH96856,2106263,찬성,2020-12-09
21,52P3934K,2106263,반대,2020-12-09
21,B7H6207C,2106263,반대,2020-12-09
21,6399076T,2106263,찬성,2020-12-09
21,4U29186R,2106263,찬성,2020-12-09
21,F5Y4026Q,2106263,불참,2020-12-09
21,WHV3448W,2106263,찬성,2020-12-09
21,1Y73132H,2106263,불참,2020-12-09
21,I0S53762,2106263,찬성,2020-12-09
21,LH97552Q,2106263,불참,2020-12-09
21,TKJ4800F,2106263,찬성,2020-12-09
21,O6D8329R,2106263,찬성,2020-12-09
21,04T3751T,2106263,찬성,2020-12-09
21,MSY7784L,2106263,불참,2020-12-09
21,EVH1507C,2106263,반대,2020-12-09
21,K5F2023J,2106263,찬성,2020-12-09
21,N9X9673B,2106263,불참,2020-12-09
21,5MD4184K,2106263,찬성,2020-12-09
21,TP066860,2106263,불참,2020-12-09
21,5K93695T,2106263,반대,2020-12-09
21,DPZ7685X,2106263,기권,2020-12-09
21,6U243644,2106263,기권,2020-12-09
21,UHB5553T,2106263,찬성,2020-12-09
21,KFS1358P,2106263,찬성,2020-12-09
21,A494529E,2106263,찬성,2020-12-09
21,VRY5522V,2106263,찬성,2020-12-09
21,CAA7713A,2106263,반대,2020-12-09
21,0PK7354M,2106263,찬성,2020-12-09
21,CZB4125D,2106263,불참,2020-12-09
21,Z6R3959C,2106263,반대,2020-12-09
21,QUM8288K,2106263,불참,2020-12-09
21,UGH6481E,2106263,기권,2020-12-09
21,S824682L,2106263,찬성,2020-12-09
21,W4X85128,2106263,반대,2020-12-09
21,Q9H5708M,2106263,찬성,2020-12-09
21,JZY9937U,2106263,찬성,2020-12-09
21,MRK4871S,2106263,반대,2020-12-09
21,YKW37422,2106263,반대,2020-12-09
21,2NV6751W,2106263,찬성,2020-12-09
21,BM63269Y,2106263,찬성,2020-12-09
21,M7O7878U,2106263,찬성,2020-12-09
21,YLS4431M,2106263,기권,2020-12-09
21,MNZ4401T,2106263,찬성,2020-12-09
21,3ZR4438W,2106263,불참,2020-12-09
21,16D7652C,2106263,찬성,2020-12-09
21,KB04377U,2106263,반대,2020-12-09
21,FU53642G,2106263,찬성,2020-12-09
21,MLH1404S,2106263,찬성,2020-12-09
21,8VY63414,2106263,반대,2020-12-09
21,XR24352K,2106263,찬성,2020-12-09
21,QQP4727N,2106263,찬성,2020-12-09
21,IUL4848V,2106263,반대,2020-12-09
21,JEZ3130Q,2106263,기권,2020-12-09
21,BCQ55105,2106263,찬성,2020-12-09
21,9L57027L,2106263,반대,2020-12-09
21,GOC54665,2106263,찬성,2020-12-09
21,LJK4960Z,2106263,반대,2020-12-09
21,K3W33496,2106263,찬성,2020-12-09
21,M2Q9024I,2106263,찬성,2020-12-09
21,DBA1057Z,2106263,불참,2020-12-09
21,CI15627C,2106263,찬성,2020-12-09
21,C7E79345,2106263,찬성,2020-12-09
21,4019850M,2106263,찬성,2020-12-09
21,UQ282145,2106263,찬성,2020-12-09
21,TRE2429O,2106263,찬성,2020-12-09
21,E6U4345C,2106263,찬성,2020-12-09
21,7BM2933Y,2106263,찬성,2020-12-09
21,2UD1340H,2106263,찬성,2020-12-09
21,EMC8812P,2106263,기권,2020-12-09
21,XJC13432,2106263,반대,2020-12-09
21,T465023H,2106263,찬성,2020-12-09
21,RQQ3807K,2106263,찬성,2020-12-09
21,FH777496,2106263,찬성,2020-12-09
21,FYI20317,2106263,찬성,2020-12-09
21,8X15119P,2106263,반대,2020-12-09
21,ZYP7962W,2106263,불참,2020-12-09
21,CNW5754J,2106263,반대,2020-12-09
21,GX38539O,2106263,불참,2020-12-09
21,8Q88373R,2106263,찬성,2020-12-09
21,WVU2479T,2106263,찬성,2020-12-09
21,9D939735,2106263,기권,2020-12-09
21,QTW6852F,2106263,불참,2020-12-09
21,7XY7109I,2106263,반대,2020-12-09
21,TST4507I,2106263,찬성,2020-12-09
21,JC14718Q,2106263,불참,2020-12-09
21,5KV82250,2106263,불참,2020-12-09
21,L7J93733,2106263,기권,2020-12-09
21,LT72093S,2106263,찬성,2020-12-09
21,GE71932C,2106263,찬성,2020-12-09
21,6YT83269,2106263,찬성,2020-12-09
21,1MU99298,2106263,찬성,2020-12-09
21,FDC3144T,2106263,반대,2020-12-09
21,G152611B,2106263,반대,2020-12-09
21,I7R13867,2106263,찬성,2020-12-09
21,SQ36001H,2106263,찬성,2020-12-09
21,9LD2641Q,2106263,찬성,2020-12-09
21,FOK3459D,2106263,찬성,2020-12-09
21,QUO78839,2106263,찬성,2020-12-09
21,BT62420K,2106263,찬성,2020-12-09
21,LPB30152,2106263,찬성,2020-12-09
21,MD083627,2106263,찬성,2020-12-09
21,TZP9391O,2106263,불참,2020-12-09
21,6V37131U,2106263,불참,2020-12-09
21,B7R2742J,2106263,찬성,2020-12-09
21,FJK3396E,2106263,찬성,2020-12-09
21,7O71647Z,2106263,찬성,2020-12-09
21,W1Q6753M,2106263,반대,2020-12-09
21,E1J8836Y,2106263,반대,2020-12-09
21,RD42006Y,2106263,찬성,2020-12-09
21,6EN68926,2106263,반대,2020-12-09
21,1BX7234U,2106263,찬성,2020-12-09
21,QHL3248U,2106263,찬성,2020-12-09
21,AE685067,2106263,찬성,2020-12-09
21,9S151177,2106263,기권,2020-12-09
21,TZ228122,2106263,찬성,2020-12-09
21,9V18755A,2106263,찬성,2020-12-09
21,PO64874I,2106263,불참,2020-12-09
21,4X525582,2106263,반대,2020-12-09
21,XA42275R,2106263,찬성,2020-12-09
21,USR7059P,2106263,반대,2020-12-09
21,P2N50879,2106263,찬성,2020-12-09
21,A2V51235,2106263,반대,2020-12-09
21,09I2323E,2106263,찬성,2020-12-09
21,A3H7195R,2106263,찬성,2020-12-09
21,M0A1658U,2106263,찬성,2020-12-09
21,3BC6890E,2106263,반대,2020-12-09
21,ZKU88693,2106263,찬성,2020-12-09
21,5KV96424,2106263,찬성,2020-12-09
21,MY318392,2106263,찬성,2020-12-09
21,PZA4062H,2106263,찬성,2020-12-09
21,NCP9875N,2106263,반대,2020-12-09
21,6MO8786S,2106263,반대,2020-12-09
21,OW53107J,2106263,찬성,2020-12-09
21,D6U6678O,2106263,찬성,2020-12-09
21,P0F1530P,2106263,불참,2020-12-09
21,RO593601,2106263,찬성,2020-12-09
21,14M56632,2106263,반대,2020-12-09
21,E9R4507P,2106263,반대,2020-12-09
21,J9S37905,2106263,반대,2020-12-09
21,O0I2045I,2106263,찬성,2020-12-09
21,CFE3998F,2106263,불참,2020-12-09
21,HSS7466Y,2106263,찬성,2020-12-09
21,5UN9725L,2106263,반대,2020-12-09
21,9YO73104,2106263,찬성,2020-12-09
21,CDL93608,2106263,찬성,2020-12-09
21,9VR65006,2106263,불참,2020-12-09
21,X7I4680R,2106263,반대,2020-12-09
21,D0C85236,2106263,찬성,2020-12-09
21,XSP20229,2106263,찬성,2020-12-09
21,3RW63706,2106263,반대,2020-12-09
21,3249208I,2106263,찬성,2020-12-09
21,XEF29171,2106263,찬성,2020-12-09
21,DAV7257X,2106263,찬성,2020-12-09
21,17M85910,2106263,찬성,2020-12-09
21,G1570880,2106263,찬성,2020-12-09
21,OSV9142K,2106263,반대,2020-12-09
21,ZDP5704Q,2106263,반대,2020-12-09
21,MHK9919B,2106263,반대,2020-12-09
21,TJW93720,2106263,기권,2020-12-09
21,3TO11703,2106263,찬성,2020-12-09
21,LPB30152,2116615,찬성,2022-07-22
21,MD083627,2116615,찬성,2022-07-22
21,TZP9391O,2116615,찬성,2022-07-22
21,OSV9142K,2116615,찬성,2022-07-22
21,W1Q6753M,2116615,불참,2022-07-22
21,E1J8836Y,2116615,불참,2022-07-22
21,RD42006Y,2116615,불참,2022-07-22
21,6EN68926,2116615,찬성,2022-07-22
21,1BX7234U,2116615,불참,2022-07-22
21,QHL3248U,2116615,찬성,2022-07-22
21,TJW93720,2116615,찬성,2022-07-22
21,9S151177,2116615,불참,2022-07-22
21,9V18755A,2116615,찬성,2022-07-22
21,XA42275R,2116615,불참,2022-07-22
21,VHK3402G,2116615,불참,2022-07-22
21,UB114374,2116615,찬성,2022-07-22
21,GAV6441G,2116615,반대,2022-07-22
21,8KF7223D,2116615,불참,2022-07-22
21,CNZ51556,2116615,찬성,2022-07-22
21,N4R2421C,2116615,찬성,2022-07-22
21,GDG1847Z,2116615,찬성,2022-07-22
21,O7R5461J,2116615,찬성,2022-07-22
21,JMY9959W,2116615,찬성,2022-07-22
21,6AR6743G,2116615,불참,2022-07-22
21,6AU2417B,2116615,찬성,2022-07-22
21,B7D7534L,2116615,불참,2022-07-22
21,GX22581L,2116615,찬성,2022-07-22
21,AFH96856,2116615,불참,2022-07-22
21,6399076T,2116615,불참,2022-07-22
21,4U29186R,2116615,불참,2022-07-22
21,WHV3448W,2116615,찬성,2022-07-22
21,6RD62559,2116615,찬성,2022-07-22
21,EVH1507C,2116615,찬성,2022-07-22
21,14M56632,2116615,불참,2022-07-22
21,5K93695T,2116615,찬성,2022-07-22
21,DPZ7685X,2116615,찬성,2022-07-22
21,E9R4507P,2116615,불참,2022-07-22
21,KFS1358P,2116615,찬성,2022-07-22
21,CAA7713A,2116615,찬성,2022-07-22
21,CZB4125D,2116615,불참,2022-07-22
21,S824682L,2116615,찬성,2022-07-22
21,MRK4871S,2116615,불참,2022-07-22
21,2NV6751W,2116615,불참,2022-07-22
21,BM63269Y,2116615,불참,2022-07-22
21,M7O7878U,2116615,찬성,2022-07-22
21,YLS4431M,2116615,기권,2022-07-22
21,3ZR4438W,2116615,찬성,2022-07-22
21,16D7652C,2116615,찬성,2022-07-22
21,XR24352K,2116615,찬성,2022-07-22
21,GOC54665,2116615,불참,2022-07-22
21,LJK4960Z,2116615,불참,2022-07-22
21,IUD9392R,2116615,찬성,2022-07-22
21,UQ282145,2116615,불참,2022-07-22
21,7BM2933Y,2116615,찬성,2022-07-22
21,CDL93608,2116615,찬성,2022-07-22
21,2UD1340H,2116615,불참,2022-07-22
21,9VR65006,2116615,불참,2022-07-22
21,EMC8812P,2116615,찬성,2022-07-22
21,XJC13432,2116615,찬성,2022-07-22
21,XSP20229,2116615,찬성,2022-07-22
21,3RW63706,2116615,찬성,2022-07-22
21,FYI20317,2116615,찬성,2022-07-22
21,ZYP7962W,2116615,불참,2022-07-22
21,CNW5754J,2116615,불참,2022-07-22
21,XEF29171,2116615,찬성,2022-07-22
21,9D939735,2116615,찬성,2022-07-22
21,QTW6852F,2116615,찬성,2022-07-22
21,TST4507I,2116615,불참,2022-07-22
21,5KV82250,2116615,불참,2022-07-22
21,L7J93733,2116615,찬성,2022-07-22
21,DAV7257X,2116615,찬성,2022-07-22
21,LT72093S,2116615,찬성,2022-07-22
21,1MU99298,2116615,찬성,2022-07-22
21,FDC3144T,2116615,찬성,2022-07-22
21,G152611B,2116615,불참,2022-07-22
21,I7R13867,2116615,찬성,2022-07-22
21,FOK3459D,2116615,찬성,2022-07-22
21,QUO78839,2116615,찬성,2022-07-22
21,BT62420K,2116615,불참,2022-07-22
21,F5U2979W,2116615,찬성,2022-07-22
21,DWK26447,2116615,찬성,2022-07-22
21,NUB4941Z,2116615,찬성,2022-07-22
21,NLR6572J,2116615,찬성,2022-07-22
21,S741317G,2116615,찬성,2022-07-22
21,2N793392,2116615,찬성,2022-07-22
21,LM13674V,2116615,찬성,2022-07-22
21,QD25323M,2116615,불참,2022-07-22
21,JVB6983V,2116615,찬성,2022-07-22
21,GP07421U,2116615,찬성,2022-07-22
21,USR7059P,2116615,찬성,2022-07-22
21,4XG1439M,2116615,불참,2022-07-22
21,P2N50879,2116615,불참,2022-07-22
21,A2V51235,2116615,반대,2022-07-22
21,7469929V,2116615,찬성,2022-07-22
21,D4L60530,2116615,찬성,2022-07-22
21,M6H1705E,2116615,불참,2022-07-22
21,NTT8182Q,2116615,찬성,2022-07-22
21,ZYH1940A,2116615,불참,2022-07-22
21,0VU8517U,2116615,찬성,2022-07-22
21,M0A1658U,2116615,찬성,2022-07-22
21,3BC6890E,2116615,불참,2022-07-22
21,ZDR63255,2116615,찬성,2022-07-22
21,GFF1986K,2116615,찬성,2022-07-22
21,5KV96424,2116615,찬성,2022-07-22
21,60490713,2116615,불참,2022-07-22
21,HKJ99607,2116615,불참,2022-07-22
21,SU53086M,2116615,불참,2022-07-22
21,MR210505,2116615,불참,2022-07-22
21,GF286398,2116615,찬성,2022-07-22
21,H5476989,2116615,찬성,2022-07-22
21,4L695580,2116615,찬성,2022-07-22
21,40E3739H,2116615,불참,2022-07-22
21,HXT76735,2116615,찬성,2022-07-22
21,RPN2293B,2116615,찬성,2022-07-22
21,MQU41854,2116615,찬성,2022-07-22
21,V429892C,2116615,불참,2022-07-22
21,IN328264,2116615,찬성,2022-07-22
21,ZA54991S,2116615,찬성,2022-07-22
21,NCP9875N,2116615,불참,2022-07-22
21,I5I2468R,2116615,찬성,2022-07-22
21,WTR5885Y,2116615,불참,2022-07-22
21,IOW1101J,2116615,찬성,2022-07-22
21,25I8709Q,2116615,찬성,2022-07-22
21,OIA3741M,2116615,찬성,2022-07-22
21,6MO8786S,2116615,찬성,2022-07-22
21,XWX1513T,2116615,불참,2022-07-22
21,CT85313K,2116615,찬성,2022-07-22
21,NQR1206Q,2116615,찬성,2022-07-22
21,LG63087O,2116615,불참,2022-07-22
21,L2I9861C,2116615,찬성,2022-07-22
21,WCD5518S,2116615,찬성,2022-07-22
21,SVH3899R,2116615,불참,2022-07-22
21,IOW8224X,2116615,불참,2022-07-22
21,ATB59635,2116615,찬성,2022-07-22
21,SBK1544B,2116615,찬성,2022-07-22
21,KUO3574J,2116615,찬성,2022-07-22
21,D6U6678O,2116615,찬성,2022-07-22
21,QKO6165V,2116615,불참,2022-07-22
21,GD131760,2116615,찬성,2022-07-22
21,ZRF3039U,2116615,찬성,2022-07-22
21,V0O5343U,2116615,불참,2022-07-22
21,P0F1530P,2116615,불참,2022-07-22
21,PFG2137X,2116615,찬성,2022-07-22
21,YOG1280B,2116615,찬성,2022-07-22
21,FIC9046Z,2116615,찬성,2022-07-22
21,KFM1081G,2116615,찬성,2022-07-22
21,YTA7297R,2116615,찬성,2022-07-22
21,JNL7001A,2116615,불참,2022-07-22
21,L7T64271,2116615,찬성,2022-07-22
21,4X525582,2116615,찬성,2022-07-22
21,GKD32201,2116615,찬성,2022-07-22
21,G7512472,2116615,찬성,2022-07-22
21,3TO11703,2116615,불참,2022-07-22
21,CCU1009B,2116615,찬성,2022-07-22
21,MU69217P,2116615,찬성,2022-07-22
21,66W6739S,2116615,기권,2022-07-22
21,DAY6557K,2116615,찬성,2022-07-22
21,FGI27280,2116615,불참,2022-07-22
21,A0P4646G,2116615,찬성,2022-07-22
21,7I09543O,2116615,찬성,2022-07-22
21,3DK8989T,2116615,찬성,2022-07-22
21,OFE45081,2116615,반대,2022-07-22
21,09I2323E,2116615,찬성,2022-07-22
21,A3H7195R,2116615,찬성,2022-07-22
21,HSW1214Q,2116615,찬성,2022-07-22
21,NZF1659U,2116615,찬성,2022-07-22
21,WDS6044S,2116615,찬성,2022-07-22
21,KR14136C,2116615,불참,2022-07-22
21,SRP7336N,2116615,찬성,2022-07-22
21,5765663F,2116615,찬성,2022-07-22
21,ZKU88693,2116615,찬성,2022-07-22
21,WJL30106,2116615,불참,2022-07-22
21,KNM3215T,2116615,불참,2022-07-22
21,M7T9712V,2116615,찬성,2022-07-22
21,UM51067K,2116615,찬성,2022-07-22
21,1WE5693J,2116615,찬성,2022-07-22
21,X3170462,2116615,불참,2022-07-22
21,MY318392,2116615,불참,2022-07-22
21,8FB1535Y,2116615,찬성,2022-07-22
21,4T026790,2116615,찬성,2022-07-22
21,EH27538E,2116615,불참,2022-07-22
21,WFU14784,2116615,불참,2022-07-22
21,0WL9321T,2116615,불참,2022-07-22
21,PZA4062H,2116615,불참,2022-07-22
21,8348421R,2116615,찬성,2022-07-22
21,JQA21112,2116615,찬성,2022-07-22
21,0R68099X,2116615,찬성,2022-07-22
21,6RM29022,2116615,찬성,2022-07-22
21,2385336L,2116615,찬성,2022-07-22
21,XBT9550Q,2116615,찬성,2022-07-22
21,MO52543L,2116615,불참,2022-07-22
21,0827740Q,2116615,찬성,2022-07-22
21,0W194007,2116615,찬성,2022-07-22
21,X1K3667J,2116615,찬성,2022-07-22
21,WMG57662,2116615,불참,2022-07-22
21,3425169D,2116615,찬성,2022-07-22
21,ICH23251,2116615,반대,2022-07-22
21,BLC8630L,2116615,찬성,2022-07-22
21,OW53107J,2116615,불참,2022-07-22
21,PEP6922S,2116615,불참,2022-07-22
21,DAN6731C,2116615,불참,2022-07-22
21,VG24001G,2116615,불참,2022-07-22
21,9JF4562W,2116615,찬성,2022-07-22
21,Y7K5946R,2116615,불참,2022-07-22
21,Z7Y7827F,2116615,찬성,2022-07-22
21,FU87526G,2116615,불참,2022-07-22
21,S9U45255,2116615,찬성,2022-07-22
21,8SV6917G,2116615,불참,2022-07-22
21,8FC9697X,2116615,찬성,2022-07-22
21,68P7228G,2116615,불참,2022-07-22
21,XPP2564T,2116615,찬성,2022-07-22
21,FRN1867O,2116615,찬성,2022-07-22
21,LQW3652K,2116615,기권,2022-07-22
21,RO593601,2116615,찬성,2022-07-22
21,0YT3774N,2116615,불참,2022-07-22
21,7JC3239L,2116615,찬성,2022-07-22
21,40S1959J,2116615,찬성,2022-07-22
21,IL74008M,2116615,불참,2022-07-22
21,8P37634C,2116615,찬성,2022-07-22
21,3C23171A,2116615,찬성,2022-07-22
21,P2N4585G,2116615,찬성,2022-07-22
21,7R156073,2116615,찬성,2022-07-22
21,J2O8643H,2116615,불참,2022-07-22
21,VCP96419,2116615,찬성,2022-07-22
21,8VJ8533R,2116615,찬성,2022-07-22
21,SE233396,2116615,불참,2022-07-22
21,52P3934K,2116615,찬성,2022-07-22
21,B7H6207C,2116615,찬성,2022-07-22
21,F5Y4026Q,2116615,불참,2022-07-22
21,1Y73132H,2116615,찬성,2022-07-22
21,I0S53762,2116615,찬성,2022-07-22
21,LH97552Q,2116615,찬성,2022-07-22
21,TKJ4800F,2116615,찬성,2022-07-22
21,O6D8329R,2116615,찬성,2022-07-22
21,04T3751T,2116615,찬성,2022-07-22
21,MSY7784L,2116615,불참,2022-07-22
21,K5F2023J,2116615,찬성,2022-07-22
21,N9X9673B,2116615,불참,2022-07-22
21,5MD4184K,2116615,찬성,2022-07-22
21,6U243644,2116615,찬성,2022-07-22
21,UHB5553T,2116615,불참,2022-07-22
21,J9S37905,2116615,찬성,2022-07-22
21,A494529E,2116615,찬성,2022-07-22
21,VRY5522V,2116615,반대,2022-07-22
21,0PK7354M,2116615,찬성,2022-07-22
21,O0I2045I,2116615,찬성,2022-07-22
21,Z6R3959C,2116615,찬성,2022-07-22
21,QUM8288K,2116615,불참,2022-07-22
21,UGH6481E,2116615,불참,2022-07-22
21,W4X85128,2116615,찬성,2022-07-22
21,Q9H5708M,2116615,찬성,2022-07-22
21,JZY9937U,2116615,찬성,2022-07-22
21,YKW37422,2116615,불참,2022-07-22
21,MNZ4401T,2116615,찬성,2022-07-22
21,HSS7466Y,2116615,찬성,2022-07-22
21,KB04377U,2116615,찬성,2022-07-22
21,FU53642G,2116615,찬성,2022-07-22
21,MLH1404S,2116615,불참,2022-07-22
21,8VY63414,2116615,불참,2022-07-22
21,QQP4727N,2116615,불참,2022-07-22
21,JEZ3130Q,2116615,찬성,2022-07-22
21,BCQ55105,2116615,찬성,2022-07-22
21,9L57027L,2116615,찬성,2022-07-22
21,5UN9725L,2116615,찬성,2022-07-22
21,K3W33496,2116615,찬성,2022-07-22
21,M2Q9024I,2116615,불참,2022-07-22
21,DBA1057Z,2116615,불참,2022-07-22
21,CI15627C,2116615,찬성,2022-07-22
21,C7E79345,2116615,찬성,2022-07-22
21,4019850M,2116615,찬성,2022-07-22
21,9YO73104,2116615,불참,2022-07-22
21,TRE2429O,2116615,불참,2022-07-22
21,E6U4345C,2116615,찬성,2022-07-22
21,X7I4680R,2116615,찬성,2022-07-22
21,T465023H,2116615,불참,2022-07-22
21,RQQ3807K,2116615,찬성,2022-07-22
21,FH777496,2116615,찬성,2022-07-22
21,8X15119P,2116615,찬성,2022-07-22
21,3249208I,2116615,찬성,2022-07-22
21,GX38539O,2116615,찬성,2022-07-22
21,8Q88373R,2116615,불참,2022-07-22
21,WVU2479T,2116615,찬성,2022-07-22
21,7XY7109I,2116615,찬성,2022-07-22
21,JC14718Q,2116615,찬성,2022-07-22
21,GE71932C,2116615,불참,2022-07-22
21,6YT83269,2116615,찬성,2022-07-22
21,17M85910,2116615,찬성,2022-07-22
21,SQ36001H,2116615,찬성,2022-07-22
21,G1570880,2116615,찬성,2022-07-22
21,9LD2641Q,2116615,찬성,2022-07-22
21,6V37131U,2116615,불참,2022-07-22
21,B7R2742J,2116615,찬성,2022-07-22
21,FJK3396E,2116615,찬성,2022-07-22
21,ZDP5704Q,2116615,불참,2022-07-22
21,71J2365L,2116615,불참,2022-07-22
21,7O71647Z,2116615,불참,2022-07-22
21,TZ228122,2116615,찬성,2022-07-22
21,PO64874I,2116615,불참,2022-07-22
21,LBC8144B,2116615,불참,2022-07-22
21,8VJ8533R,2118385,찬성,2023-07-27
21,B7D7534L,2118385,찬성,2023-07-27
21,52P3934K,2118385,불참,2023-07-27
21,6399076T,2118385,찬성,2023-07-27
21,4U29186R,2118385,찬성,2023-07-27
21,WHV3448W,2118385,찬성,2023-07-27
21,04T3751T,2118385,찬성,2023-07-27
21,N9X9673B,2118385,찬성,2023-07-27
21,E9R4507P,2118385,찬성,2023-07-27
21,J9S37905,2118385,불참,2023-07-27
21,0PK7354M,2118385,찬성,2023-07-27
21,Z6R3959C,2118385,찬성,2023-07-27
21,UGH6481E,2118385,찬성,2023-07-27
21,JZY9937U,2118385,찬성,2023-07-27
21,YKW37422,2118385,불참,2023-07-27
21,KB04377U,2118385,찬성,2023-07-27
21,FU53642G,2118385,찬성,2023-07-27
21,MLH1404S,2118385,불참,2023-07-27
21,IUD9392R,2118385,불참,2023-07-27
21,M2Q9024I,2118385,찬성,2023-07-27
21,DBA1057Z,2118385,찬성,2023-07-27
21,CI15627C,2118385,찬성,2023-07-27
21,UQ282145,2118385,찬성,2023-07-27
21,TRE2429O,2118385,찬성,2023-07-27
21,9VR65006,2118385,불참,2023-07-27
21,EMC8812P,2118385,찬성,2023-07-27
21,T465023H,2118385,찬성,2023-07-27
21,RQQ3807K,2118385,찬성,2023-07-27
21,ZYP7962W,2118385,불참,2023-07-27
21,CNW5754J,2118385,찬성,2023-07-27
21,8Q88373R,2118385,불참,2023-07-27
21,7XY7109I,2118385,불참,2023-07-27
21,JC14718Q,2118385,찬성,2023-07-27
21,5KV82250,2118385,찬성,2023-07-27
21,LT72093S,2118385,찬성,2023-07-27
21,FDC3144T,2118385,찬성,2023-07-27
21,9LD2641Q,2118385,불참,2023-07-27
21,MD083627,2118385,찬성,2023-07-27
21,OSV9142K,2118385,찬성,2023-07-27
21,B7R2742J,2118385,찬성,2023-07-27
21,71J2365L,2118385,찬성,2023-07-27
21,7O71647Z,2118385,찬성,2023-07-27
21,E1J8836Y,2118385,찬성,2023-07-27
21,TJW93720,2118385,찬성,2023-07-27
21,9S151177,2118385,찬성,2023-07-27
21,PO64874I,2118385,불참,2023-07-27
21,DWK26447,2118385,찬성,2023-07-27
21,S741317G,2118385,찬성,2023-07-27
21,2N793392,2118385,찬성,2023-07-27
21,66W6739S,2118385,불참,2023-07-27
21,QD25323M,2118385,찬성,2023-07-27
21,DAY6557K,2118385,찬성,2023-07-27
21,USR7059P,2118385,불참,2023-07-27
21,P2N50879,2118385,찬성,2023-07-27
21,A0P4646G,2118385,찬성,2023-07-27
21,A2V51235,2118385,찬성,2023-07-27
21,7I09543O,2118385,찬성,2023-07-27
21,7469929V,2118385,찬성,2023-07-27
21,D4L60530,2118385,찬성,2023-07-27
21,OFE45081,2118385,찬성,2023-07-27
21,SRP7336N,2118385,불참,2023-07-27
21,ZKU88693,2118385,불참,2023-07-27
21,M7T9712V,2118385,불참,2023-07-27
21,60490713,2118385,찬성,2023-07-27
21,HKJ99607,2118385,찬성,2023-07-27
21,1WE5693J,2118385,찬성,2023-07-27
21,MY318392,2118385,찬성,2023-07-27
21,8FB1535Y,2118385,찬성,2023-07-27
21,WFU14784,2118385,찬성,2023-07-27
21,SU53086M,2118385,찬성,2023-07-27
21,4L695580,2118385,찬성,2023-07-27
21,RPN2293B,2118385,불참,2023-07-27
21,MQU41854,2118385,찬성,2023-07-27
21,V429892C,2118385,찬성,2023-07-27
21,ZA54991S,2118385,찬성,2023-07-27
21,0827740Q,2118385,찬성,2023-07-27
21,0W194007,2118385,찬성,2023-07-27
21,NCP9875N,2118385,찬성,2023-07-27
21,I5I2468R,2118385,찬성,2023-07-27
21,3425169D,2118385,찬성,2023-07-27
21,CT85313K,2118385,찬성,2023-07-27
21,BLC8630L,2118385,불참,2023-07-27
21,NQR1206Q,2118385,찬성,2023-07-27
21,DAN6731C,2118385,찬성,2023-07-27
21,VG24001G,2118385,찬성,2023-07-27
21,WCD5518S,2118385,찬성,2023-07-27
21,SVH3899R,2118385,찬성,2023-07-27
21,KUO3574J,2118385,찬성,2023-07-27
21,D6U6678O,2118385,찬성,2023-07-27
21,FU87526G,2118385,불참,2023-07-27
21,S9U45255,2118385,불참,2023-07-27
21,8FC9697X,2118385,불참,2023-07-27
21,QKO6165V,2118385,불참,2023-07-27
21,GD131760,2118385,찬성,2023-07-27
21,ZRF3039U,2118385,찬성,2023-07-27
21,68P7228G,2118385,찬성,2023-07-27
21,P0F1530P,2118385,불참,2023-07-27
21,LQW3652K,2118385,찬성,2023-07-27
21,GAV6441G,2118385,찬성,2023-07-27
21,0YT3774N,2118385,불참,2023-07-27
21,40S1959J,2118385,불참,2023-07-27
21,IL74008M,2118385,찬성,2023-07-27
21,8KF7223D,2118385,불참,2023-07-27
21,CNZ51556,2118385,찬성,2023-07-27
21,N4R2421C,2118385,불참,2023-07-27
21,3C23171A,2118385,찬성,2023-07-27
21,GDG1847Z,2118385,불참,2023-07-27
21,P2N4585G,2118385,찬성,2023-07-27
21,VCP96419,2118385,찬성,2023-07-27
21,6AU2417B,2118385,불참,2023-07-27
21,F5U2979W,2118385,찬성,2023-07-27
21,YOG1280B,2118385,찬성,2023-07-27
21,FIC9046Z,2118385,찬성,2023-07-27
21,NUB4941Z,2118385,찬성,2023-07-27
21,KFM1081G,2118385,찬성,2023-07-27
21,NLR6572J,2118385,찬성,2023-07-27
21,YTA7297R,2118385,찬성,2023-07-27
21,L7T64271,2118385,불참,2023-07-27
21,4X525582,2118385,불참,2023-07-27
21,GKD32201,2118385,불참,2023-07-27
21,G7512472,2118385,찬성,2023-07-27
21,3TO11703,2118385,찬성,2023-07-27
21,CCU1009B,2118385,찬성,2023-07-27
21,MU69217P,2118385,불참,2023-07-27
21,LM13674V,2118385,찬성,2023-07-27
21,JVB6983V,2118385,찬성,2023-07-27
21,GP07421U,2118385,찬성,2023-07-27
21,FGI27280,2118385,찬성,2023-07-27
21,4XG1439M,2118385,불참,2023-07-27
21,3DK8989T,2118385,찬성,2023-07-27
21,M6H1705E,2118385,찬성,2023-07-27
21,09I2323E,2118385,찬성,2023-07-27
21,NTT8182Q,2118385,찬성,2023-07-27
21,A3H7195R,2118385,찬성,2023-07-27
21,ZYH1940A,2118385,찬성,2023-07-27
21,0VU8517U,2118385,불참,2023-07-27
21,M0A1658U,2118385,불참,2023-07-27
21,HSW1214Q,2118385,찬성,2023-07-27
21,NZF1659U,2118385,찬성,2023-07-27
21,WDS6044S,2118385,불참,2023-07-27
21,3BC6890E,2118385,불참,2023-07-27
21,ZDR63255,2118385,찬성,2023-07-27
21,KR14136C,2118385,불참,2023-07-27
21,5765663F,2118385,찬성,2023-07-27
21,GFF1986K,2118385,찬성,2023-07-27
21,WJL30106,2118385,불참,2023-07-27
21,5KV96424,2118385,찬성,2023-07-27
21,KNM3215T,2118385,불참,2023-07-27
21,UM51067K,2118385,찬성,2023-07-27
21,X3170462,2118385,불참,2023-07-27
21,4T026790,2118385,찬성,2023-07-27
21,EH27538E,2118385,찬성,2023-07-27
21,0WL9321T,2118385,찬성,2023-07-27
21,PZA4062H,2118385,찬성,2023-07-27
21,MR210505,2118385,찬성,2023-07-27
21,GF286398,2118385,찬성,2023-07-27
21,8348421R,2118385,찬성,2023-07-27
21,H5476989,2118385,찬성,2023-07-27
21,JQA21112,2118385,불참,2023-07-27
21,40E3739H,2118385,찬성,2023-07-27
21,6FS10566,2118385,찬성,2023-07-27
21,HXT76735,2118385,불참,2023-07-27
21,0R68099X,2118385,찬성,2023-07-27
21,6RM29022,2118385,찬성,2023-07-27
21,2385336L,2118385,찬성,2023-07-27
21,IN328264,2118385,불참,2023-07-27
21,XBT9550Q,2118385,찬성,2023-07-27
21,MO52543L,2118385,찬성,2023-07-27
21,X1K3667J,2118385,찬성,2023-07-27
21,WMG57662,2118385,찬성,2023-07-27
21,WTR5885Y,2118385,찬성,2023-07-27
21,IOW1101J,2118385,찬성,2023-07-27
21,ICH23251,2118385,찬성,2023-07-27
21,25I8709Q,2118385,찬성,2023-07-27
21,OIA3741M,2118385,찬성,2023-07-27
21,6MO8786S,2118385,불참,2023-07-27
21,XWX1513T,2118385,찬성,2023-07-27
21,LG63087O,2118385,불참,2023-07-27
21,OW53107J,2118385,찬성,2023-07-27
21,PEP6922S,2118385,찬성,2023-07-27
21,L2I9861C,2118385,찬성,2023-07-27
21,IOW8224X,2118385,찬성,2023-07-27
21,9JF4562W,2118385,찬성,2023-07-27
21,Y7K5946R,2118385,찬성,2023-07-27
21,Z7Y7827F,2118385,찬성,2023-07-27
21,ATB59635,2118385,불참,2023-07-27
21,SBK1544B,2118385,불참,2023-07-27
21,8SV6917G,2118385,불참,2023-07-27
21,V0O5343U,2118385,찬성,2023-07-27
21,XPP2564T,2118385,불참,2023-07-27
21,FRN1867O,2118385,불참,2023-07-27
21,RO593601,2118385,찬성,2023-07-27
21,PFG2137X,2118385,찬성,2023-07-27
21,UB114374,2118385,찬성,2023-07-27
21,7JC3239L,2118385,찬성,2023-07-27
21,8P37634C,2118385,불참,2023-07-27
21,O7R5461J,2118385,불참,2023-07-27
21,JMY9959W,2118385,불참,2023-07-27
21,7R156073,2118385,불참,2023-07-27
21,6AR6743G,2118385,불참,2023-07-27
21,J2O8643H,2118385,찬성,2023-07-27
21,GX22581L,2118385,불참,2023-07-27
21,SE233396,2118385,불참,2023-07-27
21,AFH96856,2118385,찬성,2023-07-27
21,B7H6207C,2118385,찬성,2023-07-27
21,F5Y4026Q,2118385,찬성,2023-07-27
21,6RD62559,2118385,찬성,2023-07-27
21,1Y73132H,2118385,찬성,2023-07-27
21,I0S53762,2118385,불참,2023-07-27
21,LH97552Q,2118385,찬성,2023-07-27
21,TKJ4800F,2118385,찬성,2023-07-27
21,O6D8329R,2118385,찬성,2023-07-27
21,MSY7784L,2118385,찬성,2023-07-27
21,EVH1507C,2118385,찬성,2023-07-27
21,K5F2023J,2118385,기권,2023-07-27
21,14M56632,2118385,불참,2023-07-27
21,5MD4184K,2118385,찬성,2023-07-27
21,5K93695T,2118385,찬성,2023-07-27
21,DPZ7685X,2118385,불참,2023-07-27
21,6U243644,2118385,찬성,2023-07-27
21,UHB5553T,2118385,찬성,2023-07-27
21,KFS1358P,2118385,찬성,2023-07-27
21,A494529E,2118385,찬성,2023-07-27
21,VRY5522V,2118385,찬성,2023-07-27
21,CAA7713A,2118385,찬성,2023-07-27
21,O0I2045I,2118385,찬성,2023-07-27
21,CZB4125D,2118385,불참,2023-07-27
21,QUM8288K,2118385,불참,2023-07-27
21,S824682L,2118385,찬성,2023-07-27
21,W4X85128,2118385,찬성,2023-07-27
21,Q9H5708M,2118385,불참,2023-07-27
21,MRK4871S,2118385,불참,2023-07-27
21,2NV6751W,2118385,찬성,2023-07-27
21,BM63269Y,2118385,찬성,2023-07-27
21,M7O7878U,2118385,불참,2023-07-27
21,YLS4431M,2118385,불참,2023-07-27
21,MNZ4401T,2118385,불참,2023-07-27
21,3ZR4438W,2118385,찬성,2023-07-27
21,HSS7466Y,2118385,찬성,2023-07-27
21,16D7652C,2118385,찬성,2023-07-27
21,8VY63414,2118385,찬성,2023-07-27
21,XR24352K,2118385,찬성,2023-07-27
21,QQP4727N,2118385,찬성,2023-07-27
21,JEZ3130Q,2118385,불참,2023-07-27
21,BCQ55105,2118385,찬성,2023-07-27
21,9L57027L,2118385,불참,2023-07-27
21,GOC54665,2118385,불참,2023-07-27
21,5UN9725L,2118385,찬성,2023-07-27
21,LJK4960Z,2118385,찬성,2023-07-27
21,K3W33496,2118385,찬성,2023-07-27
21,C7E79345,2118385,찬성,2023-07-27
21,4019850M,2118385,찬성,2023-07-27
21,9YO73104,2118385,찬성,2023-07-27
21,E6U4345C,2118385,불참,2023-07-27
21,7BM2933Y,2118385,찬성,2023-07-27
21,CDL93608,2118385,찬성,2023-07-27
21,2UD1340H,2118385,찬성,2023-07-27
21,X7I4680R,2118385,찬성,2023-07-27
21,XJC13432,2118385,불참,2023-07-27
21,XSP20229,2118385,불참,2023-07-27
21,3RW63706,2118385,찬성,2023-07-27
21,FH777496,2118385,찬성,2023-07-27
21,FYI20317,2118385,찬성,2023-07-27
21,8X15119P,2118385,불참,2023-07-27
21,3249208I,2118385,찬성,2023-07-27
21,GX38539O,2118385,찬성,2023-07-27
21,XEF29171,2118385,불참,2023-07-27
21,WVU2479T,2118385,불참,2023-07-27
21,9D939735,2118385,찬성,2023-07-27
21,QTW6852F,2118385,찬성,2023-07-27
21,TST4507I,2118385,찬성,2023-07-27
21,L7J93733,2118385,찬성,2023-07-27
21,DAV7257X,2118385,찬성,2023-07-27
21,GE71932C,2118385,불참,2023-07-27
21,6YT83269,2118385,찬성,2023-07-27
21,1MU99298,2118385,찬성,2023-07-27
21,17M85910,2118385,찬성,2023-07-27
21,G152611B,2118385,불참,2023-07-27
21,I7R13867,2118385,찬성,2023-07-27
21,SQ36001H,2118385,찬성,2023-07-27
21,G1570880,2118385,찬성,2023-07-27
21,FOK3459D,2118385,불참,2023-07-27
21,QUO78839,2118385,불참,2023-07-27
21,BT62420K,2118385,불참,2023-07-27
21,LPB30152,2118385,찬성,2023-07-27
21,TZP9391O,2118385,불참,2023-07-27
21,6V37131U,2118385,찬성,2023-07-27
21,FJK3396E,2118385,불참,2023-07-27
21,ZDP5704Q,2118385,찬성,2023-07-27
21,W1Q6753M,2118385,불참,2023-07-27
21,RD42006Y,2118385,불참,2023-07-27
21,6EN68926,2118385,찬성,2023-07-27
21,1BX7234U,2118385,불참,2023-07-27
21,QHL3248U,2118385,불참,2023-07-27
21,TZ228122,2118385,찬성,2023-07-27
21,9V18755A,2118385,찬성,2023-07-27
21,XA42275R,2118385,찬성,2023-07-27
21,LBC8144B,2118385,기권,2023-07-27
21,VHK3402G,2118385,찬성,2023-07-27
21,FIC9046Z,2102538,불참,2021-12-09
21,JNL7001A,2102538,찬성,2021-12-09
21,L7T64271,2102538,찬성,2021-12-09
21,GKD32201,2102538,찬성,2021-12-09
21,G7512472,2102538,찬성,2021-12-09
21,3TO11703,2102538,찬성,2021-12-09
21,S741317G,2102538,불참,2021-12-09
21,CCU1009B,2102538,찬성,2021-12-09
21,MU69217P,2102538,불참,2021-12-09
21,2N793392,2102538,찬성,2021-12-09
21,66W6739S,2102538,찬성,2021-12-09
21,QD25323M,2102538,찬성,2021-12-09
21,DAY6557K,2102538,찬성,2021-12-09
21,GP07421U,2102538,불참,2021-12-09
21,FGI27280,2102538,찬성,2021-12-09
21,USR7059P,2102538,찬성,2021-12-09
21,4XG1439M,2102538,찬성,2021-12-09
21,7I09543O,2102538,찬성,2021-12-09
21,7469929V,2102538,불참,2021-12-09
21,A3H7195R,2102538,찬성,2021-12-09
21,ZYH1940A,2102538,찬성,2021-12-09
21,M0A1658U,2102538,찬성,2021-12-09
21,NZF1659U,2102538,불참,2021-12-09
21,WDS6044S,2102538,불참,2021-12-09
21,3BC6890E,2102538,찬성,2021-12-09
21,ZDR63255,2102538,찬성,2021-12-09
21,KR14136C,2102538,불참,2021-12-09
21,SRP7336N,2102538,찬성,2021-12-09
21,GFF1986K,2102538,찬성,2021-12-09
21,WJL30106,2102538,불참,2021-12-09
21,5KV96424,2102538,찬성,2021-12-09
21,60490713,2102538,찬성,2021-12-09
21,HKJ99607,2102538,찬성,2021-12-09
21,MY318392,2102538,찬성,2021-12-09
21,4T026790,2102538,찬성,2021-12-09
21,EH27538E,2102538,찬성,2021-12-09
21,WFU14784,2102538,불참,2021-12-09
21,SU53086M,2102538,불참,2021-12-09
21,PZA4062H,2102538,찬성,2021-12-09
21,MR210505,2102538,불참,2021-12-09
21,GF286398,2102538,찬성,2021-12-09
21,JQA21112,2102538,찬성,2021-12-09
21,4L695580,2102538,불참,2021-12-09
21,HXT76735,2102538,찬성,2021-12-09
21,RPN2293B,2102538,찬성,2021-12-09
21,0R68099X,2102538,찬성,2021-12-09
21,V429892C,2102538,찬성,2021-12-09
21,4A067125,2102538,찬성,2021-12-09
21,XBT9550Q,2102538,찬성,2021-12-09
21,MO52543L,2102538,찬성,2021-12-09
21,0827740Q,2102538,찬성,2021-12-09
21,0W194007,2102538,찬성,2021-12-09
21,X1K3667J,2102538,찬성,2021-12-09
21,I5I2468R,2102538,찬성,2021-12-09
21,WTR5885Y,2102538,찬성,2021-12-09
21,L5P27909,2102538,불참,2021-12-09
21,IOW1101J,2102538,불참,2021-12-09
21,ICH23251,2102538,찬성,2021-12-09
21,25I8709Q,2102538,찬성,2021-12-09
21,6MO8786S,2102538,찬성,2021-12-09
21,XWX1513T,2102538,찬성,2021-12-09
21,CT85313K,2102538,찬성,2021-12-09
21,PAO22428,2102538,불참,2021-12-09
21,BLC8630L,2102538,불참,2021-12-09
21,NQR1206Q,2102538,불참,2021-12-09
21,LG63087O,2102538,찬성,2021-12-09
21,PEP6922S,2102538,찬성,2021-12-09
21,VG24001G,2102538,찬성,2021-12-09
21,L2I9861C,2102538,불참,2021-12-09
21,WCD5518S,2102538,불참,2021-12-09
21,SVH3899R,2102538,불참,2021-12-09
21,I434361W,2102538,찬성,2021-12-09
21,9JF4562W,2102538,불참,2021-12-09
21,Y7K5946R,2102538,불참,2021-12-09
21,Z7Y7827F,2102538,찬성,2021-12-09
21,KUO3574J,2102538,찬성,2021-12-09
21,D6U6678O,2102538,찬성,2021-12-09
21,FU87526G,2102538,찬성,2021-12-09
21,S9U45255,2102538,불참,2021-12-09
21,8FC9697X,2102538,찬성,2021-12-09
21,GD131760,2102538,불참,2021-12-09
21,ZRF3039U,2102538,불참,2021-12-09
21,V0O5343U,2102538,찬성,2021-12-09
21,P0F1530P,2102538,불참,2021-12-09
21,FRN1867O,2102538,찬성,2021-12-09
21,LQW3652K,2102538,기권,2021-12-09
21,RO593601,2102538,찬성,2021-12-09
21,PFG2137X,2102538,찬성,2021-12-09
21,UB114374,2102538,찬성,2021-12-09
21,GAV6441G,2102538,찬성,2021-12-09
21,7JC3239L,2102538,찬성,2021-12-09
21,8P37634C,2102538,찬성,2021-12-09
21,CNZ51556,2102538,찬성,2021-12-09
21,GDG1847Z,2102538,불참,2021-12-09
21,O7R5461J,2102538,찬성,2021-12-09
21,JMY9959W,2102538,찬성,2021-12-09
21,6AR6743G,2102538,찬성,2021-12-09
21,J2O8643H,2102538,찬성,2021-12-09
21,VCP96419,2102538,찬성,2021-12-09
21,6AU2417B,2102538,찬성,2021-12-09
21,8VJ8533R,2102538,찬성,2021-12-09
21,B7D7534L,2102538,찬성,2021-12-09
21,SE233396,2102538,찬성,2021-12-09
21,B7H6207C,2102538,찬성,2021-12-09
21,6399076T,2102538,찬성,2021-12-09
21,4U29186R,2102538,찬성,2021-12-09
21,F5Y4026Q,2102538,찬성,2021-12-09
21,1Y73132H,2102538,불참,2021-12-09
21,I0S53762,2102538,찬성,2021-12-09
21,LH97552Q,2102538,찬성,2021-12-09
21,TKJ4800F,2102538,불참,2021-12-09
21,O6D8329R,2102538,찬성,2021-12-09
21,EVH1507C,2102538,찬성,2021-12-09
21,N9X9673B,2102538,찬성,2021-12-09
21,5MD4184K,2102538,찬성,2021-12-09
21,5K93695T,2102538,찬성,2021-12-09
21,6U243644,2102538,불참,2021-12-09
21,E9R4507P,2102538,불참,2021-12-09
21,UHB5553T,2102538,찬성,2021-12-09
21,KFS1358P,2102538,찬성,2021-12-09
21,J9S37905,2102538,기권,2021-12-09
21,A494529E,2102538,찬성,2021-12-09
21,VRY5522V,2102538,찬성,2021-12-09
21,CAA7713A,2102538,찬성,2021-12-09
21,Z6R3959C,2102538,불참,2021-12-09
21,W4X85128,2102538,찬성,2021-12-09
21,Q9H5708M,2102538,찬성,2021-12-09
21,CFE3998F,2102538,불참,2021-12-09
21,MRK4871S,2102538,찬성,2021-12-09
21,YKW37422,2102538,불참,2021-12-09
21,2NV6751W,2102538,찬성,2021-12-09
21,BM63269Y,2102538,불참,2021-12-09
21,M7O7878U,2102538,찬성,2021-12-09
21,YLS4431M,2102538,불참,2021-12-09
21,MNZ4401T,2102538,찬성,2021-12-09
21,3ZR4438W,2102538,불참,2021-12-09
21,16D7652C,2102538,찬성,2021-12-09
21,MLH1404S,2102538,불참,2021-12-09
21,8VY63414,2102538,찬성,2021-12-09
21,XR24352K,2102538,찬성,2021-12-09
21,BCQ55105,2102538,찬성,2021-12-09
21,GOC54665,2102538,찬성,2021-12-09
21,5UN9725L,2102538,불참,2021-12-09
21,M2Q9024I,2102538,불참,2021-12-09
21,DBA1057Z,2102538,불참,2021-12-09
21,CI15627C,2102538,불참,2021-12-09
21,C7E79345,2102538,불참,2021-12-09
21,4019850M,2102538,불참,2021-12-09
21,UQ282145,2102538,불참,2021-12-09
21,9YO73104,2102538,불참,2021-12-09
21,TRE2429O,2102538,찬성,2021-12-09
21,E6U4345C,2102538,찬성,2021-12-09
21,7BM2933Y,2102538,찬성,2021-12-09
21,2UD1340H,2102538,찬성,2021-12-09
21,9VR65006,2102538,불참,2021-12-09
21,X7I4680R,2102538,찬성,2021-12-09
21,XJC13432,2102538,불참,2021-12-09
21,D0C85236,2102538,불참,2021-12-09
21,XSP20229,2102538,찬성,2021-12-09
21,T465023H,2102538,찬성,2021-12-09
21,3RW63706,2102538,찬성,2021-12-09
21,FH777496,2102538,찬성,2021-12-09
21,8X15119P,2102538,불참,2021-12-09
21,CNW5754J,2102538,불참,2021-12-09
21,GX38539O,2102538,찬성,2021-12-09
21,9D939735,2102538,찬성,2021-12-09
21,QTW6852F,2102538,불참,2021-12-09
21,TST4507I,2102538,찬성,2021-12-09
21,JC14718Q,2102538,찬성,2021-12-09
21,5KV82250,2102538,찬성,2021-12-09
21,LT72093S,2102538,찬성,2021-12-09
21,GE71932C,2102538,찬성,2021-12-09
21,6YT83269,2102538,불참,2021-12-09
21,1MU99298,2102538,찬성,2021-12-09
21,FDC3144T,2102538,찬성,2021-12-09
21,17M85910,2102538,찬성,2021-12-09
21,G152611B,2102538,찬성,2021-12-09
21,I7R13867,2102538,찬성,2021-12-09
21,G1570880,2102538,불참,2021-12-09
21,9LD2641Q,2102538,찬성,2021-12-09
21,FOK3459D,2102538,찬성,2021-12-09
21,QUO78839,2102538,찬성,2021-12-09
21,LPB30152,2102538,찬성,2021-12-09
21,MD083627,2102538,찬성,2021-12-09
21,6V37131U,2102538,찬성,2021-12-09
21,ZDP5704Q,2102538,찬성,2021-12-09
21,71J2365L,2102538,불참,2021-12-09
21,E1J8836Y,2102538,불참,2021-12-09
21,RD42006Y,2102538,불참,2021-12-09
21,6EN68926,2102538,불참,2021-12-09
21,1BX7234U,2102538,찬성,2021-12-09
21,QHL3248U,2102538,찬성,2021-12-09
21,TJW93720,2102538,찬성,2021-12-09
21,9S151177,2102538,불참,2021-12-09
21,TZ228122,2102538,찬성,2021-12-09
21,9V18755A,2102538,찬성,2021-12-09
21,XA42275R,2102538,불참,2021-12-09
21,PO64874I,2102538,찬성,2021-12-09
21,QUM8288K,2102538,불참,2021-12-09
21,UGH6481E,2102538,찬성,2021-12-09
21,S824682L,2102538,찬성,2021-12-09
21,JZY9937U,2102538,찬성,2021-12-09
21,HSS7466Y,2102538,찬성,2021-12-09
21,KB04377U,2102538,찬성,2021-12-09
21,FU53642G,2102538,찬성,2021-12-09
21,QQP4727N,2102538,기권,2021-12-09
21,JEZ3130Q,2102538,불참,2021-12-09
21,9L57027L,2102538,불참,2021-12-09
21,LJK4960Z,2102538,찬성,2021-12-09
21,K3W33496,2102538,찬성,2021-12-09
21,21N57758,2102538,찬성,2021-12-09
21,CDL93608,2102538,찬성,2021-12-09
21,EMC8812P,2102538,찬성,2021-12-09
21,RQQ3807K,2102538,불참,2021-12-09
21,FYI20317,2102538,찬성,2021-12-09
21,ZYP7962W,2102538,불참,2021-12-09
21,3249208I,2102538,찬성,2021-12-09
21,8Q88373R,2102538,불참,2021-12-09
21,XEF29171,2102538,찬성,2021-12-09
21,WVU2479T,2102538,불참,2021-12-09
21,7XY7109I,2102538,찬성,2021-12-09
21,L7J93733,2102538,찬성,2021-12-09
21,DAV7257X,2102538,찬성,2021-12-09
21,SQ36001H,2102538,찬성,2021-12-09
21,BT62420K,2102538,불참,2021-12-09
21,TZP9391O,2102538,찬성,2021-12-09
21,OSV9142K,2102538,불참,2021-12-09
21,B7R2742J,2102538,찬성,2021-12-09
21,FJK3396E,2102538,불참,2021-12-09
21,7O71647Z,2102538,불참,2021-12-09
21,W1Q6753M,2102538,찬성,2021-12-09
21,4X525582,2102538,불참,2021-12-09
21,LM13674V,2102538,찬성,2021-12-09
21,P2N50879,2102538,찬성,2021-12-09
21,A0P4646G,2102538,찬성,2021-12-09
21,A2V51235,2102538,찬성,2021-12-09
21,1X376850,2102538,찬성,2021-12-09
21,3DK8989T,2102538,찬성,2021-12-09
21,D4L60530,2102538,찬성,2021-12-09
21,M6H1705E,2102538,찬성,2021-12-09
21,OFE45081,2102538,불참,2021-12-09
21,09I2323E,2102538,찬성,2021-12-09
21,NTT8182Q,2102538,찬성,2021-12-09
21,0VU8517U,2102538,불참,2021-12-09
21,HSW1214Q,2102538,찬성,2021-12-09
21,5765663F,2102538,찬성,2021-12-09
21,ZKU88693,2102538,찬성,2021-12-09
21,KNM3215T,2102538,찬성,2021-12-09
21,M7T9712V,2102538,찬성,2021-12-09
21,UM51067K,2102538,찬성,2021-12-09
21,1WE5693J,2102538,찬성,2021-12-09
21,X3170462,2102538,불참,2021-12-09
21,8FB1535Y,2102538,찬성,2021-12-09
21,0WL9321T,2102538,찬성,2021-12-09
21,8348421R,2102538,찬성,2021-12-09
21,H5476989,2102538,찬성,2021-12-09
21,40E3739H,2102538,찬성,2021-12-09
21,2385336L,2102538,찬성,2021-12-09
21,IN328264,2102538,찬성,2021-12-09
21,ZA54991S,2102538,찬성,2021-12-09
21,WMG57662,2102538,불참,2021-12-09
21,NCP9875N,2102538,찬성,2021-12-09
21,3425169D,2102538,찬성,2021-12-09
21,OIA3741M,2102538,찬성,2021-12-09
21,NAL4555X,2102538,불참,2021-12-09
21,OW53107J,2102538,찬성,2021-12-09
21,DAN6731C,2102538,불참,2021-12-09
21,IOW8224X,2102538,찬성,2021-12-09
21,ATB59635,2102538,찬성,2021-12-09
21,SBK1544B,2102538,불참,2021-12-09
21,8SV6917G,2102538,찬성,2021-12-09
21,QKO6165V,2102538,불참,2021-12-09
21,68P7228G,2102538,찬성,2021-12-09
21,XPP2564T,2102538,불참,2021-12-09
21,0YT3774N,2102538,찬성,2021-12-09
21,40S1959J,2102538,찬성,2021-12-09
21,IL74008M,2102538,찬성,2021-12-09
21,8KF7223D,2102538,찬성,2021-12-09
21,N4R2421C,2102538,불참,2021-12-09
21,3C23171A,2102538,불참,2021-12-09
21,P2N4585G,2102538,찬성,2021-12-09
21,TVF3669B,2102538,불참,2021-12-09
21,7R156073,2102538,불참,2021-12-09
21,GX22581L,2102538,찬성,2021-12-09
21,AFH96856,2102538,찬성,2021-12-09
21,52P3934K,2102538,불참,2021-12-09
21,WHV3448W,2102538,불참,2021-12-09
21,04T3751T,2102538,찬성,2021-12-09
21,MSY7784L,2102538,불참,2021-12-09
21,K5F2023J,2102538,불참,2021-12-09
21,14M56632,2102538,불참,2021-12-09
21,DPZ7685X,2102538,찬성,2021-12-09
21,0PK7354M,2102538,찬성,2021-12-09
21,O0I2045I,2102538,찬성,2021-12-09
21,CZB4125D,2102538,불참,2021-12-09
21,F5U2979W,2118298,불참,2023-06-21
21,YOG1280B,2118298,찬성,2023-06-21
21,FIC9046Z,2118298,찬성,2023-06-21
21,DWK26447,2118298,찬성,2023-06-21
21,KFM1081G,2118298,찬성,2023-06-21
21,NLR6572J,2118298,찬성,2023-06-21
21,L7T64271,2118298,찬성,2023-06-21
21,GKD32201,2118298,찬성,2023-06-21
21,G7512472,2118298,찬성,2023-06-21
21,3TO11703,2118298,찬성,2023-06-21
21,S741317G,2118298,찬성,2023-06-21
21,CCU1009B,2118298,찬성,2023-06-21
21,MU69217P,2118298,찬성,2023-06-21
21,2N793392,2118298,찬성,2023-06-21
21,LM13674V,2118298,찬성,2023-06-21
21,QD25323M,2118298,찬성,2023-06-21
21,JVB6983V,2118298,찬성,2023-06-21
21,DAY6557K,2118298,찬성,2023-06-21
21,GP07421U,2118298,찬성,2023-06-21
21,FGI27280,2118298,불참,2023-06-21
21,USR7059P,2118298,불참,2023-06-21
21,4XG1439M,2118298,찬성,2023-06-21
21,P2N50879,2118298,찬성,2023-06-21
21,A0P4646G,2118298,불참,2023-06-21
21,A2V51235,2118298,찬성,2023-06-21
21,7I09543O,2118298,찬성,2023-06-21
21,3DK8989T,2118298,찬성,2023-06-21
21,7469929V,2118298,불참,2023-06-21
21,D4L60530,2118298,불참,2023-06-21
21,M6H1705E,2118298,찬성,2023-06-21
21,OFE45081,2118298,불참,2023-06-21
21,09I2323E,2118298,찬성,2023-06-21
21,NTT8182Q,2118298,찬성,2023-06-21
21,A3H7195R,2118298,불참,2023-06-21
21,ZYH1940A,2118298,찬성,2023-06-21
21,M0A1658U,2118298,찬성,2023-06-21
21,HSW1214Q,2118298,찬성,2023-06-21
21,NZF1659U,2118298,불참,2023-06-21
21,WDS6044S,2118298,찬성,2023-06-21
21,3BC6890E,2118298,찬성,2023-06-21
21,ZDR63255,2118298,찬성,2023-06-21
21,KR14136C,2118298,찬성,2023-06-21
21,SRP7336N,2118298,찬성,2023-06-21
21,5765663F,2118298,찬성,2023-06-21
21,GFF1986K,2118298,찬성,2023-06-21
21,ZKU88693,2118298,찬성,2023-06-21
21,WJL30106,2118298,찬성,2023-06-21
21,KNM3215T,2118298,불참,2023-06-21
21,M7T9712V,2118298,불참,2023-06-21
21,60490713,2118298,찬성,2023-06-21
21,UM51067K,2118298,찬성,2023-06-21
21,HKJ99607,2118298,찬성,2023-06-21
21,1WE5693J,2118298,불참,2023-06-21
21,X3170462,2118298,찬성,2023-06-21
21,MY318392,2118298,찬성,2023-06-21
21,8FB1535Y,2118298,찬성,2023-06-21
21,4T026790,2118298,찬성,2023-06-21
21,EH27538E,2118298,찬성,2023-06-21
21,WFU14784,2118298,불참,2023-06-21
21,SU53086M,2118298,찬성,2023-06-21
21,0WL9321T,2118298,찬성,2023-06-21
21,PZA4062H,2118298,찬성,2023-06-21
21,MR210505,2118298,찬성,2023-06-21
21,GF286398,2118298,찬성,2023-06-21
21,8348421R,2118298,찬성,2023-06-21
21,H5476989,2118298,찬성,2023-06-21
21,JQA21112,2118298,찬성,2023-06-21
21,4L695580,2118298,찬성,2023-06-21
21,40E3739H,2118298,불참,2023-06-21
21,6FS10566,2118298,불참,2023-06-21
21,HXT76735,2118298,찬성,2023-06-21
21,RPN2293B,2118298,찬성,2023-06-21
21,0R68099X,2118298,찬성,2023-06-21
21,6RM29022,2118298,찬성,2023-06-21
21,MQU41854,2118298,불참,2023-06-21
21,V429892C,2118298,찬성,2023-06-21
21,2385336L,2118298,찬성,2023-06-21
21,IN328264,2118298,불참,2023-06-21
21,XBT9550Q,2118298,찬성,2023-06-21
21,ZA54991S,2118298,찬성,2023-06-21
21,MO52543L,2118298,찬성,2023-06-21
21,0827740Q,2118298,찬성,2023-06-21
21,0W194007,2118298,찬성,2023-06-21
21,X1K3667J,2118298,불참,2023-06-21
21,WMG57662,2118298,찬성,2023-06-21
21,NCP9875N,2118298,찬성,2023-06-21
21,I5I2468R,2118298,찬성,2023-06-21
21,WTR5885Y,2118298,찬성,2023-06-21
21,3425169D,2118298,찬성,2023-06-21
21,IOW1101J,2118298,불참,2023-06-21
21,ICH23251,2118298,찬성,2023-06-21
21,25I8709Q,2118298,찬성,2023-06-21
21,OIA3741M,2118298,찬성,2023-06-21
21,6MO8786S,2118298,불참,2023-06-21
21,XWX1513T,2118298,찬성,2023-06-21
21,CT85313K,2118298,찬성,2023-06-21
21,BLC8630L,2118298,불참,2023-06-21
21,NQR1206Q,2118298,찬성,2023-06-21
21,LG63087O,2118298,불참,2023-06-21
21,PEP6922S,2118298,찬성,2023-06-21
21,DAN6731C,2118298,찬성,2023-06-21
21,VG24001G,2118298,찬성,2023-06-21
21,L2I9861C,2118298,찬성,2023-06-21
21,WCD5518S,2118298,찬성,2023-06-21
21,SVH3899R,2118298,찬성,2023-06-21
21,9JF4562W,2118298,찬성,2023-06-21
21,Y7K5946R,2118298,찬성,2023-06-21
21,Z7Y7827F,2118298,찬성,2023-06-21
21,ATB59635,2118298,찬성,2023-06-21
21,SBK1544B,2118298,불참,2023-06-21
21,KUO3574J,2118298,찬성,2023-06-21
21,D6U6678O,2118298,찬성,2023-06-21
21,FU87526G,2118298,기권,2023-06-21
21,S9U45255,2118298,찬성,2023-06-21
21,8FC9697X,2118298,찬성,2023-06-21
21,QKO6165V,2118298,불참,2023-06-21
21,GD131760,2118298,불참,2023-06-21
21,ZRF3039U,2118298,찬성,2023-06-21
21,V0O5343U,2118298,불참,2023-06-21
21,68P7228G,2118298,찬성,2023-06-21
21,P0F1530P,2118298,불참,2023-06-21
21,XPP2564T,2118298,찬성,2023-06-21
21,FRN1867O,2118298,찬성,2023-06-21
21,LQW3652K,2118298,찬성,2023-06-21
21,RO593601,2118298,찬성,2023-06-21
21,PFG2137X,2118298,찬성,2023-06-21
21,UB114374,2118298,불참,2023-06-21
21,GAV6441G,2118298,찬성,2023-06-21
21,0YT3774N,2118298,찬성,2023-06-21
21,7JC3239L,2118298,불참,2023-06-21
21,40S1959J,2118298,찬성,2023-06-21
21,IL74008M,2118298,찬성,2023-06-21
21,8KF7223D,2118298,불참,2023-06-21
21,8P37634C,2118298,찬성,2023-06-21
21,CNZ51556,2118298,찬성,2023-06-21
21,N4R2421C,2118298,찬성,2023-06-21
21,3C23171A,2118298,찬성,2023-06-21
21,GDG1847Z,2118298,찬성,2023-06-21
21,P2N4585G,2118298,찬성,2023-06-21
21,JMY9959W,2118298,찬성,2023-06-21
21,7R156073,2118298,찬성,2023-06-21
21,6AR6743G,2118298,찬성,2023-06-21
21,J2O8643H,2118298,찬성,2023-06-21
21,VCP96419,2118298,찬성,2023-06-21
21,6AU2417B,2118298,찬성,2023-06-21
21,8VJ8533R,2118298,찬성,2023-06-21
21,B7D7534L,2118298,찬성,2023-06-21
21,GX22581L,2118298,불참,2023-06-21
21,SE233396,2118298,찬성,2023-06-21
21,AFH96856,2118298,찬성,2023-06-21
21,52P3934K,2118298,불참,2023-06-21
21,6399076T,2118298,찬성,2023-06-21
21,4U29186R,2118298,찬성,2023-06-21
21,F5Y4026Q,2118298,찬성,2023-06-21
21,WHV3448W,2118298,찬성,2023-06-21
21,6RD62559,2118298,찬성,2023-06-21
21,1Y73132H,2118298,찬성,2023-06-21
21,I0S53762,2118298,찬성,2023-06-21
21,LH97552Q,2118298,찬성,2023-06-21
21,TKJ4800F,2118298,찬성,2023-06-21
21,O6D8329R,2118298,찬성,2023-06-21
21,04T3751T,2118298,찬성,2023-06-21
21,MSY7784L,2118298,불참,2023-06-21
21,K5F2023J,2118298,찬성,2023-06-21
21,14M56632,2118298,찬성,2023-06-21
21,N9X9673B,2118298,불참,2023-06-21
21,5MD4184K,2118298,찬성,2023-06-21
21,5K93695T,2118298,찬성,2023-06-21
21,DPZ7685X,2118298,찬성,2023-06-21
21,6U243644,2118298,찬성,2023-06-21
21,E9R4507P,2118298,찬성,2023-06-21
21,UHB5553T,2118298,찬성,2023-06-21
21,KFS1358P,2118298,찬성,2023-06-21
21,J9S37905,2118298,불참,2023-06-21
21,A494529E,2118298,불참,2023-06-21
21,VRY5522V,2118298,찬성,2023-06-21
21,CAA7713A,2118298,불참,2023-06-21
21,0PK7354M,2118298,찬성,2023-06-21
21,O0I2045I,2118298,찬성,2023-06-21
21,Z6R3959C,2118298,찬성,2023-06-21
21,QUM8288K,2118298,찬성,2023-06-21
21,UGH6481E,2118298,찬성,2023-06-21
21,S824682L,2118298,찬성,2023-06-21
21,W4X85128,2118298,불참,2023-06-21
21,Q9H5708M,2118298,찬성,2023-06-21
21,JZY9937U,2118298,불참,2023-06-21
21,MRK4871S,2118298,불참,2023-06-21
21,YKW37422,2118298,불참,2023-06-21
21,2NV6751W,2118298,찬성,2023-06-21
21,BM63269Y,2118298,찬성,2023-06-21
21,M7O7878U,2118298,찬성,2023-06-21
21,YLS4431M,2118298,찬성,2023-06-21
21,MNZ4401T,2118298,불참,2023-06-21
21,3ZR4438W,2118298,불참,2023-06-21
21,HSS7466Y,2118298,찬성,2023-06-21
21,16D7652C,2118298,찬성,2023-06-21
21,KB04377U,2118298,찬성,2023-06-21
21,FU53642G,2118298,찬성,2023-06-21
21,MLH1404S,2118298,불참,2023-06-21
21,8VY63414,2118298,찬성,2023-06-21
21,QQP4727N,2118298,불참,2023-06-21
21,JEZ3130Q,2118298,찬성,2023-06-21
21,BCQ55105,2118298,불참,2023-06-21
21,9L57027L,2118298,불참,2023-06-21
21,GOC54665,2118298,찬성,2023-06-21
21,5UN9725L,2118298,찬성,2023-06-21
21,LJK4960Z,2118298,찬성,2023-06-21
21,IUD9392R,2118298,찬성,2023-06-21
21,K3W33496,2118298,찬성,2023-06-21
21,M2Q9024I,2118298,찬성,2023-06-21
21,DBA1057Z,2118298,찬성,2023-06-21
21,CI15627C,2118298,찬성,2023-06-21
21,C7E79345,2118298,찬성,2023-06-21
21,UQ282145,2118298,불참,2023-06-21
21,9YO73104,2118298,불참,2023-06-21
21,TRE2429O,2118298,찬성,2023-06-21
21,E6U4345C,2118298,불참,2023-06-21
21,7BM2933Y,2118298,찬성,2023-06-21
21,CDL93608,2118298,기권,2023-06-21
21,2UD1340H,2118298,찬성,2023-06-21
21,9VR65006,2118298,불참,2023-06-21
21,X7I4680R,2118298,불참,2023-06-21
21,EMC8812P,2118298,불참,2023-06-21
21,XJC13432,2118298,찬성,2023-06-21
21,T465023H,2118298,불참,2023-06-21
21,3RW63706,2118298,찬성,2023-06-21
21,RQQ3807K,2118298,불참,2023-06-21
21,FH777496,2118298,불참,2023-06-21
21,FYI20317,2118298,찬성,2023-06-21
21,8X15119P,2118298,기권,2023-06-21
21,ZYP7962W,2118298,불참,2023-06-21
21,CNW5754J,2118298,불참,2023-06-21
21,3249208I,2118298,찬성,2023-06-21
21,GX38539O,2118298,찬성,2023-06-21
21,8Q88373R,2118298,찬성,2023-06-21
21,XEF29171,2118298,찬성,2023-06-21
21,WVU2479T,2118298,불참,2023-06-21
21,9D939735,2118298,찬성,2023-06-21
21,QTW6852F,2118298,기권,2023-06-21
21,7XY7109I,2118298,반대,2023-06-21
21,TST4507I,2118298,불참,2023-06-21
21,JC14718Q,2118298,찬성,2023-06-21
21,5KV82250,2118298,찬성,2023-06-21
21,L7J93733,2118298,찬성,2023-06-21
21,DAV7257X,2118298,찬성,2023-06-21
21,LT72093S,2118298,찬성,2023-06-21
21,GE71932C,2118298,불참,2023-06-21
21,6YT83269,2118298,찬성,2023-06-21
21,1MU99298,2118298,불참,2023-06-21
21,FDC3144T,2118298,찬성,2023-06-21
21,17M85910,2118298,찬성,2023-06-21
21,G152611B,2118298,불참,2023-06-21
21,I7R13867,2118298,찬성,2023-06-21
21,SQ36001H,2118298,찬성,2023-06-21
21,G1570880,2118298,찬성,2023-06-21
21,9LD2641Q,2118298,불참,2023-06-21
21,FOK3459D,2118298,찬성,2023-06-21
21,LPB30152,2118298,찬성,2023-06-21
21,MD083627,2118298,찬성,2023-06-21
21,TZP9391O,2118298,찬성,2023-06-21
21,6V37131U,2118298,찬성,2023-06-21
21,OSV9142K,2118298,찬성,2023-06-21
21,B7R2742J,2118298,찬성,2023-06-21
21,FJK3396E,2118298,찬성,2023-06-21
21,ZDP5704Q,2118298,찬성,2023-06-21
21,71J2365L,2118298,찬성,2023-06-21
21,7O71647Z,2118298,불참,2023-06-21
21,W1Q6753M,2118298,찬성,2023-06-21
21,E1J8836Y,2118298,찬성,2023-06-21
21,RD42006Y,2118298,찬성,2023-06-21
21,6EN68926,2118298,불참,2023-06-21
21,QHL3248U,2118298,불참,2023-06-21
21,TJW93720,2118298,찬성,2023-06-21
21,9S151177,2118298,찬성,2023-06-21
21,TZ228122,2118298,찬성,2023-06-21
21,9V18755A,2118298,찬성,2023-06-21
21,XA42275R,2118298,찬성,2023-06-21
21,PO64874I,2118298,불참,2023-06-21
21,LBC8144B,2118298,찬성,2023-06-21
21,VHK3402G,2118298,찬성,2023-06-21
21,NUB4941Z,2118298,찬성,2023-06-21
21,1BX7234U,2118298,찬성,2023-06-21
21,4X525582,2118298,불참,2023-06-21
21,66W6739S,2118298,찬성,2023-06-21
21,0VU8517U,2118298,불참,2023-06-21
21,5KV96424,2118298,찬성,2023-06-21
21,OW53107J,2118298,찬성,2023-06-21
21,IOW8224X,2118298,찬성,2023-06-21
21,8SV6917G,2118298,찬성,2023-06-21
21,O7R5461J,2118298,찬성,2023-06-21
21,B7H6207C,2118298,찬성,2023-06-21
21,EVH1507C,2118298,기권,2023-06-21
21,CZB4125D,2118298,불참,2023-06-21
21,XR24352K,2118298,찬성,2023-06-21
21,4019850M,2118298,찬성,2023-06-21
21,XSP20229,2118298,찬성,2023-06-21
21,QUO78839,2118298,불참,2023-06-21
21,BT62420K,2118298,찬성,2023-06-21
21,YTA7297R,2118298,찬성,2023-06-21
21,JNL7001A,2101417,기권,2020-09-24
21,71J2365L,2101417,기권,2020-09-24
21,3TO11703,2101417,찬성,2020-09-24
21,S741317G,2101417,기권,2020-09-24
21,2N793392,2101417,찬성,2020-09-24
21,1X376850,2101417,기권,2020-09-24
21,WJL30106,2101417,찬성,2020-09-24
21,4L695580,2101417,찬성,2020-09-24
21,V429892C,2101417,찬성,2020-09-24
21,2385336L,2101417,찬성,2020-09-24
21,PAO22428,2101417,찬성,2020-09-24
21,VG24001G,2101417,찬성,2020-09-24
21,I434361W,2101417,기권,2020-09-24
21,9JF4562W,2101417,찬성,2020-09-24
21,8SV6917G,2101417,불참,2020-09-24
21,ZRF3039U,2101417,찬성,2020-09-24
21,V0O5343U,2101417,찬성,2020-09-24
21,CNZ51556,2101417,불참,2020-09-24
21,GX22581L,2101417,불참,2020-09-24
21,MSY7784L,2101417,불참,2020-09-24
21,5MD4184K,2101417,찬성,2020-09-24
21,5K93695T,2101417,찬성,2020-09-24
21,Q9H5708M,2101417,찬성,2020-09-24
21,2NV6751W,2101417,찬성,2020-09-24
21,LJK4960Z,2101417,찬성,2020-09-24
21,CI15627C,2101417,불참,2020-09-24
21,21N57758,2101417,찬성,2020-09-24
21,C7E79345,2101417,찬성,2020-09-24
21,6YT83269,2101417,찬성,2020-09-24
21,FDC3144T,2101417,기권,2020-09-24
21,FOK3459D,2101417,찬성,2020-09-24
21,GKD32201,2101417,찬성,2020-09-24
21,L7T64271,2101417,찬성,2020-09-24
21,G7512472,2101417,찬성,2020-09-24
21,CCU1009B,2101417,찬성,2020-09-24
21,MU69217P,2101417,기권,2020-09-24
21,66W6739S,2101417,찬성,2020-09-24
21,LM13674V,2101417,불참,2020-09-24
21,QD25323M,2101417,찬성,2020-09-24
21,DAY6557K,2101417,찬성,2020-09-24
21,GP07421U,2101417,찬성,2020-09-24
21,FGI27280,2101417,찬성,2020-09-24
21,A0P4646G,2101417,찬성,2020-09-24
21,7I09543O,2101417,찬성,2020-09-24
21,3DK8989T,2101417,찬성,2020-09-24
21,7469929V,2101417,찬성,2020-09-24
21,D4L60530,2101417,찬성,2020-09-24
21,M6H1705E,2101417,찬성,2020-09-24
21,OFE45081,2101417,찬성,2020-09-24
21,09I2323E,2101417,찬성,2020-09-24
21,NTT8182Q,2101417,찬성,2020-09-24
21,ZYH1940A,2101417,불참,2020-09-24
21,HSW1214Q,2101417,불참,2020-09-24
21,NZF1659U,2101417,찬성,2020-09-24
21,WDS6044S,2101417,불참,2020-09-24
21,ZDR63255,2101417,찬성,2020-09-24
21,KR14136C,2101417,찬성,2020-09-24
21,SRP7336N,2101417,불참,2020-09-24
21,5765663F,2101417,찬성,2020-09-24
21,KNM3215T,2101417,찬성,2020-09-24
21,M7T9712V,2101417,기권,2020-09-24
21,60490713,2101417,찬성,2020-09-24
21,UM51067K,2101417,찬성,2020-09-24
21,HKJ99607,2101417,찬성,2020-09-24
21,1WE5693J,2101417,찬성,2020-09-24
21,X3170462,2101417,찬성,2020-09-24
21,MY318392,2101417,찬성,2020-09-24
21,4T026790,2101417,찬성,2020-09-24
21,EH27538E,2101417,찬성,2020-09-24
21,WFU14784,2101417,찬성,2020-09-24
21,SU53086M,2101417,찬성,2020-09-24
21,0WL9321T,2101417,찬성,2020-09-24
21,MR210505,2101417,찬성,2020-09-24
21,GF286398,2101417,찬성,2020-09-24
21,H5476989,2101417,찬성,2020-09-24
21,JQA21112,2101417,불참,2020-09-24
21,40E3739H,2101417,기권,2020-09-24
21,HXT76735,2101417,불참,2020-09-24
21,RPN2293B,2101417,불참,2020-09-24
21,0R68099X,2101417,불참,2020-09-24
21,4A067125,2101417,찬성,2020-09-24
21,IN328264,2101417,불참,2020-09-24
21,XBT9550Q,2101417,찬성,2020-09-24
21,ZA54991S,2101417,찬성,2020-09-24
21,MO52543L,2101417,불참,2020-09-24
21,0827740Q,2101417,찬성,2020-09-24
21,0W194007,2101417,찬성,2020-09-24
21,X1K3667J,2101417,찬성,2020-09-24
21,NCP9875N,2101417,찬성,2020-09-24
21,I5I2468R,2101417,찬성,2020-09-24
21,WTR5885Y,2101417,찬성,2020-09-24
21,L5P27909,2101417,불참,2020-09-24
21,3425169D,2101417,찬성,2020-09-24
21,IOW1101J,2101417,기권,2020-09-24
21,ICH23251,2101417,찬성,2020-09-24
21,25I8709Q,2101417,찬성,2020-09-24
21,OIA3741M,2101417,찬성,2020-09-24
21,XWX1513T,2101417,기권,2020-09-24
21,CT85313K,2101417,찬성,2020-09-24
21,BLC8630L,2101417,불참,2020-09-24
21,NQR1206Q,2101417,찬성,2020-09-24
21,0767470D,2101417,불참,2020-09-24
21,LG63087O,2101417,찬성,2020-09-24
21,NAL4555X,2101417,찬성,2020-09-24
21,PEP6922S,2101417,찬성,2020-09-24
21,DAN6731C,2101417,불참,2020-09-24
21,L2I9861C,2101417,기권,2020-09-24
21,WCD5518S,2101417,찬성,2020-09-24
21,SVH3899R,2101417,반대,2020-09-24
21,IOW8224X,2101417,찬성,2020-09-24
21,Y7K5946R,2101417,찬성,2020-09-24
21,Z7Y7827F,2101417,찬성,2020-09-24
21,ATB59635,2101417,찬성,2020-09-24
21,SBK1544B,2101417,반대,2020-09-24
21,KUO3574J,2101417,찬성,2020-09-24
21,FU87526G,2101417,찬성,2020-09-24
21,8FC9697X,2101417,찬성,2020-09-24
21,QKO6165V,2101417,찬성,2020-09-24
21,GD131760,2101417,찬성,2020-09-24
21,68P7228G,2101417,찬성,2020-09-24
21,XPP2564T,2101417,불참,2020-09-24
21,FRN1867O,2101417,찬성,2020-09-24
21,PFG2137X,2101417,기권,2020-09-24
21,UB114374,2101417,기권,2020-09-24
21,0YT3774N,2101417,찬성,2020-09-24
21,7JC3239L,2101417,반대,2020-09-24
21,40S1959J,2101417,찬성,2020-09-24
21,IL74008M,2101417,찬성,2020-09-24
21,8KF7223D,2101417,찬성,2020-09-24
21,8P37634C,2101417,찬성,2020-09-24
21,N4R2421C,2101417,불참,2020-09-24
21,3C23171A,2101417,찬성,2020-09-24
21,GDG1847Z,2101417,기권,2020-09-24
21,P2N4585G,2101417,찬성,2020-09-24
21,LNR7932L,2101417,찬성,2020-09-24
21,O7R5461J,2101417,찬성,2020-09-24
21,TVF3669B,2101417,기권,2020-09-24
21,7R156073,2101417,찬성,2020-09-24
21,6AR6743G,2101417,찬성,2020-09-24
21,J2O8643H,2101417,찬성,2020-09-24
21,6AU2417B,2101417,찬성,2020-09-24
21,8VJ8533R,2101417,기권,2020-09-24
21,SE233396,2101417,찬성,2020-09-24
21,AFH96856,2101417,찬성,2020-09-24
21,52P3934K,2101417,불참,2020-09-24
21,B7H6207C,2101417,불참,2020-09-24
21,4U29186R,2101417,찬성,2020-09-24
21,F5Y4026Q,2101417,찬성,2020-09-24
21,WHV3448W,2101417,찬성,2020-09-24
21,1Y73132H,2101417,찬성,2020-09-24
21,I0S53762,2101417,불참,2020-09-24
21,LH97552Q,2101417,찬성,2020-09-24
21,TKJ4800F,2101417,불참,2020-09-24
21,O6D8329R,2101417,찬성,2020-09-24
21,K5F2023J,2101417,찬성,2020-09-24
21,N9X9673B,2101417,찬성,2020-09-24
21,TP066860,2101417,찬성,2020-09-24
21,DPZ7685X,2101417,기권,2020-09-24
21,UHB5553T,2101417,찬성,2020-09-24
21,KFS1358P,2101417,찬성,2020-09-24
21,A494529E,2101417,찬성,2020-09-24
21,VRY5522V,2101417,찬성,2020-09-24
21,CAA7713A,2101417,찬성,2020-09-24
21,0PK7354M,2101417,찬성,2020-09-24
21,O0I2045I,2101417,찬성,2020-09-24
21,CZB4125D,2101417,찬성,2020-09-24
21,Z6R3959C,2101417,찬성,2020-09-24
21,UGH6481E,2101417,찬성,2020-09-24
21,S824682L,2101417,찬성,2020-09-24
21,W4X85128,2101417,기권,2020-09-24
21,JZY9937U,2101417,찬성,2020-09-24
21,MRK4871S,2101417,찬성,2020-09-24
21,YKW37422,2101417,불참,2020-09-24
21,BM63269Y,2101417,찬성,2020-09-24
21,M7O7878U,2101417,찬성,2020-09-24
21,MNZ4401T,2101417,찬성,2020-09-24
21,3ZR4438W,2101417,불참,2020-09-24
21,16D7652C,2101417,찬성,2020-09-24
21,KB04377U,2101417,기권,2020-09-24
21,FU53642G,2101417,찬성,2020-09-24
21,MLH1404S,2101417,찬성,2020-09-24
21,8VY63414,2101417,기권,2020-09-24
21,XR24352K,2101417,찬성,2020-09-24
21,QQP4727N,2101417,기권,2020-09-24
21,IUL4848V,2101417,찬성,2020-09-24
21,JEZ3130Q,2101417,찬성,2020-09-24
21,BCQ55105,2101417,찬성,2020-09-24
21,9L57027L,2101417,기권,2020-09-24
21,GOC54665,2101417,찬성,2020-09-24
21,K3W33496,2101417,찬성,2020-09-24
21,M2Q9024I,2101417,찬성,2020-09-24
21,DBA1057Z,2101417,찬성,2020-09-24
21,4019850M,2101417,찬성,2020-09-24
21,UQ282145,2101417,찬성,2020-09-24
21,TRE2429O,2101417,찬성,2020-09-24
21,E6U4345C,2101417,찬성,2020-09-24
21,7BM2933Y,2101417,찬성,2020-09-24
21,EMC8812P,2101417,불참,2020-09-24
21,XJC13432,2101417,찬성,2020-09-24
21,T465023H,2101417,찬성,2020-09-24
21,RQQ3807K,2101417,찬성,2020-09-24
21,FH777496,2101417,찬성,2020-09-24
21,FYI20317,2101417,찬성,2020-09-24
21,8X15119P,2101417,찬성,2020-09-24
21,ZYP7962W,2101417,불참,2020-09-24
21,CNW5754J,2101417,찬성,2020-09-24
21,GX38539O,2101417,찬성,2020-09-24
21,8Q88373R,2101417,찬성,2020-09-24
21,WVU2479T,2101417,찬성,2020-09-24
21,9D939735,2101417,반대,2020-09-24
21,QTW6852F,2101417,기권,2020-09-24
21,7XY7109I,2101417,찬성,2020-09-24
21,TST4507I,2101417,찬성,2020-09-24
21,JC14718Q,2101417,찬성,2020-09-24
21,5KV82250,2101417,기권,2020-09-24
21,L7J93733,2101417,찬성,2020-09-24
21,LT72093S,2101417,찬성,2020-09-24
21,GE71932C,2101417,찬성,2020-09-24
21,1MU99298,2101417,찬성,2020-09-24
21,G152611B,2101417,반대,2020-09-24
21,I7R13867,2101417,찬성,2020-09-24
21,SQ36001H,2101417,찬성,2020-09-24
21,9LD2641Q,2101417,찬성,2020-09-24
21,QUO78839,2101417,찬성,2020-09-24
21,LPB30152,2101417,찬성,2020-09-24
21,MD083627,2101417,찬성,2020-09-24
21,TZP9391O,2101417,찬성,2020-09-24
21,6V37131U,2101417,찬성,2020-09-24
21,B7R2742J,2101417,찬성,2020-09-24
21,FJK3396E,2101417,찬성,2020-09-24
21,7O71647Z,2101417,찬성,2020-09-24
21,W1Q6753M,2101417,찬성,2020-09-24
21,E1J8836Y,2101417,찬성,2020-09-24
21,RD42006Y,2101417,찬성,2020-09-24
21,6EN68926,2101417,불참,2020-09-24
21,1BX7234U,2101417,찬성,2020-09-24
21,AE685067,2101417,찬성,2020-09-24
21,9S151177,2101417,찬성,2020-09-24
21,TZ228122,2101417,찬성,2020-09-24
21,9V18755A,2101417,찬성,2020-09-24
21,PO64874I,2101417,불참,2020-09-24
21,4X525582,2101417,반대,2020-09-24
21,XA42275R,2101417,찬성,2020-09-24
21,4XG1439M,2101417,찬성,2020-09-24
21,P2N50879,2101417,찬성,2020-09-24
21,A2V51235,2101417,찬성,2020-09-24
21,A3H7195R,2101417,찬성,2020-09-24
21,0VU8517U,2101417,찬성,2020-09-24
21,M0A1658U,2101417,찬성,2020-09-24
21,3BC6890E,2101417,기권,2020-09-24
21,GFF1986K,2101417,찬성,2020-09-24
21,ZKU88693,2101417,찬성,2020-09-24
21,5KV96424,2101417,찬성,2020-09-24
21,8FB1535Y,2101417,찬성,2020-09-24
21,PZA4062H,2101417,찬성,2020-09-24
21,8348421R,2101417,찬성,2020-09-24
21,WMG57662,2101417,찬성,2020-09-24
21,6MO8786S,2101417,반대,2020-09-24
21,OW53107J,2101417,찬성,2020-09-24
21,D6U6678O,2101417,불참,2020-09-24
21,S9U45255,2101417,기권,2020-09-24
21,P0F1530P,2101417,불참,2020-09-24
21,LQW3652K,2101417,반대,2020-09-24
21,RO593601,2101417,찬성,2020-09-24
21,GAV6441G,2101417,찬성,2020-09-24
21,JMY9959W,2101417,찬성,2020-09-24
21,VCP96419,2101417,찬성,2020-09-24
21,B7D7534L,2101417,찬성,2020-09-24
21,6399076T,2101417,찬성,2020-09-24
21,04T3751T,2101417,찬성,2020-09-24
21,EVH1507C,2101417,찬성,2020-09-24
21,14M56632,2101417,찬성,2020-09-24
21,6U243644,2101417,불참,2020-09-24
21,E9R4507P,2101417,찬성,2020-09-24
21,J9S37905,2101417,기권,2020-09-24
21,QUM8288K,2101417,찬성,2020-09-24
21,CFE3998F,2101417,찬성,2020-09-24
21,YLS4431M,2101417,반대,2020-09-24
21,HSS7466Y,2101417,찬성,2020-09-24
21,5UN9725L,2101417,기권,2020-09-24
21,9YO73104,2101417,불참,2020-09-24
21,CDL93608,2101417,찬성,2020-09-24
21,2UD1340H,2101417,찬성,2020-09-24
21,9VR65006,2101417,찬성,2020-09-24
21,X7I4680R,2101417,찬성,2020-09-24
21,D0C85236,2101417,기권,2020-09-24
21,XSP20229,2101417,찬성,2020-09-24
21,3RW63706,2101417,찬성,2020-09-24
21,3249208I,2101417,찬성,2020-09-24
21,XEF29171,2101417,찬성,2020-09-24
21,DAV7257X,2101417,찬성,2020-09-24
21,17M85910,2101417,찬성,2020-09-24
21,G1570880,2101417,찬성,2020-09-24
21,BT62420K,2101417,찬성,2020-09-24
21,OSV9142K,2101417,찬성,2020-09-24
21,ZDP5704Q,2101417,찬성,2020-09-24
21,MHK9919B,2101417,반대,2020-09-24
21,QHL3248U,2101417,찬성,2020-09-24
21,TJW93720,2101417,찬성,2020-09-24
21,USR7059P,2101417,기권,2020-09-24
21,DWK26447,2113069,찬성,2024-02-01
21,TZ228122,2113069,찬성,2024-02-01
21,JVB6983V,2113069,찬성,2024-02-01
21,DAY6557K,2113069,찬성,2024-02-01
21,P2N50879,2113069,찬성,2024-02-01
21,A2V51235,2113069,찬성,2024-02-01
21,M0A1658U,2113069,찬성,2024-02-01
21,M7T9712V,2113069,찬성,2024-02-01
21,1WE5693J,2113069,불참,2024-02-01
21,WFU14784,2113069,찬성,2024-02-01
21,8348421R,2113069,찬성,2024-02-01
21,JQA21112,2113069,찬성,2024-02-01
21,0827740Q,2113069,찬성,2024-02-01
21,0W194007,2113069,불참,2024-02-01
21,3425169D,2113069,찬성,2024-02-01
21,CT85313K,2113069,찬성,2024-02-01
21,LG63087O,2113069,찬성,2024-02-01
21,KUO3574J,2113069,찬성,2024-02-01
21,8FC9697X,2113069,찬성,2024-02-01
21,ZRF3039U,2113069,찬성,2024-02-01
21,UB114374,2113069,찬성,2024-02-01
21,8KF7223D,2113069,불참,2024-02-01
21,F5Y4026Q,2113069,찬성,2024-02-01
21,WHV3448W,2113069,불참,2024-02-01
21,O6D8329R,2113069,찬성,2024-02-01
21,N9X9673B,2113069,찬성,2024-02-01
21,CAA7713A,2113069,찬성,2024-02-01
21,CZB4125D,2113069,불참,2024-02-01
21,JEZ3130Q,2113069,불참,2024-02-01
21,BCQ55105,2113069,불참,2024-02-01
21,9L57027L,2113069,찬성,2024-02-01
21,IUD9392R,2113069,불참,2024-02-01
21,DBA1057Z,2113069,불참,2024-02-01
21,RQQ3807K,2113069,찬성,2024-02-01
21,CNW5754J,2113069,찬성,2024-02-01
21,LT72093S,2113069,찬성,2024-02-01
21,FDC3144T,2113069,찬성,2024-02-01
21,I7R13867,2113069,찬성,2024-02-01
21,OSV9142K,2113069,찬성,2024-02-01
21,B7R2742J,2113069,찬성,2024-02-01
21,FJK3396E,2113069,불참,2024-02-01
21,7O71647Z,2113069,찬성,2024-02-01
21,RD42006Y,2113069,불참,2024-02-01
21,9S151177,2113069,찬성,2024-02-01
21,DV77269P,2113069,찬성,2024-02-01
21,F5U2979W,2113069,찬성,2024-02-01
21,YOG1280B,2113069,찬성,2024-02-01
21,FIC9046Z,2113069,찬성,2024-02-01
21,NUB4941Z,2113069,찬성,2024-02-01
21,KFM1081G,2113069,불참,2024-02-01
21,F0I5053J,2113069,반대,2024-02-01
21,MSO2590I,2113069,찬성,2024-02-01
21,C835799S,2113069,찬성,2024-02-01
21,NLR6572J,2113069,찬성,2024-02-01
21,YTA7297R,2113069,찬성,2024-02-01
21,L7T64271,2113069,찬성,2024-02-01
21,4X525582,2113069,불참,2024-02-01
21,GKD32201,2113069,찬성,2024-02-01
21,G7512472,2113069,찬성,2024-02-01
21,3TO11703,2113069,찬성,2024-02-01
21,S741317G,2113069,찬성,2024-02-01
21,CCU1009B,2113069,불참,2024-02-01
21,MU69217P,2113069,찬성,2024-02-01
21,2N793392,2113069,찬성,2024-02-01
21,LM13674V,2113069,찬성,2024-02-01
21,QD25323M,2113069,찬성,2024-02-01
21,GP07421U,2113069,찬성,2024-02-01
21,FGI27280,2113069,불참,2024-02-01
21,USR7059P,2113069,기권,2024-02-01
21,4XG1439M,2113069,찬성,2024-02-01
21,A0P4646G,2113069,불참,2024-02-01
21,7I09543O,2113069,찬성,2024-02-01
21,3DK8989T,2113069,찬성,2024-02-01
21,7469929V,2113069,찬성,2024-02-01
21,D4L60530,2113069,찬성,2024-02-01
21,M6H1705E,2113069,찬성,2024-02-01
21,OFE45081,2113069,찬성,2024-02-01
21,09I2323E,2113069,찬성,2024-02-01
21,NTT8182Q,2113069,찬성,2024-02-01
21,A3H7195R,2113069,찬성,2024-02-01
21,ZYH1940A,2113069,찬성,2024-02-01
21,0VU8517U,2113069,찬성,2024-02-01
21,HSW1214Q,2113069,찬성,2024-02-01
21,NZF1659U,2113069,찬성,2024-02-01
21,WDS6044S,2113069,찬성,2024-02-01
21,3BC6890E,2113069,찬성,2024-02-01
21,ZDR63255,2113069,찬성,2024-02-01
21,KR14136C,2113069,찬성,2024-02-01
21,5765663F,2113069,찬성,2024-02-01
21,GFF1986K,2113069,불참,2024-02-01
21,ZKU88693,2113069,찬성,2024-02-01
21,WJL30106,2113069,찬성,2024-02-01
21,5KV96424,2113069,찬성,2024-02-01
21,KNM3215T,2113069,찬성,2024-02-01
21,60490713,2113069,찬성,2024-02-01
21,UM51067K,2113069,찬성,2024-02-01
21,HKJ99607,2113069,찬성,2024-02-01
21,X3170462,2113069,찬성,2024-02-01
21,MY318392,2113069,불참,2024-02-01
21,8FB1535Y,2113069,찬성,2024-02-01
21,4T026790,2113069,찬성,2024-02-01
21,EH27538E,2113069,불참,2024-02-01
21,SU53086M,2113069,찬성,2024-02-01
21,0WL9321T,2113069,찬성,2024-02-01
21,PZA4062H,2113069,찬성,2024-02-01
21,MR210505,2113069,찬성,2024-02-01
21,GF286398,2113069,찬성,2024-02-01
21,H5476989,2113069,불참,2024-02-01
21,4L695580,2113069,찬성,2024-02-01
21,40E3739H,2113069,찬성,2024-02-01
21,6FS10566,2113069,찬성,2024-02-01
21,HXT76735,2113069,불참,2024-02-01
21,RPN2293B,2113069,불참,2024-02-01
21,0R68099X,2113069,찬성,2024-02-01
21,6RM29022,2113069,찬성,2024-02-01
21,MQU41854,2113069,찬성,2024-02-01
21,V429892C,2113069,찬성,2024-02-01
21,2385336L,2113069,찬성,2024-02-01
21,IN328264,2113069,불참,2024-02-01
21,XBT9550Q,2113069,찬성,2024-02-01
21,ZA54991S,2113069,찬성,2024-02-01
21,MO52543L,2113069,찬성,2024-02-01
21,X1K3667J,2113069,불참,2024-02-01
21,WMG57662,2113069,찬성,2024-02-01
21,I5I2468R,2113069,불참,2024-02-01
21,WTR5885Y,2113069,찬성,2024-02-01
21,IOW1101J,2113069,찬성,2024-02-01
21,25I8709Q,2113069,찬성,2024-02-01
21,OIA3741M,2113069,찬성,2024-02-01
21,6MO8786S,2113069,찬성,2024-02-01
21,XWX1513T,2113069,찬성,2024-02-01
21,BLC8630L,2113069,찬성,2024-02-01
21,NQR1206Q,2113069,찬성,2024-02-01
21,OW53107J,2113069,찬성,2024-02-01
21,PEP6922S,2113069,찬성,2024-02-01
21,DAN6731C,2113069,찬성,2024-02-01
21,VG24001G,2113069,찬성,2024-02-01
21,L2I9861C,2113069,찬성,2024-02-01
21,WCD5518S,2113069,찬성,2024-02-01
21,SVH3899R,2113069,찬성,2024-02-01
21,IOW8224X,2113069,찬성,2024-02-01
21,9JF4562W,2113069,찬성,2024-02-01
21,Y7K5946R,2113069,찬성,2024-02-01
21,Z7Y7827F,2113069,불참,2024-02-01
21,ATB59635,2113069,찬성,2024-02-01
21,D6U6678O,2113069,찬성,2024-02-01
21,FU87526G,2113069,찬성,2024-02-01
21,S9U45255,2113069,찬성,2024-02-01
21,8SV6917G,2113069,찬성,2024-02-01
21,QKO6165V,2113069,찬성,2024-02-01
21,GD131760,2113069,찬성,2024-02-01
21,V0O5343U,2113069,불참,2024-02-01
21,68P7228G,2113069,찬성,2024-02-01
21,P0F1530P,2113069,불참,2024-02-01
21,XPP2564T,2113069,불참,2024-02-01
21,FRN1867O,2113069,불참,2024-02-01
21,LQW3652K,2113069,불참,2024-02-01
21,RO593601,2113069,찬성,2024-02-01
21,PFG2137X,2113069,찬성,2024-02-01
21,GAV6441G,2113069,찬성,2024-02-01
21,0YT3774N,2113069,찬성,2024-02-01
21,7JC3239L,2113069,찬성,2024-02-01
21,40S1959J,2113069,찬성,2024-02-01
21,IL74008M,2113069,찬성,2024-02-01
21,8P37634C,2113069,찬성,2024-02-01
21,CNZ51556,2113069,찬성,2024-02-01
21,N4R2421C,2113069,찬성,2024-02-01
21,3C23171A,2113069,불참,2024-02-01
21,GDG1847Z,2113069,찬성,2024-02-01
21,P2N4585G,2113069,찬성,2024-02-01
21,O7R5461J,2113069,찬성,2024-02-01
21,JMY9959W,2113069,불참,2024-02-01
21,7R156073,2113069,찬성,2024-02-01
21,6AR6743G,2113069,불참,2024-02-01
21,J2O8643H,2113069,찬성,2024-02-01
21,VCP96419,2113069,찬성,2024-02-01
21,6AU2417B,2113069,찬성,2024-02-01
21,8VJ8533R,2113069,찬성,2024-02-01
21,B7D7534L,2113069,찬성,2024-02-01
21,GX22581L,2113069,찬성,2024-02-01
21,SE233396,2113069,찬성,2024-02-01
21,AFH96856,2113069,불참,2024-02-01
21,52P3934K,2113069,찬성,2024-02-01
21,B7H6207C,2113069,찬성,2024-02-01
21,6399076T,2113069,찬성,2024-02-01
21,4U29186R,2113069,찬성,2024-02-01
21,6RD62559,2113069,불참,2024-02-01
21,1Y73132H,2113069,불참,2024-02-01
21,I0S53762,2113069,찬성,2024-02-01
21,LH97552Q,2113069,찬성,2024-02-01
21,TKJ4800F,2113069,찬성,2024-02-01
21,04T3751T,2113069,불참,2024-02-01
21,MSY7784L,2113069,찬성,2024-02-01
21,EVH1507C,2113069,찬성,2024-02-01
21,K5F2023J,2113069,찬성,2024-02-01
21,14M56632,2113069,불참,2024-02-01
21,5MD4184K,2113069,찬성,2024-02-01
21,5K93695T,2113069,찬성,2024-02-01
21,DPZ7685X,2113069,찬성,2024-02-01
21,6U243644,2113069,찬성,2024-02-01
21,E9R4507P,2113069,찬성,2024-02-01
21,UHB5553T,2113069,찬성,2024-02-01
21,KFS1358P,2113069,찬성,2024-02-01
21,J9S37905,2113069,찬성,2024-02-01
21,A494529E,2113069,불참,2024-02-01
21,VRY5522V,2113069,찬성,2024-02-01
21,0PK7354M,2113069,찬성,2024-02-01
21,O0I2045I,2113069,찬성,2024-02-01
21,Z6R3959C,2113069,불참,2024-02-01
21,QUM8288K,2113069,불참,2024-02-01
21,UGH6481E,2113069,찬성,2024-02-01
21,S824682L,2113069,찬성,2024-02-01
21,W4X85128,2113069,불참,2024-02-01
21,Q9H5708M,2113069,찬성,2024-02-01
21,JZY9937U,2113069,불참,2024-02-01
21,MRK4871S,2113069,찬성,2024-02-01
21,2NV6751W,2113069,찬성,2024-02-01
21,BM63269Y,2113069,찬성,2024-02-01
21,M7O7878U,2113069,불참,2024-02-01
21,YLS4431M,2113069,찬성,2024-02-01
21,MNZ4401T,2113069,불참,2024-02-01
21,3ZR4438W,2113069,불참,2024-02-01
21,HSS7466Y,2113069,찬성,2024-02-01
21,16D7652C,2113069,찬성,2024-02-01
21,KB04377U,2113069,찬성,2024-02-01
21,FU53642G,2113069,찬성,2024-02-01
21,MLH1404S,2113069,불참,2024-02-01
21,8VY63414,2113069,찬성,2024-02-01
21,XR24352K,2113069,찬성,2024-02-01
21,QQP4727N,2113069,찬성,2024-02-01
21,GOC54665,2113069,찬성,2024-02-01
21,5UN9725L,2113069,찬성,2024-02-01
21,LJK4960Z,2113069,찬성,2024-02-01
21,K3W33496,2113069,불참,2024-02-01
21,NCO99988,2113069,찬성,2024-02-01
21,M2Q9024I,2113069,불참,2024-02-01
21,CI15627C,2113069,찬성,2024-02-01
21,C7E79345,2113069,불참,2024-02-01
21,4019850M,2113069,찬성,2024-02-01
21,UQ282145,2113069,불참,2024-02-01
21,9YO73104,2113069,찬성,2024-02-01
21,TRE2429O,2113069,불참,2024-02-01
21,E6U4345C,2113069,찬성,2024-02-01
21,7BM2933Y,2113069,찬성,2024-02-01
21,CDL93608,2113069,불참,2024-02-01
21,2UD1340H,2113069,찬성,2024-02-01
21,9VR65006,2113069,찬성,2024-02-01
21,X7I4680R,2113069,찬성,2024-02-01
21,EMC8812P,2113069,찬성,2024-02-01
21,XJC13432,2113069,찬성,2024-02-01
21,XSP20229,2113069,찬성,2024-02-01
21,T465023H,2113069,찬성,2024-02-01
21,3RW63706,2113069,찬성,2024-02-01
21,FH777496,2113069,찬성,2024-02-01
21,FYI20317,2113069,찬성,2024-02-01
21,8X15119P,2113069,찬성,2024-02-01
21,ZYP7962W,2113069,불참,2024-02-01
21,3249208I,2113069,찬성,2024-02-01
21,GX38539O,2113069,찬성,2024-02-01
21,8Q88373R,2113069,불참,2024-02-01
21,XEF29171,2113069,찬성,2024-02-01
21,WVU2479T,2113069,찬성,2024-02-01
21,9D939735,2113069,찬성,2024-02-01
21,QTW6852F,2113069,찬성,2024-02-01
21,7XY7109I,2113069,찬성,2024-02-01
21,TST4507I,2113069,찬성,2024-02-01
21,JC14718Q,2113069,찬성,2024-02-01
21,5KV82250,2113069,찬성,2024-02-01
21,L7J93733,2113069,찬성,2024-02-01
21,DAV7257X,2113069,찬성,2024-02-01
21,GE71932C,2113069,찬성,2024-02-01
21,6YT83269,2113069,찬성,2024-02-01
21,1MU99298,2113069,찬성,2024-02-01
21,17M85910,2113069,찬성,2024-02-01
21,G152611B,2113069,불참,2024-02-01
21,SQ36001H,2113069,찬성,2024-02-01
21,G1570880,2113069,찬성,2024-02-01
21,9LD2641Q,2113069,찬성,2024-02-01
21,FOK3459D,2113069,불참,2024-02-01
21,QUO78839,2113069,찬성,2024-02-01
21,BT62420K,2113069,불참,2024-02-01
21,LPB30152,2113069,찬성,2024-02-01
21,MD083627,2113069,찬성,2024-02-01
21,TZP9391O,2113069,찬성,2024-02-01
21,6V37131U,2113069,불참,2024-02-01
21,ZDP5704Q,2113069,찬성,2024-02-01
21,71J2365L,2113069,불참,2024-02-01
21,E1J8836Y,2113069,찬성,2024-02-01
21,6EN68926,2113069,불참,2024-02-01
21,1BX7234U,2113069,찬성,2024-02-01
21,QHL3248U,2113069,찬성,2024-02-01
21,TJW93720,2113069,찬성,2024-02-01
21,9V18755A,2113069,찬성,2024-02-01
21,XA42275R,2113069,찬성,2024-02-01
21,PO64874I,2113069,불참,2024-02-01
21,LBC8144B,2113069,찬성,2024-02-01
21,VHK3402G,2113069,불참,2024-02-01
21,SZ51175J,2113069,찬성,2024-02-01
21,FDC3144T,2116900,찬성,2022-12-08
21,SQ36001H,2116900,찬성,2022-12-08
21,QUO78839,2116900,찬성,2022-12-08
21,FJK3396E,2116900,불참,2022-12-08
21,E1J8836Y,2116900,불참,2022-12-08
21,F5U2979W,2116900,불참,2022-12-08
21,NLR6572J,2116900,찬성,2022-12-08
21,JNL7001A,2116900,찬성,2022-12-08
21,66W6739S,2116900,불참,2022-12-08
21,QD25323M,2116900,찬성,2022-12-08
21,JVB6983V,2116900,불참,2022-12-08
21,4XG1439M,2116900,찬성,2022-12-08
21,P2N50879,2116900,불참,2022-12-08
21,A2V51235,2116900,찬성,2022-12-08
21,7I09543O,2116900,찬성,2022-12-08
21,OFE45081,2116900,찬성,2022-12-08
21,0VU8517U,2116900,불참,2022-12-08
21,M0A1658U,2116900,찬성,2022-12-08
21,SRP7336N,2116900,불참,2022-12-08
21,5KV96424,2116900,불참,2022-12-08
21,60490713,2116900,찬성,2022-12-08
21,1WE5693J,2116900,찬성,2022-12-08
21,X3170462,2116900,불참,2022-12-08
21,SU53086M,2116900,찬성,2022-12-08
21,GF286398,2116900,찬성,2022-12-08
21,JQA21112,2116900,불참,2022-12-08
21,RPN2293B,2116900,찬성,2022-12-08
21,0827740Q,2116900,불참,2022-12-08
21,0W194007,2116900,찬성,2022-12-08
21,NCP9875N,2116900,찬성,2022-12-08
21,I5I2468R,2116900,찬성,2022-12-08
21,3425169D,2116900,찬성,2022-12-08
21,CT85313K,2116900,찬성,2022-12-08
21,DAN6731C,2116900,불참,2022-12-08
21,VG24001G,2116900,불참,2022-12-08
21,SVH3899R,2116900,찬성,2022-12-08
21,ATB59635,2116900,불참,2022-12-08
21,KUO3574J,2116900,찬성,2022-12-08
21,8SV6917G,2116900,찬성,2022-12-08
21,68P7228G,2116900,찬성,2022-12-08
21,LQW3652K,2116900,찬성,2022-12-08
21,CNZ51556,2116900,찬성,2022-12-08
21,P2N4585G,2116900,찬성,2022-12-08
21,6AU2417B,2116900,불참,2022-12-08
21,8VJ8533R,2116900,찬성,2022-12-08
21,6399076T,2116900,찬성,2022-12-08
21,WHV3448W,2116900,불참,2022-12-08
21,I0S53762,2116900,찬성,2022-12-08
21,04T3751T,2116900,불참,2022-12-08
21,EVH1507C,2116900,찬성,2022-12-08
21,5K93695T,2116900,찬성,2022-12-08
21,KFS1358P,2116900,찬성,2022-12-08
21,JZY9937U,2116900,찬성,2022-12-08
21,M7O7878U,2116900,불참,2022-12-08
21,KB04377U,2116900,찬성,2022-12-08
21,FU53642G,2116900,찬성,2022-12-08
21,JEZ3130Q,2116900,찬성,2022-12-08
21,LJK4960Z,2116900,찬성,2022-12-08
21,IUD9392R,2116900,찬성,2022-12-08
21,K3W33496,2116900,불참,2022-12-08
21,CI15627C,2116900,찬성,2022-12-08
21,TRE2429O,2116900,불참,2022-12-08
21,E6U4345C,2116900,찬성,2022-12-08
21,EMC8812P,2116900,찬성,2022-12-08
21,XSP20229,2116900,불참,2022-12-08
21,T465023H,2116900,찬성,2022-12-08
21,8X15119P,2116900,불참,2022-12-08
21,9D939735,2116900,찬성,2022-12-08
21,L7J93733,2116900,찬성,2022-12-08
21,YOG1280B,2116900,불참,2022-12-08
21,FIC9046Z,2116900,불참,2022-12-08
21,DWK26447,2116900,불참,2022-12-08
21,NUB4941Z,2116900,찬성,2022-12-08
21,KFM1081G,2116900,찬성,2022-12-08
21,YTA7297R,2116900,불참,2022-12-08
21,L7T64271,2116900,찬성,2022-12-08
21,4X525582,2116900,불참,2022-12-08
21,GKD32201,2116900,찬성,2022-12-08
21,G7512472,2116900,찬성,2022-12-08
21,3TO11703,2116900,불참,2022-12-08
21,S741317G,2116900,불참,2022-12-08
21,CCU1009B,2116900,찬성,2022-12-08
21,MU69217P,2116900,불참,2022-12-08
21,2N793392,2116900,찬성,2022-12-08
21,LM13674V,2116900,찬성,2022-12-08
21,DAY6557K,2116900,찬성,2022-12-08
21,GP07421U,2116900,불참,2022-12-08
21,FGI27280,2116900,불참,2022-12-08
21,USR7059P,2116900,불참,2022-12-08
21,A0P4646G,2116900,불참,2022-12-08
21,3DK8989T,2116900,불참,2022-12-08
21,7469929V,2116900,불참,2022-12-08
21,D4L60530,2116900,찬성,2022-12-08
21,M6H1705E,2116900,찬성,2022-12-08
21,09I2323E,2116900,불참,2022-12-08
21,NTT8182Q,2116900,찬성,2022-12-08
21,A3H7195R,2116900,불참,2022-12-08
21,ZYH1940A,2116900,불참,2022-12-08
21,HSW1214Q,2116900,찬성,2022-12-08
21,NZF1659U,2116900,불참,2022-12-08
21,WDS6044S,2116900,찬성,2022-12-08
21,3BC6890E,2116900,불참,2022-12-08
21,ZDR63255,2116900,불참,2022-12-08
21,KR14136C,2116900,찬성,2022-12-08
21,5765663F,2116900,찬성,2022-12-08
21,GFF1986K,2116900,찬성,2022-12-08
21,ZKU88693,2116900,불참,2022-12-08
21,WJL30106,2116900,불참,2022-12-08
21,KNM3215T,2116900,불참,2022-12-08
21,M7T9712V,2116900,불참,2022-12-08
21,UM51067K,2116900,찬성,2022-12-08
21,HKJ99607,2116900,불참,2022-12-08
21,MY318392,2116900,불참,2022-12-08
21,8FB1535Y,2116900,찬성,2022-12-08
21,4T026790,2116900,찬성,2022-12-08
21,EH27538E,2116900,찬성,2022-12-08
21,WFU14784,2116900,불참,2022-12-08
21,0WL9321T,2116900,찬성,2022-12-08
21,PZA4062H,2116900,불참,2022-12-08
21,MR210505,2116900,불참,2022-12-08
21,8348421R,2116900,불참,2022-12-08
21,H5476989,2116900,찬성,2022-12-08
21,4L695580,2116900,찬성,2022-12-08
21,40E3739H,2116900,찬성,2022-12-08
21,HXT76735,2116900,찬성,2022-12-08
21,0R68099X,2116900,찬성,2022-12-08
21,6RM29022,2116900,찬성,2022-12-08
21,MQU41854,2116900,불참,2022-12-08
21,V429892C,2116900,찬성,2022-12-08
21,2385336L,2116900,찬성,2022-12-08
21,IN328264,2116900,불참,2022-12-08
21,XBT9550Q,2116900,불참,2022-12-08
21,ZA54991S,2116900,찬성,2022-12-08
21,MO52543L,2116900,찬성,2022-12-08
21,X1K3667J,2116900,찬성,2022-12-08
21,WMG57662,2116900,찬성,2022-12-08
21,WTR5885Y,2116900,찬성,2022-12-08
21,IOW1101J,2116900,찬성,2022-12-08
21,ICH23251,2116900,찬성,2022-12-08
21,25I8709Q,2116900,찬성,2022-12-08
21,OIA3741M,2116900,찬성,2022-12-08
21,6MO8786S,2116900,불참,2022-12-08
21,XWX1513T,2116900,찬성,2022-12-08
21,BLC8630L,2116900,찬성,2022-12-08
21,NQR1206Q,2116900,찬성,2022-12-08
21,LG63087O,2116900,불참,2022-12-08
21,OW53107J,2116900,찬성,2022-12-08
21,PEP6922S,2116900,불참,2022-12-08
21,L2I9861C,2116900,찬성,2022-12-08
21,WCD5518S,2116900,찬성,2022-12-08
21,IOW8224X,2116900,찬성,2022-12-08
21,9JF4562W,2116900,찬성,2022-12-08
21,Y7K5946R,2116900,찬성,2022-12-08
21,Z7Y7827F,2116900,찬성,2022-12-08
21,SBK1544B,2116900,불참,2022-12-08
21,D6U6678O,2116900,찬성,2022-12-08
21,FU87526G,2116900,불참,2022-12-08
21,S9U45255,2116900,불참,2022-12-08
21,8FC9697X,2116900,불참,2022-12-08
21,QKO6165V,2116900,불참,2022-12-08
21,GD131760,2116900,불참,2022-12-08
21,ZRF3039U,2116900,불참,2022-12-08
21,V0O5343U,2116900,찬성,2022-12-08
21,P0F1530P,2116900,불참,2022-12-08
21,XPP2564T,2116900,찬성,2022-12-08
21,FRN1867O,2116900,찬성,2022-12-08
21,RO593601,2116900,찬성,2022-12-08
21,PFG2137X,2116900,찬성,2022-12-08
21,UB114374,2116900,불참,2022-12-08
21,GAV6441G,2116900,찬성,2022-12-08
21,0YT3774N,2116900,찬성,2022-12-08
21,7JC3239L,2116900,불참,2022-12-08
21,40S1959J,2116900,찬성,2022-12-08
21,IL74008M,2116900,찬성,2022-12-08
21,8KF7223D,2116900,찬성,2022-12-08
21,8P37634C,2116900,찬성,2022-12-08
21,N4R2421C,2116900,불참,2022-12-08
21,3C23171A,2116900,찬성,2022-12-08
21,GDG1847Z,2116900,찬성,2022-12-08
21,O7R5461J,2116900,찬성,2022-12-08
21,JMY9959W,2116900,불참,2022-12-08
21,7R156073,2116900,불참,2022-12-08
21,6AR6743G,2116900,찬성,2022-12-08
21,J2O8643H,2116900,찬성,2022-12-08
21,VCP96419,2116900,불참,2022-12-08
21,B7D7534L,2116900,불참,2022-12-08
21,GX22581L,2116900,불참,2022-12-08
21,SE233396,2116900,찬성,2022-12-08
21,AFH96856,2116900,불참,2022-12-08
21,52P3934K,2116900,불참,2022-12-08
21,B7H6207C,2116900,찬성,2022-12-08
21,4U29186R,2116900,찬성,2022-12-08
21,F5Y4026Q,2116900,불참,2022-12-08
21,6RD62559,2116900,찬성,2022-12-08
21,1Y73132H,2116900,불참,2022-12-08
21,LH97552Q,2116900,찬성,2022-12-08
21,TKJ4800F,2116900,불참,2022-12-08
21,O6D8329R,2116900,찬성,2022-12-08
21,MSY7784L,2116900,불참,2022-12-08
21,K5F2023J,2116900,찬성,2022-12-08
21,14M56632,2116900,찬성,2022-12-08
21,N9X9673B,2116900,찬성,2022-12-08
21,5MD4184K,2116900,찬성,2022-12-08
21,DPZ7685X,2116900,불참,2022-12-08
21,6U243644,2116900,찬성,2022-12-08
21,E9R4507P,2116900,불참,2022-12-08
21,UHB5553T,2116900,찬성,2022-12-08
21,J9S37905,2116900,불참,2022-12-08
21,A494529E,2116900,찬성,2022-12-08
21,VRY5522V,2116900,기권,2022-12-08
21,CAA7713A,2116900,불참,2022-12-08
21,0PK7354M,2116900,찬성,2022-12-08
21,O0I2045I,2116900,찬성,2022-12-08
21,CZB4125D,2116900,불참,2022-12-08
21,Z6R3959C,2116900,불참,2022-12-08
21,QUM8288K,2116900,찬성,2022-12-08
21,UGH6481E,2116900,찬성,2022-12-08
21,S824682L,2116900,찬성,2022-12-08
21,W4X85128,2116900,불참,2022-12-08
21,Q9H5708M,2116900,불참,2022-12-08
21,MRK4871S,2116900,불참,2022-12-08
21,YKW37422,2116900,찬성,2022-12-08
21,2NV6751W,2116900,찬성,2022-12-08
21,BM63269Y,2116900,찬성,2022-12-08
21,YLS4431M,2116900,찬성,2022-12-08
21,MNZ4401T,2116900,찬성,2022-12-08
21,3ZR4438W,2116900,찬성,2022-12-08
21,HSS7466Y,2116900,불참,2022-12-08
21,16D7652C,2116900,찬성,2022-12-08
21,MLH1404S,2116900,찬성,2022-12-08
21,8VY63414,2116900,찬성,2022-12-08
21,XR24352K,2116900,찬성,2022-12-08
21,QQP4727N,2116900,찬성,2022-12-08
21,BCQ55105,2116900,기권,2022-12-08
21,9L57027L,2116900,찬성,2022-12-08
21,GOC54665,2116900,불참,2022-12-08
21,5UN9725L,2116900,불참,2022-12-08
21,M2Q9024I,2116900,불참,2022-12-08
21,DBA1057Z,2116900,찬성,2022-12-08
21,C7E79345,2116900,찬성,2022-12-08
21,4019850M,2116900,찬성,2022-12-08
21,UQ282145,2116900,불참,2022-12-08
21,9YO73104,2116900,찬성,2022-12-08
21,7BM2933Y,2116900,찬성,2022-12-08
21,CDL93608,2116900,불참,2022-12-08
21,2UD1340H,2116900,찬성,2022-12-08
21,9VR65006,2116900,찬성,2022-12-08
21,X7I4680R,2116900,불참,2022-12-08
21,XJC13432,2116900,찬성,2022-12-08
21,3RW63706,2116900,찬성,2022-12-08
21,RQQ3807K,2116900,찬성,2022-12-08
21,FH777496,2116900,찬성,2022-12-08
21,FYI20317,2116900,찬성,2022-12-08
21,ZYP7962W,2116900,불참,2022-12-08
21,CNW5754J,2116900,불참,2022-12-08
21,3249208I,2116900,불참,2022-12-08
21,GX38539O,2116900,찬성,2022-12-08
21,8Q88373R,2116900,찬성,2022-12-08
21,XEF29171,2116900,찬성,2022-12-08
21,WVU2479T,2116900,불참,2022-12-08
21,QTW6852F,2116900,찬성,2022-12-08
21,7XY7109I,2116900,불참,2022-12-08
21,TST4507I,2116900,찬성,2022-12-08
21,JC14718Q,2116900,찬성,2022-12-08
21,5KV82250,2116900,찬성,2022-12-08
21,DAV7257X,2116900,찬성,2022-12-08
21,LT72093S,2116900,찬성,2022-12-08
21,GE71932C,2116900,찬성,2022-12-08
21,6YT83269,2116900,찬성,2022-12-08
21,1MU99298,2116900,찬성,2022-12-08
21,17M85910,2116900,찬성,2022-12-08
21,G152611B,2116900,불참,2022-12-08
21,I7R13867,2116900,찬성,2022-12-08
21,G1570880,2116900,불참,2022-12-08
21,9LD2641Q,2116900,찬성,2022-12-08
21,FOK3459D,2116900,불참,2022-12-08
21,BT62420K,2116900,찬성,2022-12-08
21,LPB30152,2116900,찬성,2022-12-08
21,MD083627,2116900,찬성,2022-12-08
21,TZP9391O,2116900,찬성,2022-12-08
21,6V37131U,2116900,찬성,2022-12-08
21,OSV9142K,2116900,찬성,2022-12-08
21,B7R2742J,2116900,찬성,2022-12-08
21,ZDP5704Q,2116900,찬성,2022-12-08
21,71J2365L,2116900,찬성,2022-12-08
21,7O71647Z,2116900,찬성,2022-12-08
21,W1Q6753M,2116900,찬성,2022-12-08
21,RD42006Y,2116900,찬성,2022-12-08
21,6EN68926,2116900,불참,2022-12-08
21,1BX7234U,2116900,찬성,2022-12-08
21,QHL3248U,2116900,불참,2022-12-08
21,TJW93720,2116900,찬성,2022-12-08
21,9S151177,2116900,찬성,2022-12-08
21,TZ228122,2116900,찬성,2022-12-08
21,9V18755A,2116900,찬성,2022-12-08
21,XA42275R,2116900,찬성,2022-12-08
21,PO64874I,2116900,찬성,2022-12-08
21,LBC8144B,2116900,찬성,2022-12-08
21,VHK3402G,2116900,찬성,2022-12-08
21,FIC9046Z,2111585,불참,2021-07-24
21,GKD32201,2111585,찬성,2021-07-24
21,G7512472,2111585,찬성,2021-07-24
21,S741317G,2111585,기권,2021-07-24
21,CCU1009B,2111585,찬성,2021-07-24
21,2N793392,2111585,찬성,2021-07-24
21,QD25323M,2111585,찬성,2021-07-24
21,DAY6557K,2111585,찬성,2021-07-24
21,GP07421U,2111585,찬성,2021-07-24
21,FGI27280,2111585,불참,2021-07-24
21,USR7059P,2111585,기권,2021-07-24
21,4XG1439M,2111585,찬성,2021-07-24
21,A0P4646G,2111585,찬성,2021-07-24
21,7I09543O,2111585,찬성,2021-07-24
21,1X376850,2111585,찬성,2021-07-24
21,3DK8989T,2111585,찬성,2021-07-24
21,7469929V,2111585,찬성,2021-07-24
21,09I2323E,2111585,불참,2021-07-24
21,A3H7195R,2111585,찬성,2021-07-24
21,ZYH1940A,2111585,찬성,2021-07-24
21,M0A1658U,2111585,찬성,2021-07-24
21,HSW1214Q,2111585,찬성,2021-07-24
21,ZDR63255,2111585,찬성,2021-07-24
21,5765663F,2111585,찬성,2021-07-24
21,GFF1986K,2111585,찬성,2021-07-24
21,WJL30106,2111585,찬성,2021-07-24
21,5KV96424,2111585,찬성,2021-07-24
21,KNM3215T,2111585,찬성,2021-07-24
21,M7T9712V,2111585,기권,2021-07-24
21,60490713,2111585,찬성,2021-07-24
21,1WE5693J,2111585,불참,2021-07-24
21,X3170462,2111585,불참,2021-07-24
21,MY318392,2111585,찬성,2021-07-24
21,4T026790,2111585,찬성,2021-07-24
21,EH27538E,2111585,찬성,2021-07-24
21,WFU14784,2111585,찬성,2021-07-24
21,SU53086M,2111585,찬성,2021-07-24
21,PZA4062H,2111585,찬성,2021-07-24
21,MR210505,2111585,찬성,2021-07-24
21,GF286398,2111585,찬성,2021-07-24
21,8348421R,2111585,불참,2021-07-24
21,JQA21112,2111585,기권,2021-07-24
21,4L695580,2111585,찬성,2021-07-24
21,40E3739H,2111585,찬성,2021-07-24
21,HXT76735,2111585,찬성,2021-07-24
21,RPN2293B,2111585,찬성,2021-07-24
21,V429892C,2111585,찬성,2021-07-24
21,XBT9550Q,2111585,찬성,2021-07-24
21,ZA54991S,2111585,찬성,2021-07-24
21,MO52543L,2111585,불참,2021-07-24
21,0827740Q,2111585,찬성,2021-07-24
21,X1K3667J,2111585,찬성,2021-07-24
21,I5I2468R,2111585,찬성,2021-07-24
21,L5P27909,2111585,기권,2021-07-24
21,ICH23251,2111585,찬성,2021-07-24
21,25I8709Q,2111585,찬성,2021-07-24
21,XWX1513T,2111585,찬성,2021-07-24
21,CT85313K,2111585,기권,2021-07-24
21,PAO22428,2111585,찬성,2021-07-24
21,BLC8630L,2111585,불참,2021-07-24
21,NQR1206Q,2111585,불참,2021-07-24
21,NAL4555X,2111585,불참,2021-07-24
21,PEP6922S,2111585,불참,2021-07-24
21,VG24001G,2111585,찬성,2021-07-24
21,L2I9861C,2111585,찬성,2021-07-24
21,WCD5518S,2111585,찬성,2021-07-24
21,I434361W,2111585,불참,2021-07-24
21,Y7K5946R,2111585,찬성,2021-07-24
21,FU87526G,2111585,불참,2021-07-24
21,S9U45255,2111585,찬성,2021-07-24
21,8FC9697X,2111585,불참,2021-07-24
21,QKO6165V,2111585,찬성,2021-07-24
21,V0O5343U,2111585,불참,2021-07-24
21,P0F1530P,2111585,불참,2021-07-24
21,FRN1867O,2111585,찬성,2021-07-24
21,LQW3652K,2111585,찬성,2021-07-24
21,UB114374,2111585,불참,2021-07-24
21,GAV6441G,2111585,찬성,2021-07-24
21,8KF7223D,2111585,찬성,2021-07-24
21,8P37634C,2111585,찬성,2021-07-24
21,CNZ51556,2111585,찬성,2021-07-24
21,N4R2421C,2111585,불참,2021-07-24
21,GDG1847Z,2111585,불참,2021-07-24
21,O7R5461J,2111585,찬성,2021-07-24
21,TVF3669B,2111585,찬성,2021-07-24
21,JMY9959W,2111585,찬성,2021-07-24
21,J2O8643H,2111585,찬성,2021-07-24
21,VCP96419,2111585,찬성,2021-07-24
21,8VJ8533R,2111585,불참,2021-07-24
21,B7D7534L,2111585,찬성,2021-07-24
21,SE233396,2111585,찬성,2021-07-24
21,52P3934K,2111585,불참,2021-07-24
21,B7H6207C,2111585,찬성,2021-07-24
21,6399076T,2111585,찬성,2021-07-24
21,4U29186R,2111585,찬성,2021-07-24
21,F5Y4026Q,2111585,찬성,2021-07-24
21,WHV3448W,2111585,찬성,2021-07-24
21,1Y73132H,2111585,기권,2021-07-24
21,O6D8329R,2111585,찬성,2021-07-24
21,14M56632,2111585,불참,2021-07-24
21,N9X9673B,2111585,찬성,2021-07-24
21,5MD4184K,2111585,불참,2021-07-24
21,TP066860,2111585,찬성,2021-07-24
21,E9R4507P,2111585,찬성,2021-07-24
21,KFS1358P,2111585,찬성,2021-07-24
21,J9S37905,2111585,불참,2021-07-24
21,A494529E,2111585,찬성,2021-07-24
21,VRY5522V,2111585,찬성,2021-07-24
21,CAA7713A,2111585,찬성,2021-07-24
21,0PK7354M,2111585,찬성,2021-07-24
21,CZB4125D,2111585,불참,2021-07-24
21,Z6R3959C,2111585,찬성,2021-07-24
21,QUM8288K,2111585,불참,2021-07-24
21,S824682L,2111585,찬성,2021-07-24
21,W4X85128,2111585,기권,2021-07-24
21,Q9H5708M,2111585,찬성,2021-07-24
21,JZY9937U,2111585,찬성,2021-07-24
21,MRK4871S,2111585,불참,2021-07-24
21,YKW37422,2111585,불참,2021-07-24
21,2NV6751W,2111585,찬성,2021-07-24
21,BM63269Y,2111585,불참,2021-07-24
21,M7O7878U,2111585,찬성,2021-07-24
21,YLS4431M,2111585,불참,2021-07-24
21,3ZR4438W,2111585,불참,2021-07-24
21,16D7652C,2111585,불참,2021-07-24
21,KB04377U,2111585,찬성,2021-07-24
21,8VY63414,2111585,찬성,2021-07-24
21,XR24352K,2111585,찬성,2021-07-24
21,QQP4727N,2111585,찬성,2021-07-24
21,IUL4848V,2111585,기권,2021-07-24
21,JEZ3130Q,2111585,찬성,2021-07-24
21,BCQ55105,2111585,찬성,2021-07-24
21,9L57027L,2111585,찬성,2021-07-24
21,GOC54665,2111585,찬성,2021-07-24
21,LJK4960Z,2111585,불참,2021-07-24
21,M2Q9024I,2111585,찬성,2021-07-24
21,DBA1057Z,2111585,찬성,2021-07-24
21,CI15627C,2111585,불참,2021-07-24
21,C7E79345,2111585,불참,2021-07-24
21,4019850M,2111585,찬성,2021-07-24
21,UQ282145,2111585,찬성,2021-07-24
21,9YO73104,2111585,찬성,2021-07-24
21,TRE2429O,2111585,찬성,2021-07-24
21,E6U4345C,2111585,찬성,2021-07-24
21,CDL93608,2111585,불참,2021-07-24
21,2UD1340H,2111585,찬성,2021-07-24
21,X7I4680R,2111585,기권,2021-07-24
21,EMC8812P,2111585,찬성,2021-07-24
21,XSP20229,2111585,찬성,2021-07-24
21,T465023H,2111585,찬성,2021-07-24
21,RQQ3807K,2111585,찬성,2021-07-24
21,FH777496,2111585,찬성,2021-07-24
21,ZYP7962W,2111585,찬성,2021-07-24
21,GX38539O,2111585,찬성,2021-07-24
21,QTW6852F,2111585,찬성,2021-07-24
21,7XY7109I,2111585,불참,2021-07-24
21,TST4507I,2111585,찬성,2021-07-24
21,JC14718Q,2111585,찬성,2021-07-24
21,5KV82250,2111585,찬성,2021-07-24
21,LT72093S,2111585,찬성,2021-07-24
21,6YT83269,2111585,찬성,2021-07-24
21,1MU99298,2111585,찬성,2021-07-24
21,FDC3144T,2111585,찬성,2021-07-24
21,17M85910,2111585,찬성,2021-07-24
21,G152611B,2111585,불참,2021-07-24
21,9LD2641Q,2111585,찬성,2021-07-24
21,FOK3459D,2111585,찬성,2021-07-24
21,QUO78839,2111585,찬성,2021-07-24
21,BT62420K,2111585,찬성,2021-07-24
21,TZP9391O,2111585,찬성,2021-07-24
21,6V37131U,2111585,찬성,2021-07-24
21,FJK3396E,2111585,불참,2021-07-24
21,ZDP5704Q,2111585,불참,2021-07-24
21,71J2365L,2111585,찬성,2021-07-24
21,7O71647Z,2111585,찬성,2021-07-24
21,E1J8836Y,2111585,찬성,2021-07-24
21,RD42006Y,2111585,불참,2021-07-24
21,6EN68926,2111585,불참,2021-07-24
21,1BX7234U,2111585,찬성,2021-07-24
21,QHL3248U,2111585,찬성,2021-07-24
21,AE685067,2111585,찬성,2021-07-24
21,TZ228122,2111585,찬성,2021-07-24
21,9V18755A,2111585,찬성,2021-07-24
21,XA42275R,2111585,불참,2021-07-24
21,6AU2417B,2111585,찬성,2021-07-24
21,GX22581L,2111585,기권,2021-07-24
21,AFH96856,2111585,찬성,2021-07-24
21,I0S53762,2111585,불참,2021-07-24
21,LH97552Q,2111585,찬성,2021-07-24
21,TKJ4800F,2111585,찬성,2021-07-24
21,04T3751T,2111585,찬성,2021-07-24
21,MSY7784L,2111585,찬성,2021-07-24
21,EVH1507C,2111585,찬성,2021-07-24
21,K5F2023J,2111585,찬성,2021-07-24
21,5K93695T,2111585,불참,2021-07-24
21,DPZ7685X,2111585,찬성,2021-07-24
21,6U243644,2111585,찬성,2021-07-24
21,UHB5553T,2111585,찬성,2021-07-24
21,O0I2045I,2111585,불참,2021-07-24
21,UGH6481E,2111585,찬성,2021-07-24
21,CFE3998F,2111585,불참,2021-07-24
21,MNZ4401T,2111585,찬성,2021-07-24
21,HSS7466Y,2111585,찬성,2021-07-24
21,FU53642G,2111585,찬성,2021-07-24
21,MLH1404S,2111585,불참,2021-07-24
21,5UN9725L,2111585,불참,2021-07-24
21,K3W33496,2111585,찬성,2021-07-24
21,21N57758,2111585,찬성,2021-07-24
21,7BM2933Y,2111585,찬성,2021-07-24
21,9VR65006,2111585,불참,2021-07-24
21,XJC13432,2111585,불참,2021-07-24
21,D0C85236,2111585,불참,2021-07-24
21,3RW63706,2111585,찬성,2021-07-24
21,FYI20317,2111585,찬성,2021-07-24
21,8X15119P,2111585,불참,2021-07-24
21,CNW5754J,2111585,찬성,2021-07-24
21,3249208I,2111585,찬성,2021-07-24
21,8Q88373R,2111585,찬성,2021-07-24
21,XEF29171,2111585,찬성,2021-07-24
21,WVU2479T,2111585,찬성,2021-07-24
21,9D939735,2111585,찬성,2021-07-24
21,L7J93733,2111585,불참,2021-07-24
21,DAV7257X,2111585,찬성,2021-07-24
21,GE71932C,2111585,찬성,2021-07-24
21,I7R13867,2111585,찬성,2021-07-24
21,SQ36001H,2111585,찬성,2021-07-24
21,G1570880,2111585,찬성,2021-07-24
21,LPB30152,2111585,찬성,2021-07-24
21,MD083627,2111585,찬성,2021-07-24
21,OSV9142K,2111585,찬성,2021-07-24
21,B7R2742J,2111585,찬성,2021-07-24
21,W1Q6753M,2111585,찬성,2021-07-24
21,MHK9919B,2111585,불참,2021-07-24
21,TJW93720,2111585,찬성,2021-07-24
21,9S151177,2111585,찬성,2021-07-24
21,PO64874I,2111585,불참,2021-07-24
21,JNL7001A,2111585,찬성,2021-07-24
21,L7T64271,2111585,찬성,2021-07-24
21,4X525582,2111585,불참,2021-07-24
21,3TO11703,2111585,찬성,2021-07-24
21,MU69217P,2111585,찬성,2021-07-24
21,66W6739S,2111585,찬성,2021-07-24
21,LM13674V,2111585,찬성,2021-07-24
21,P2N50879,2111585,찬성,2021-07-24
21,A2V51235,2111585,찬성,2021-07-24
21,D4L60530,2111585,찬성,2021-07-24
21,M6H1705E,2111585,찬성,2021-07-24
21,OFE45081,2111585,찬성,2021-07-24
21,NTT8182Q,2111585,찬성,2021-07-24
21,0VU8517U,2111585,불참,2021-07-24
21,NZF1659U,2111585,찬성,2021-07-24
21,WDS6044S,2111585,찬성,2021-07-24
21,3BC6890E,2111585,기권,2021-07-24
21,KR14136C,2111585,찬성,2021-07-24
21,SRP7336N,2111585,찬성,2021-07-24
21,ZKU88693,2111585,불참,2021-07-24
21,UM51067K,2111585,찬성,2021-07-24
21,HKJ99607,2111585,불참,2021-07-24
21,8FB1535Y,2111585,찬성,2021-07-24
21,0WL9321T,2111585,찬성,2021-07-24
21,H5476989,2111585,찬성,2021-07-24
21,0R68099X,2111585,찬성,2021-07-24
21,4A067125,2111585,불참,2021-07-24
21,2385336L,2111585,찬성,2021-07-24
21,IN328264,2111585,불참,2021-07-24
21,0W194007,2111585,찬성,2021-07-24
21,WMG57662,2111585,찬성,2021-07-24
21,NCP9875N,2111585,찬성,2021-07-24
21,WTR5885Y,2111585,찬성,2021-07-24
21,3425169D,2111585,찬성,2021-07-24
21,IOW1101J,2111585,찬성,2021-07-24
21,OIA3741M,2111585,찬성,2021-07-24
21,6MO8786S,2111585,기권,2021-07-24
21,0767470D,2111585,불참,2021-07-24
21,LG63087O,2111585,찬성,2021-07-24
21,OW53107J,2111585,찬성,2021-07-24
21,DAN6731C,2111585,불참,2021-07-24
21,SVH3899R,2111585,불참,2021-07-24
21,IOW8224X,2111585,찬성,2021-07-24
21,9JF4562W,2111585,찬성,2021-07-24
21,Z7Y7827F,2111585,찬성,2021-07-24
21,ATB59635,2111585,찬성,2021-07-24
21,SBK1544B,2111585,불참,2021-07-24
21,KUO3574J,2111585,찬성,2021-07-24
21,D6U6678O,2111585,찬성,2021-07-24
21,8SV6917G,2111585,불참,2021-07-24
21,GD131760,2111585,찬성,2021-07-24
21,ZRF3039U,2111585,찬성,2021-07-24
21,68P7228G,2111585,찬성,2021-07-24
21,XPP2564T,2111585,불참,2021-07-24
21,RO593601,2111585,찬성,2021-07-24
21,PFG2137X,2111585,찬성,2021-07-24
21,0YT3774N,2111585,찬성,2021-07-24
21,7JC3239L,2111585,불참,2021-07-24
21,40S1959J,2111585,찬성,2021-07-24
21,IL74008M,2111585,찬성,2021-07-24
21,3C23171A,2111585,찬성,2021-07-24
21,P2N4585G,2111585,찬성,2021-07-24
21,7R156073,2111585,불참,2021-07-24
21,6AR6743G,2111585,찬성,2021-07-24
21,FIC9046Z,2112213,찬성,2021-08-31
21,JNL7001A,2112213,불참,2021-08-31
21,GKD32201,2112213,불참,2021-08-31
21,S741317G,2112213,반대,2021-08-31
21,CCU1009B,2112213,불참,2021-08-31
21,MU69217P,2112213,불참,2021-08-31
21,2N793392,2112213,불참,2021-08-31
21,QD25323M,2112213,찬성,2021-08-31
21,FGI27280,2112213,반대,2021-08-31
21,7I09543O,2112213,찬성,2021-08-31
21,09I2323E,2112213,불참,2021-08-31
21,A3H7195R,2112213,찬성,2021-08-31
21,NZF1659U,2112213,반대,2021-08-31
21,WDS6044S,2112213,반대,2021-08-31
21,3BC6890E,2112213,반대,2021-08-31
21,ZDR63255,2112213,찬성,2021-08-31
21,SRP7336N,2112213,불참,2021-08-31
21,GFF1986K,2112213,찬성,2021-08-31
21,WJL30106,2112213,불참,2021-08-31
21,5KV96424,2112213,찬성,2021-08-31
21,60490713,2112213,찬성,2021-08-31
21,1WE5693J,2112213,불참,2021-08-31
21,MY318392,2112213,불참,2021-08-31
21,4T026790,2112213,찬성,2021-08-31
21,GF286398,2112213,불참,2021-08-31
21,JQA21112,2112213,반대,2021-08-31
21,4L695580,2112213,찬성,2021-08-31
21,RPN2293B,2112213,찬성,2021-08-31
21,V429892C,2112213,찬성,2021-08-31
21,ZA54991S,2112213,불참,2021-08-31
21,0827740Q,2112213,찬성,2021-08-31
21,IOW1101J,2112213,반대,2021-08-31
21,25I8709Q,2112213,찬성,2021-08-31
21,6MO8786S,2112213,불참,2021-08-31
21,CT85313K,2112213,불참,2021-08-31
21,PAO22428,2112213,찬성,2021-08-31
21,BLC8630L,2112213,불참,2021-08-31
21,WCD5518S,2112213,찬성,2021-08-31
21,SVH3899R,2112213,불참,2021-08-31
21,SBK1544B,2112213,반대,2021-08-31
21,D6U6678O,2112213,찬성,2021-08-31
21,QKO6165V,2112213,불참,2021-08-31
21,ZRF3039U,2112213,반대,2021-08-31
21,V0O5343U,2112213,불참,2021-08-31
21,FRN1867O,2112213,불참,2021-08-31
21,LQW3652K,2112213,반대,2021-08-31
21,GAV6441G,2112213,찬성,2021-08-31
21,7JC3239L,2112213,반대,2021-08-31
21,CNZ51556,2112213,불참,2021-08-31
21,GDG1847Z,2112213,불참,2021-08-31
21,O7R5461J,2112213,불참,2021-08-31
21,JMY9959W,2112213,찬성,2021-08-31
21,6AR6743G,2112213,불참,2021-08-31
21,VCP96419,2112213,찬성,2021-08-31
21,8VJ8533R,2112213,불참,2021-08-31
21,SE233396,2112213,찬성,2021-08-31
21,6399076T,2112213,찬성,2021-08-31
21,4U29186R,2112213,찬성,2021-08-31
21,F5Y4026Q,2112213,찬성,2021-08-31
21,I0S53762,2112213,불참,2021-08-31
21,EVH1507C,2112213,반대,2021-08-31
21,N9X9673B,2112213,찬성,2021-08-31
21,5K93695T,2112213,반대,2021-08-31
21,6U243644,2112213,반대,2021-08-31
21,UHB5553T,2112213,찬성,2021-08-31
21,KFS1358P,2112213,찬성,2021-08-31
21,VRY5522V,2112213,찬성,2021-08-31
21,S824682L,2112213,찬성,2021-08-31
21,Q9H5708M,2112213,찬성,2021-08-31
21,CFE3998F,2112213,불참,2021-08-31
21,2NV6751W,2112213,불참,2021-08-31
21,BM63269Y,2112213,불참,2021-08-31
21,3ZR4438W,2112213,불참,2021-08-31
21,16D7652C,2112213,불참,2021-08-31
21,XR24352K,2112213,찬성,2021-08-31
21,QQP4727N,2112213,반대,2021-08-31
21,JEZ3130Q,2112213,반대,2021-08-31
21,M2Q9024I,2112213,불참,2021-08-31
21,DBA1057Z,2112213,불참,2021-08-31
21,CI15627C,2112213,불참,2021-08-31
21,C7E79345,2112213,불참,2021-08-31
21,4019850M,2112213,찬성,2021-08-31
21,UQ282145,2112213,불참,2021-08-31
21,TRE2429O,2112213,불참,2021-08-31
21,CDL93608,2112213,찬성,2021-08-31
21,2UD1340H,2112213,찬성,2021-08-31
21,X7I4680R,2112213,반대,2021-08-31
21,XJC13432,2112213,반대,2021-08-31
21,D0C85236,2112213,불참,2021-08-31
21,XSP20229,2112213,찬성,2021-08-31
21,T465023H,2112213,찬성,2021-08-31
21,3RW63706,2112213,반대,2021-08-31
21,8X15119P,2112213,불참,2021-08-31
21,CNW5754J,2112213,반대,2021-08-31
21,9D939735,2112213,반대,2021-08-31
21,TST4507I,2112213,찬성,2021-08-31
21,JC14718Q,2112213,찬성,2021-08-31
21,5KV82250,2112213,반대,2021-08-31
21,L7J93733,2112213,불참,2021-08-31
21,LT72093S,2112213,찬성,2021-08-31
21,6YT83269,2112213,불참,2021-08-31
21,1MU99298,2112213,찬성,2021-08-31
21,FDC3144T,2112213,반대,2021-08-31
21,17M85910,2112213,찬성,2021-08-31
21,G152611B,2112213,반대,2021-08-31
21,9LD2641Q,2112213,찬성,2021-08-31
21,FOK3459D,2112213,찬성,2021-08-31
21,QUO78839,2112213,찬성,2021-08-31
21,BT62420K,2112213,찬성,2021-08-31
21,6V37131U,2112213,찬성,2021-08-31
21,OSV9142K,2112213,반대,2021-08-31
21,MHK9919B,2112213,반대,2021-08-31
21,1BX7234U,2112213,찬성,2021-08-31
21,QHL3248U,2112213,찬성,2021-08-31
21,TZ228122,2112213,찬성,2021-08-31
21,XA42275R,2112213,찬성,2021-08-31
21,PO64874I,2112213,찬성,2021-08-31
21,YKW37422,2112213,불참,2021-08-31
21,M7O7878U,2112213,불참,2021-08-31
21,YLS4431M,2112213,반대,2021-08-31
21,MNZ4401T,2112213,찬성,2021-08-31
21,HSS7466Y,2112213,찬성,2021-08-31
21,KB04377U,2112213,반대,2021-08-31
21,FU53642G,2112213,찬성,2021-08-31
21,MLH1404S,2112213,찬성,2021-08-31
21,8VY63414,2112213,반대,2021-08-31
21,IUL4848V,2112213,불참,2021-08-31
21,BCQ55105,2112213,찬성,2021-08-31
21,9L57027L,2112213,불참,2021-08-31
21,GOC54665,2112213,찬성,2021-08-31
21,5UN9725L,2112213,불참,2021-08-31
21,LJK4960Z,2112213,반대,2021-08-31
21,K3W33496,2112213,찬성,2021-08-31
21,21N57758,2112213,불참,2021-08-31
21,9YO73104,2112213,불참,2021-08-31
21,E6U4345C,2112213,불참,2021-08-31
21,7BM2933Y,2112213,찬성,2021-08-31
21,9VR65006,2112213,불참,2021-08-31
21,EMC8812P,2112213,반대,2021-08-31
21,RQQ3807K,2112213,찬성,2021-08-31
21,FH777496,2112213,찬성,2021-08-31
21,FYI20317,2112213,찬성,2021-08-31
21,ZYP7962W,2112213,반대,2021-08-31
21,3249208I,2112213,찬성,2021-08-31
21,GX38539O,2112213,찬성,2021-08-31
21,8Q88373R,2112213,찬성,2021-08-31
21,XEF29171,2112213,찬성,2021-08-31
21,WVU2479T,2112213,불참,2021-08-31
21,QTW6852F,2112213,기권,2021-08-31
21,7XY7109I,2112213,불참,2021-08-31
21,DAV7257X,2112213,찬성,2021-08-31
21,GE71932C,2112213,찬성,2021-08-31
21,I7R13867,2112213,찬성,2021-08-31
21,SQ36001H,2112213,불참,2021-08-31
21,G1570880,2112213,찬성,2021-08-31
21,LPB30152,2112213,불참,2021-08-31
21,MD083627,2112213,찬성,2021-08-31
21,TZP9391O,2112213,반대,2021-08-31
21,B7R2742J,2112213,찬성,2021-08-31
21,FJK3396E,2112213,불참,2021-08-31
21,ZDP5704Q,2112213,반대,2021-08-31
21,71J2365L,2112213,반대,2021-08-31
21,7O71647Z,2112213,찬성,2021-08-31
21,W1Q6753M,2112213,찬성,2021-08-31
21,E1J8836Y,2112213,반대,2021-08-31
21,RD42006Y,2112213,불참,2021-08-31
21,6EN68926,2112213,불참,2021-08-31
21,AE685067,2112213,찬성,2021-08-31
21,TJW93720,2112213,찬성,2021-08-31
21,9S151177,2112213,불참,2021-08-31
21,9V18755A,2112213,찬성,2021-08-31
21,OW53107J,2112213,찬성,2021-08-31
21,PEP6922S,2112213,불참,2021-08-31
21,DAN6731C,2112213,불참,2021-08-31
21,VG24001G,2112213,반대,2021-08-31
21,L2I9861C,2112213,반대,2021-08-31
21,I434361W,2112213,반대,2021-08-31
21,IOW8224X,2112213,불참,2021-08-31
21,9JF4562W,2112213,찬성,2021-08-31
21,Y7K5946R,2112213,반대,2021-08-31
21,Z7Y7827F,2112213,찬성,2021-08-31
21,ATB59635,2112213,찬성,2021-08-31
21,KUO3574J,2112213,찬성,2021-08-31
21,FU87526G,2112213,반대,2021-08-31
21,S9U45255,2112213,반대,2021-08-31
21,8SV6917G,2112213,불참,2021-08-31
21,8FC9697X,2112213,찬성,2021-08-31
21,GD131760,2112213,불참,2021-08-31
21,68P7228G,2112213,불참,2021-08-31
21,P0F1530P,2112213,불참,2021-08-31
21,XPP2564T,2112213,불참,2021-08-31
21,RO593601,2112213,불참,2021-08-31
21,PFG2137X,2112213,반대,2021-08-31
21,UB114374,2112213,불참,2021-08-31
21,0YT3774N,2112213,불참,2021-08-31
21,40S1959J,2112213,찬성,2021-08-31
21,IL74008M,2112213,찬성,2021-08-31
21,8KF7223D,2112213,불참,2021-08-31
21,8P37634C,2112213,찬성,2021-08-31
21,N4R2421C,2112213,불참,2021-08-31
21,3C23171A,2112213,찬성,2021-08-31
21,P2N4585G,2112213,찬성,2021-08-31
21,TVF3669B,2112213,반대,2021-08-31
21,7R156073,2112213,불참,2021-08-31
21,J2O8643H,2112213,찬성,2021-08-31
21,6AU2417B,2112213,찬성,2021-08-31
21,B7D7534L,2112213,찬성,2021-08-31
21,GX22581L,2112213,반대,2021-08-31
21,AFH96856,2112213,찬성,2021-08-31
21,52P3934K,2112213,불참,2021-08-31
21,B7H6207C,2112213,불참,2021-08-31
21,WHV3448W,2112213,찬성,2021-08-31
21,1Y73132H,2112213,불참,2021-08-31
21,LH97552Q,2112213,반대,2021-08-31
21,TKJ4800F,2112213,불참,2021-08-31
21,O6D8329R,2112213,찬성,2021-08-31
21,04T3751T,2112213,찬성,2021-08-31
21,MSY7784L,2112213,불참,2021-08-31
21,K5F2023J,2112213,찬성,2021-08-31
21,14M56632,2112213,반대,2021-08-31
21,5MD4184K,2112213,찬성,2021-08-31
21,DPZ7685X,2112213,반대,2021-08-31
21,E9R4507P,2112213,반대,2021-08-31
21,J9S37905,2112213,불참,2021-08-31
21,A494529E,2112213,찬성,2021-08-31
21,CAA7713A,2112213,반대,2021-08-31
21,0PK7354M,2112213,찬성,2021-08-31
21,O0I2045I,2112213,불참,2021-08-31
21,CZB4125D,2112213,불참,2021-08-31
21,Z6R3959C,2112213,불참,2021-08-31
21,QUM8288K,2112213,반대,2021-08-31
21,UGH6481E,2112213,찬성,2021-08-31
21,W4X85128,2112213,불참,2021-08-31
21,JZY9937U,2112213,찬성,2021-08-31
21,MRK4871S,2112213,반대,2021-08-31
21,L7T64271,2112213,찬성,2021-08-31
21,4X525582,2112213,반대,2021-08-31
21,G7512472,2112213,찬성,2021-08-31
21,3TO11703,2112213,찬성,2021-08-31
21,66W6739S,2112213,반대,2021-08-31
21,LM13674V,2112213,불참,2021-08-31
21,DAY6557K,2112213,반대,2021-08-31
21,GP07421U,2112213,불참,2021-08-31
21,USR7059P,2112213,반대,2021-08-31
21,4XG1439M,2112213,불참,2021-08-31
21,P2N50879,2112213,찬성,2021-08-31
21,A0P4646G,2112213,반대,2021-08-31
21,A2V51235,2112213,찬성,2021-08-31
21,1X376850,2112213,반대,2021-08-31
21,3DK8989T,2112213,반대,2021-08-31
21,7469929V,2112213,불참,2021-08-31
21,D4L60530,2112213,찬성,2021-08-31
21,M6H1705E,2112213,찬성,2021-08-31
21,OFE45081,2112213,불참,2021-08-31
21,NTT8182Q,2112213,찬성,2021-08-31
21,ZYH1940A,2112213,불참,2021-08-31
21,0VU8517U,2112213,불참,2021-08-31
21,M0A1658U,2112213,찬성,2021-08-31
21,HSW1214Q,2112213,반대,2021-08-31
21,KR14136C,2112213,불참,2021-08-31
21,5765663F,2112213,찬성,2021-08-31
21,ZKU88693,2112213,찬성,2021-08-31
21,KNM3215T,2112213,찬성,2021-08-31
21,M7T9712V,2112213,반대,2021-08-31
21,UM51067K,2112213,찬성,2021-08-31
21,HKJ99607,2112213,불참,2021-08-31
21,X3170462,2112213,반대,2021-08-31
21,8FB1535Y,2112213,찬성,2021-08-31
21,EH27538E,2112213,반대,2021-08-31
21,WFU14784,2112213,불참,2021-08-31
21,SU53086M,2112213,불참,2021-08-31
21,0WL9321T,2112213,찬성,2021-08-31
21,PZA4062H,2112213,찬성,2021-08-31
21,MR210505,2112213,불참,2021-08-31
21,8348421R,2112213,반대,2021-08-31
21,H5476989,2112213,찬성,2021-08-31
21,40E3739H,2112213,반대,2021-08-31
21,HXT76735,2112213,찬성,2021-08-31
21,0R68099X,2112213,찬성,2021-08-31
21,4A067125,2112213,불참,2021-08-31
21,2385336L,2112213,찬성,2021-08-31
21,IN328264,2112213,찬성,2021-08-31
21,XBT9550Q,2112213,불참,2021-08-31
21,MO52543L,2112213,불참,2021-08-31
21,0W194007,2112213,찬성,2021-08-31
21,X1K3667J,2112213,불참,2021-08-31
21,WMG57662,2112213,찬성,2021-08-31
21,NCP9875N,2112213,찬성,2021-08-31
21,I5I2468R,2112213,불참,2021-08-31
21,WTR5885Y,2112213,찬성,2021-08-31
21,L5P27909,2112213,반대,2021-08-31
21,3425169D,2112213,찬성,2021-08-31
21,ICH23251,2112213,불참,2021-08-31
21,OIA3741M,2112213,불참,2021-08-31
21,XWX1513T,2112213,불참,2021-08-31
21,NQR1206Q,2112213,반대,2021-08-31
21,0767470D,2112213,불참,2021-08-31
21,LG63087O,2112213,불참,2021-08-31
21,NAL4555X,2112213,불참,2021-08-31
21,JNL7001A,2100464,찬성,2020-09-24
21,1BX7234U,2100464,찬성,2020-09-24
21,3TO11703,2100464,찬성,2020-09-24
21,S741317G,2100464,기권,2020-09-24
21,2N793392,2100464,찬성,2020-09-24
21,1X376850,2100464,찬성,2020-09-24
21,D4L60530,2100464,찬성,2020-09-24
21,WDS6044S,2100464,불참,2020-09-24
21,WJL30106,2100464,찬성,2020-09-24
21,4L695580,2100464,찬성,2020-09-24
21,V429892C,2100464,불참,2020-09-24
21,2385336L,2100464,찬성,2020-09-24
21,IOW1101J,2100464,기권,2020-09-24
21,PAO22428,2100464,찬성,2020-09-24
21,0767470D,2100464,불참,2020-09-24
21,DAN6731C,2100464,찬성,2020-09-24
21,VG24001G,2100464,찬성,2020-09-24
21,I434361W,2100464,찬성,2020-09-24
21,9JF4562W,2100464,찬성,2020-09-24
21,8SV6917G,2100464,찬성,2020-09-24
21,ZRF3039U,2100464,찬성,2020-09-24
21,V0O5343U,2100464,찬성,2020-09-24
21,68P7228G,2100464,찬성,2020-09-24
21,CNZ51556,2100464,반대,2020-09-24
21,N4R2421C,2100464,불참,2020-09-24
21,LNR7932L,2100464,찬성,2020-09-24
21,J2O8643H,2100464,찬성,2020-09-24
21,GX22581L,2100464,찬성,2020-09-24
21,MSY7784L,2100464,불참,2020-09-24
21,5MD4184K,2100464,찬성,2020-09-24
21,5K93695T,2100464,찬성,2020-09-24
21,Q9H5708M,2100464,찬성,2020-09-24
21,2NV6751W,2100464,찬성,2020-09-24
21,16D7652C,2100464,찬성,2020-09-24
21,LJK4960Z,2100464,불참,2020-09-24
21,CI15627C,2100464,불참,2020-09-24
21,21N57758,2100464,불참,2020-09-24
21,C7E79345,2100464,찬성,2020-09-24
21,T465023H,2100464,찬성,2020-09-24
21,6YT83269,2100464,찬성,2020-09-24
21,FDC3144T,2100464,찬성,2020-09-24
21,SQ36001H,2100464,찬성,2020-09-24
21,FOK3459D,2100464,찬성,2020-09-24
21,71J2365L,2100464,찬성,2020-09-24
21,GKD32201,2100464,불참,2020-09-24
21,L7T64271,2100464,찬성,2020-09-24
21,4X525582,2100464,찬성,2020-09-24
21,G7512472,2100464,찬성,2020-09-24
21,CCU1009B,2100464,찬성,2020-09-24
21,MU69217P,2100464,불참,2020-09-24
21,66W6739S,2100464,찬성,2020-09-24
21,LM13674V,2100464,불참,2020-09-24
21,QD25323M,2100464,찬성,2020-09-24
21,DAY6557K,2100464,찬성,2020-09-24
21,GP07421U,2100464,찬성,2020-09-24
21,FGI27280,2100464,찬성,2020-09-24
21,4XG1439M,2100464,찬성,2020-09-24
21,P2N50879,2100464,찬성,2020-09-24
21,A0P4646G,2100464,찬성,2020-09-24
21,A2V51235,2100464,찬성,2020-09-24
21,7I09543O,2100464,찬성,2020-09-24
21,3DK8989T,2100464,찬성,2020-09-24
21,7469929V,2100464,찬성,2020-09-24
21,M6H1705E,2100464,찬성,2020-09-24
21,OFE45081,2100464,찬성,2020-09-24
21,09I2323E,2100464,찬성,2020-09-24
21,NTT8182Q,2100464,찬성,2020-09-24
21,A3H7195R,2100464,찬성,2020-09-24
21,ZYH1940A,2100464,불참,2020-09-24
21,0VU8517U,2100464,찬성,2020-09-24
21,M0A1658U,2100464,찬성,2020-09-24
21,HSW1214Q,2100464,찬성,2020-09-24
21,NZF1659U,2100464,찬성,2020-09-24
21,3BC6890E,2100464,찬성,2020-09-24
21,ZDR63255,2100464,찬성,2020-09-24
21,KR14136C,2100464,불참,2020-09-24
21,SRP7336N,2100464,찬성,2020-09-24
21,5765663F,2100464,찬성,2020-09-24
21,5KV96424,2100464,찬성,2020-09-24
21,KNM3215T,2100464,찬성,2020-09-24
21,M7T9712V,2100464,불참,2020-09-24
21,60490713,2100464,찬성,2020-09-24
21,UM51067K,2100464,찬성,2020-09-24
21,HKJ99607,2100464,찬성,2020-09-24
21,1WE5693J,2100464,찬성,2020-09-24
21,X3170462,2100464,찬성,2020-09-24
21,MY318392,2100464,찬성,2020-09-24
21,8FB1535Y,2100464,찬성,2020-09-24
21,4T026790,2100464,찬성,2020-09-24
21,EH27538E,2100464,찬성,2020-09-24
21,WFU14784,2100464,찬성,2020-09-24
21,SU53086M,2100464,찬성,2020-09-24
21,0WL9321T,2100464,찬성,2020-09-24
21,PZA4062H,2100464,찬성,2020-09-24
21,MR210505,2100464,찬성,2020-09-24
21,GF286398,2100464,찬성,2020-09-24
21,8348421R,2100464,불참,2020-09-24
21,H5476989,2100464,찬성,2020-09-24
21,JQA21112,2100464,찬성,2020-09-24
21,40E3739H,2100464,찬성,2020-09-24
21,HXT76735,2100464,불참,2020-09-24
21,RPN2293B,2100464,찬성,2020-09-24
21,0R68099X,2100464,찬성,2020-09-24
21,4A067125,2100464,찬성,2020-09-24
21,IN328264,2100464,찬성,2020-09-24
21,XBT9550Q,2100464,찬성,2020-09-24
21,ZA54991S,2100464,찬성,2020-09-24
21,MO52543L,2100464,찬성,2020-09-24
21,0827740Q,2100464,찬성,2020-09-24
21,0W194007,2100464,찬성,2020-09-24
21,X1K3667J,2100464,찬성,2020-09-24
21,WMG57662,2100464,찬성,2020-09-24
21,NCP9875N,2100464,찬성,2020-09-24
21,I5I2468R,2100464,찬성,2020-09-24
21,WTR5885Y,2100464,찬성,2020-09-24
21,L5P27909,2100464,불참,2020-09-24
21,3425169D,2100464,찬성,2020-09-24
21,ICH23251,2100464,찬성,2020-09-24
21,25I8709Q,2100464,찬성,2020-09-24
21,OIA3741M,2100464,찬성,2020-09-24
21,6MO8786S,2100464,찬성,2020-09-24
21,XWX1513T,2100464,찬성,2020-09-24
21,CT85313K,2100464,찬성,2020-09-24
21,BLC8630L,2100464,찬성,2020-09-24
21,NQR1206Q,2100464,찬성,2020-09-24
21,LG63087O,2100464,찬성,2020-09-24
21,NAL4555X,2100464,찬성,2020-09-24
21,OW53107J,2100464,찬성,2020-09-24
21,PEP6922S,2100464,찬성,2020-09-24
21,L2I9861C,2100464,찬성,2020-09-24
21,WCD5518S,2100464,찬성,2020-09-24
21,SVH3899R,2100464,찬성,2020-09-24
21,IOW8224X,2100464,찬성,2020-09-24
21,Y7K5946R,2100464,찬성,2020-09-24
21,Z7Y7827F,2100464,찬성,2020-09-24
21,ATB59635,2100464,찬성,2020-09-24
21,SBK1544B,2100464,찬성,2020-09-24
21,KUO3574J,2100464,찬성,2020-09-24
21,D6U6678O,2100464,불참,2020-09-24
21,FU87526G,2100464,찬성,2020-09-24
21,S9U45255,2100464,찬성,2020-09-24
21,8FC9697X,2100464,찬성,2020-09-24
21,QKO6165V,2100464,찬성,2020-09-24
21,GD131760,2100464,불참,2020-09-24
21,P0F1530P,2100464,찬성,2020-09-24
21,XPP2564T,2100464,찬성,2020-09-24
21,FRN1867O,2100464,찬성,2020-09-24
21,LQW3652K,2100464,찬성,2020-09-24
21,PFG2137X,2100464,찬성,2020-09-24
21,UB114374,2100464,찬성,2020-09-24
21,GAV6441G,2100464,찬성,2020-09-24
21,0YT3774N,2100464,찬성,2020-09-24
21,7JC3239L,2100464,찬성,2020-09-24
21,40S1959J,2100464,찬성,2020-09-24
21,IL74008M,2100464,찬성,2020-09-24
21,8KF7223D,2100464,찬성,2020-09-24
21,8P37634C,2100464,찬성,2020-09-24
21,3C23171A,2100464,찬성,2020-09-24
21,GDG1847Z,2100464,불참,2020-09-24
21,P2N4585G,2100464,찬성,2020-09-24
21,O7R5461J,2100464,불참,2020-09-24
21,TVF3669B,2100464,찬성,2020-09-24
21,JMY9959W,2100464,찬성,2020-09-24
21,7R156073,2100464,불참,2020-09-24
21,6AR6743G,2100464,불참,2020-09-24
21,VCP96419,2100464,찬성,2020-09-24
21,6AU2417B,2100464,찬성,2020-09-24
21,8VJ8533R,2100464,찬성,2020-09-24
21,B7D7534L,2100464,불참,2020-09-24
21,SE233396,2100464,찬성,2020-09-24
21,AFH96856,2100464,찬성,2020-09-24
21,52P3934K,2100464,찬성,2020-09-24
21,B7H6207C,2100464,불참,2020-09-24
21,6399076T,2100464,찬성,2020-09-24
21,4U29186R,2100464,찬성,2020-09-24
21,F5Y4026Q,2100464,찬성,2020-09-24
21,WHV3448W,2100464,찬성,2020-09-24
21,1Y73132H,2100464,불참,2020-09-24
21,I0S53762,2100464,불참,2020-09-24
21,LH97552Q,2100464,찬성,2020-09-24
21,TKJ4800F,2100464,찬성,2020-09-24
21,O6D8329R,2100464,불참,2020-09-24
21,04T3751T,2100464,찬성,2020-09-24
21,EVH1507C,2100464,찬성,2020-09-24
21,K5F2023J,2100464,찬성,2020-09-24
21,N9X9673B,2100464,찬성,2020-09-24
21,TP066860,2100464,찬성,2020-09-24
21,DPZ7685X,2100464,찬성,2020-09-24
21,6U243644,2100464,찬성,2020-09-24
21,E9R4507P,2100464,찬성,2020-09-24
21,UHB5553T,2100464,찬성,2020-09-24
21,KFS1358P,2100464,찬성,2020-09-24
21,A494529E,2100464,찬성,2020-09-24
21,VRY5522V,2100464,찬성,2020-09-24
21,CAA7713A,2100464,찬성,2020-09-24
21,0PK7354M,2100464,찬성,2020-09-24
21,O0I2045I,2100464,찬성,2020-09-24
21,CZB4125D,2100464,불참,2020-09-24
21,Z6R3959C,2100464,찬성,2020-09-24
21,QUM8288K,2100464,찬성,2020-09-24
21,UGH6481E,2100464,찬성,2020-09-24
21,S824682L,2100464,찬성,2020-09-24
21,W4X85128,2100464,찬성,2020-09-24
21,JZY9937U,2100464,찬성,2020-09-24
21,MRK4871S,2100464,찬성,2020-09-24
21,YKW37422,2100464,찬성,2020-09-24
21,BM63269Y,2100464,찬성,2020-09-24
21,M7O7878U,2100464,찬성,2020-09-24
21,YLS4431M,2100464,기권,2020-09-24
21,MNZ4401T,2100464,불참,2020-09-24
21,3ZR4438W,2100464,불참,2020-09-24
21,HSS7466Y,2100464,찬성,2020-09-24
21,KB04377U,2100464,찬성,2020-09-24
21,FU53642G,2100464,찬성,2020-09-24
21,MLH1404S,2100464,찬성,2020-09-24
21,8VY63414,2100464,찬성,2020-09-24
21,XR24352K,2100464,찬성,2020-09-24
21,QQP4727N,2100464,찬성,2020-09-24
21,IUL4848V,2100464,찬성,2020-09-24
21,JEZ3130Q,2100464,찬성,2020-09-24
21,BCQ55105,2100464,찬성,2020-09-24
21,9L57027L,2100464,찬성,2020-09-24
21,GOC54665,2100464,불참,2020-09-24
21,5UN9725L,2100464,찬성,2020-09-24
21,K3W33496,2100464,불참,2020-09-24
21,M2Q9024I,2100464,찬성,2020-09-24
21,DBA1057Z,2100464,찬성,2020-09-24
21,4019850M,2100464,찬성,2020-09-24
21,UQ282145,2100464,찬성,2020-09-24
21,9YO73104,2100464,불참,2020-09-24
21,TRE2429O,2100464,찬성,2020-09-24
21,E6U4345C,2100464,찬성,2020-09-24
21,7BM2933Y,2100464,찬성,2020-09-24
21,2UD1340H,2100464,불참,2020-09-24
21,9VR65006,2100464,기권,2020-09-24
21,EMC8812P,2100464,불참,2020-09-24
21,XJC13432,2100464,찬성,2020-09-24
21,XSP20229,2100464,찬성,2020-09-24
21,3RW63706,2100464,찬성,2020-09-24
21,RQQ3807K,2100464,찬성,2020-09-24
21,FH777496,2100464,찬성,2020-09-24
21,FYI20317,2100464,찬성,2020-09-24
21,8X15119P,2100464,불참,2020-09-24
21,ZYP7962W,2100464,찬성,2020-09-24
21,CNW5754J,2100464,찬성,2020-09-24
21,3249208I,2100464,불참,2020-09-24
21,GX38539O,2100464,찬성,2020-09-24
21,8Q88373R,2100464,찬성,2020-09-24
21,WVU2479T,2100464,불참,2020-09-24
21,9D939735,2100464,찬성,2020-09-24
21,QTW6852F,2100464,불참,2020-09-24
21,7XY7109I,2100464,불참,2020-09-24
21,TST4507I,2100464,불참,2020-09-24
21,JC14718Q,2100464,찬성,2020-09-24
21,5KV82250,2100464,불참,2020-09-24
21,L7J93733,2100464,찬성,2020-09-24
21,LT72093S,2100464,찬성,2020-09-24
21,GE71932C,2100464,찬성,2020-09-24
21,1MU99298,2100464,찬성,2020-09-24
21,G152611B,2100464,찬성,2020-09-24
21,I7R13867,2100464,찬성,2020-09-24
21,9LD2641Q,2100464,불참,2020-09-24
21,QUO78839,2100464,불참,2020-09-24
21,BT62420K,2100464,찬성,2020-09-24
21,LPB30152,2100464,불참,2020-09-24
21,MD083627,2100464,찬성,2020-09-24
21,TZP9391O,2100464,찬성,2020-09-24
21,6V37131U,2100464,찬성,2020-09-24
21,OSV9142K,2100464,찬성,2020-09-24
21,B7R2742J,2100464,찬성,2020-09-24
21,FJK3396E,2100464,찬성,2020-09-24
21,ZDP5704Q,2100464,불참,2020-09-24
21,7O71647Z,2100464,찬성,2020-09-24
21,W1Q6753M,2100464,찬성,2020-09-24
21,MHK9919B,2100464,찬성,2020-09-24
21,E1J8836Y,2100464,불참,2020-09-24
21,RD42006Y,2100464,불참,2020-09-24
21,6EN68926,2100464,찬성,2020-09-24
21,QHL3248U,2100464,찬성,2020-09-24
21,AE685067,2100464,찬성,2020-09-24
21,9S151177,2100464,찬성,2020-09-24
21,TZ228122,2100464,찬성,2020-09-24
21,9V18755A,2100464,찬성,2020-09-24
21,PO64874I,2100464,불참,2020-09-24
21,USR7059P,2100464,기권,2020-09-24
21,XA42275R,2100464,찬성,2020-09-24
21,ZKU88693,2100464,찬성,2020-09-24
21,RO593601,2100464,찬성,2020-09-24
21,14M56632,2100464,찬성,2020-09-24
21,J9S37905,2100464,기권,2020-09-24
21,CFE3998F,2100464,불참,2020-09-24
21,CDL93608,2100464,찬성,2020-09-24
21,X7I4680R,2100464,불참,2020-09-24
21,D0C85236,2100464,기권,2020-09-24
21,XEF29171,2100464,찬성,2020-09-24
21,DAV7257X,2100464,찬성,2020-09-24
21,17M85910,2100464,찬성,2020-09-24
21,G1570880,2100464,찬성,2020-09-24
21,TJW93720,2100464,찬성,2020-09-24
21,GFF1986K,2100464,찬성,2020-09-24
21,GKD32201,2106476,찬성,2021-09-28
21,9V18755A,2106476,찬성,2021-09-28
21,WJL30106,2106476,불참,2021-09-28
21,WFU14784,2106476,찬성,2021-09-28
21,4L695580,2106476,찬성,2021-09-28
21,4A067125,2106476,불참,2021-09-28
21,S9U45255,2106476,찬성,2021-09-28
21,J2O8643H,2106476,찬성,2021-09-28
21,E9R4507P,2106476,찬성,2021-09-28
21,VRY5522V,2106476,불참,2021-09-28
21,Q9H5708M,2106476,불참,2021-09-28
21,QQP4727N,2106476,반대,2021-09-28
21,X7I4680R,2106476,찬성,2021-09-28
21,FDC3144T,2106476,불참,2021-09-28
21,6V37131U,2106476,찬성,2021-09-28
21,DAY6557K,2106476,찬성,2021-09-28
21,FIC9046Z,2106476,찬성,2021-09-28
21,JNL7001A,2106476,찬성,2021-09-28
21,L7T64271,2106476,찬성,2021-09-28
21,4X525582,2106476,불참,2021-09-28
21,G7512472,2106476,찬성,2021-09-28
21,3TO11703,2106476,찬성,2021-09-28
21,S741317G,2106476,찬성,2021-09-28
21,CCU1009B,2106476,찬성,2021-09-28
21,MU69217P,2106476,반대,2021-09-28
21,2N793392,2106476,찬성,2021-09-28
21,LM13674V,2106476,찬성,2021-09-28
21,QD25323M,2106476,찬성,2021-09-28
21,GP07421U,2106476,찬성,2021-09-28
21,FGI27280,2106476,불참,2021-09-28
21,USR7059P,2106476,찬성,2021-09-28
21,4XG1439M,2106476,찬성,2021-09-28
21,7I09543O,2106476,찬성,2021-09-28
21,7469929V,2106476,불참,2021-09-28
21,D4L60530,2106476,찬성,2021-09-28
21,M6H1705E,2106476,찬성,2021-09-28
21,OFE45081,2106476,찬성,2021-09-28
21,A3H7195R,2106476,불참,2021-09-28
21,ZYH1940A,2106476,찬성,2021-09-28
21,0VU8517U,2106476,불참,2021-09-28
21,M0A1658U,2106476,찬성,2021-09-28
21,HSW1214Q,2106476,불참,2021-09-28
21,NZF1659U,2106476,불참,2021-09-28
21,WDS6044S,2106476,불참,2021-09-28
21,3BC6890E,2106476,반대,2021-09-28
21,ZDR63255,2106476,기권,2021-09-28
21,KR14136C,2106476,불참,2021-09-28
21,SRP7336N,2106476,불참,2021-09-28
21,5765663F,2106476,불참,2021-09-28
21,GFF1986K,2106476,불참,2021-09-28
21,5KV96424,2106476,불참,2021-09-28
21,M7T9712V,2106476,불참,2021-09-28
21,60490713,2106476,불참,2021-09-28
21,HKJ99607,2106476,찬성,2021-09-28
21,1WE5693J,2106476,찬성,2021-09-28
21,MY318392,2106476,찬성,2021-09-28
21,4T026790,2106476,찬성,2021-09-28
21,EH27538E,2106476,찬성,2021-09-28
21,SU53086M,2106476,불참,2021-09-28
21,PZA4062H,2106476,불참,2021-09-28
21,MR210505,2106476,찬성,2021-09-28
21,GF286398,2106476,찬성,2021-09-28
21,H5476989,2106476,찬성,2021-09-28
21,JQA21112,2106476,찬성,2021-09-28
21,HXT76735,2106476,불참,2021-09-28
21,RPN2293B,2106476,찬성,2021-09-28
21,0R68099X,2106476,불참,2021-09-28
21,V429892C,2106476,불참,2021-09-28
21,2385336L,2106476,찬성,2021-09-28
21,XBT9550Q,2106476,찬성,2021-09-28
21,ZA54991S,2106476,찬성,2021-09-28
21,MO52543L,2106476,불참,2021-09-28
21,0827740Q,2106476,불참,2021-09-28
21,0W194007,2106476,찬성,2021-09-28
21,X1K3667J,2106476,불참,2021-09-28
21,I5I2468R,2106476,찬성,2021-09-28
21,WTR5885Y,2106476,찬성,2021-09-28
21,L5P27909,2106476,불참,2021-09-28
21,3425169D,2106476,찬성,2021-09-28
21,IOW1101J,2106476,불참,2021-09-28
21,ICH23251,2106476,찬성,2021-09-28
21,25I8709Q,2106476,찬성,2021-09-28
21,OIA3741M,2106476,찬성,2021-09-28
21,6MO8786S,2106476,찬성,2021-09-28
21,XWX1513T,2106476,찬성,2021-09-28
21,CT85313K,2106476,찬성,2021-09-28
21,PAO22428,2106476,불참,2021-09-28
21,BLC8630L,2106476,찬성,2021-09-28
21,NQR1206Q,2106476,불참,2021-09-28
21,LG63087O,2106476,불참,2021-09-28
21,NAL4555X,2106476,불참,2021-09-28
21,PEP6922S,2106476,불참,2021-09-28
21,VG24001G,2106476,찬성,2021-09-28
21,L2I9861C,2106476,불참,2021-09-28
21,WCD5518S,2106476,찬성,2021-09-28
21,SVH3899R,2106476,찬성,2021-09-28
21,I434361W,2106476,찬성,2021-09-28
21,IOW8224X,2106476,찬성,2021-09-28
21,9JF4562W,2106476,찬성,2021-09-28
21,Y7K5946R,2106476,불참,2021-09-28
21,Z7Y7827F,2106476,찬성,2021-09-28
21,SBK1544B,2106476,불참,2021-09-28
21,KUO3574J,2106476,찬성,2021-09-28
21,D6U6678O,2106476,찬성,2021-09-28
21,FU87526G,2106476,불참,2021-09-28
21,8FC9697X,2106476,찬성,2021-09-28
21,QKO6165V,2106476,찬성,2021-09-28
21,ZRF3039U,2106476,불참,2021-09-28
21,V0O5343U,2106476,불참,2021-09-28
21,P0F1530P,2106476,불참,2021-09-28
21,XPP2564T,2106476,불참,2021-09-28
21,FRN1867O,2106476,불참,2021-09-28
21,LQW3652K,2106476,반대,2021-09-28
21,RO593601,2106476,찬성,2021-09-28
21,UB114374,2106476,불참,2021-09-28
21,GAV6441G,2106476,찬성,2021-09-28
21,0YT3774N,2106476,찬성,2021-09-28
21,7JC3239L,2106476,찬성,2021-09-28
21,IL74008M,2106476,불참,2021-09-28
21,8P37634C,2106476,불참,2021-09-28
21,CNZ51556,2106476,찬성,2021-09-28
21,N4R2421C,2106476,불참,2021-09-28
21,3C23171A,2106476,불참,2021-09-28
21,GDG1847Z,2106476,불참,2021-09-28
21,P2N4585G,2106476,찬성,2021-09-28
21,O7R5461J,2106476,불참,2021-09-28
21,TVF3669B,2106476,불참,2021-09-28
21,JMY9959W,2106476,찬성,2021-09-28
21,7R156073,2106476,불참,2021-09-28
21,6AR6743G,2106476,찬성,2021-09-28
21,VCP96419,2106476,찬성,2021-09-28
21,6AU2417B,2106476,불참,2021-09-28
21,8VJ8533R,2106476,찬성,2021-09-28
21,B7D7534L,2106476,찬성,2021-09-28
21,SE233396,2106476,찬성,2021-09-28
21,AFH96856,2106476,찬성,2021-09-28
21,B7H6207C,2106476,찬성,2021-09-28
21,6399076T,2106476,찬성,2021-09-28
21,4U29186R,2106476,찬성,2021-09-28
21,F5Y4026Q,2106476,찬성,2021-09-28
21,I0S53762,2106476,불참,2021-09-28
21,LH97552Q,2106476,찬성,2021-09-28
21,TKJ4800F,2106476,찬성,2021-09-28
21,O6D8329R,2106476,찬성,2021-09-28
21,MSY7784L,2106476,불참,2021-09-28
21,EVH1507C,2106476,찬성,2021-09-28
21,K5F2023J,2106476,불참,2021-09-28
21,14M56632,2106476,찬성,2021-09-28
21,N9X9673B,2106476,찬성,2021-09-28
21,5MD4184K,2106476,찬성,2021-09-28
21,5K93695T,2106476,불참,2021-09-28
21,6U243644,2106476,불참,2021-09-28
21,UHB5553T,2106476,찬성,2021-09-28
21,KFS1358P,2106476,찬성,2021-09-28
21,J9S37905,2106476,찬성,2021-09-28
21,A494529E,2106476,불참,2021-09-28
21,0PK7354M,2106476,찬성,2021-09-28
21,CZB4125D,2106476,불참,2021-09-28
21,Z6R3959C,2106476,찬성,2021-09-28
21,UGH6481E,2106476,불참,2021-09-28
21,CFE3998F,2106476,불참,2021-09-28
21,MRK4871S,2106476,불참,2021-09-28
21,YKW37422,2106476,불참,2021-09-28
21,2NV6751W,2106476,찬성,2021-09-28
21,BM63269Y,2106476,불참,2021-09-28
21,M7O7878U,2106476,찬성,2021-09-28
21,YLS4431M,2106476,찬성,2021-09-28
21,MNZ4401T,2106476,불참,2021-09-28
21,3ZR4438W,2106476,불참,2021-09-28
21,16D7652C,2106476,찬성,2021-09-28
21,KB04377U,2106476,찬성,2021-09-28
21,MLH1404S,2106476,찬성,2021-09-28
21,8VY63414,2106476,기권,2021-09-28
21,XR24352K,2106476,찬성,2021-09-28
21,JEZ3130Q,2106476,불참,2021-09-28
21,BCQ55105,2106476,찬성,2021-09-28
21,9L57027L,2106476,기권,2021-09-28
21,GOC54665,2106476,찬성,2021-09-28
21,K3W33496,2106476,찬성,2021-09-28
21,M2Q9024I,2106476,찬성,2021-09-28
21,DBA1057Z,2106476,불참,2021-09-28
21,CI15627C,2106476,불참,2021-09-28
21,C7E79345,2106476,불참,2021-09-28
21,4019850M,2106476,찬성,2021-09-28
21,UQ282145,2106476,찬성,2021-09-28
21,9YO73104,2106476,찬성,2021-09-28
21,TRE2429O,2106476,찬성,2021-09-28
21,E6U4345C,2106476,불참,2021-09-28
21,7BM2933Y,2106476,찬성,2021-09-28
21,CDL93608,2106476,기권,2021-09-28
21,2UD1340H,2106476,불참,2021-09-28
21,9VR65006,2106476,불참,2021-09-28
21,EMC8812P,2106476,기권,2021-09-28
21,XJC13432,2106476,찬성,2021-09-28
21,D0C85236,2106476,찬성,2021-09-28
21,XSP20229,2106476,불참,2021-09-28
21,T465023H,2106476,찬성,2021-09-28
21,3RW63706,2106476,불참,2021-09-28
21,RQQ3807K,2106476,찬성,2021-09-28
21,FH777496,2106476,찬성,2021-09-28
21,FYI20317,2106476,찬성,2021-09-28
21,8X15119P,2106476,찬성,2021-09-28
21,ZYP7962W,2106476,찬성,2021-09-28
21,CNW5754J,2106476,찬성,2021-09-28
21,GX38539O,2106476,불참,2021-09-28
21,8Q88373R,2106476,찬성,2021-09-28
21,9D939735,2106476,불참,2021-09-28
21,QTW6852F,2106476,불참,2021-09-28
21,TST4507I,2106476,찬성,2021-09-28
21,JC14718Q,2106476,찬성,2021-09-28
21,5KV82250,2106476,찬성,2021-09-28
21,L7J93733,2106476,불참,2021-09-28
21,LT72093S,2106476,불참,2021-09-28
21,GE71932C,2106476,찬성,2021-09-28
21,6YT83269,2106476,불참,2021-09-28
21,1MU99298,2106476,찬성,2021-09-28
21,17M85910,2106476,찬성,2021-09-28
21,G152611B,2106476,찬성,2021-09-28
21,I7R13867,2106476,찬성,2021-09-28
21,G1570880,2106476,불참,2021-09-28
21,9LD2641Q,2106476,찬성,2021-09-28
21,FOK3459D,2106476,찬성,2021-09-28
21,QUO78839,2106476,찬성,2021-09-28
21,LPB30152,2106476,찬성,2021-09-28
21,MD083627,2106476,찬성,2021-09-28
21,OSV9142K,2106476,찬성,2021-09-28
21,FJK3396E,2106476,불참,2021-09-28
21,ZDP5704Q,2106476,기권,2021-09-28
21,71J2365L,2106476,반대,2021-09-28
21,7O71647Z,2106476,불참,2021-09-28
21,W1Q6753M,2106476,찬성,2021-09-28
21,MHK9919B,2106476,불참,2021-09-28
21,E1J8836Y,2106476,찬성,2021-09-28
21,RD42006Y,2106476,찬성,2021-09-28
21,6EN68926,2106476,불참,2021-09-28
21,1BX7234U,2106476,찬성,2021-09-28
21,QHL3248U,2106476,불참,2021-09-28
21,AE685067,2106476,불참,2021-09-28
21,TJW93720,2106476,찬성,2021-09-28
21,9S151177,2106476,불참,2021-09-28
21,TZ228122,2106476,찬성,2021-09-28
21,XA42275R,2106476,불참,2021-09-28
21,PO64874I,2106476,찬성,2021-09-28
21,66W6739S,2106476,기권,2021-09-28
21,B7R2742J,2106476,찬성,2021-09-28
21,A0P4646G,2106476,찬성,2021-09-28
21,A2V51235,2106476,찬성,2021-09-28
21,1X376850,2106476,찬성,2021-09-28
21,3DK8989T,2106476,찬성,2021-09-28
21,09I2323E,2106476,찬성,2021-09-28
21,NTT8182Q,2106476,찬성,2021-09-28
21,ZKU88693,2106476,찬성,2021-09-28
21,KNM3215T,2106476,불참,2021-09-28
21,UM51067K,2106476,찬성,2021-09-28
21,X3170462,2106476,찬성,2021-09-28
21,8FB1535Y,2106476,찬성,2021-09-28
21,0WL9321T,2106476,찬성,2021-09-28
21,8348421R,2106476,불참,2021-09-28
21,40E3739H,2106476,불참,2021-09-28
21,IN328264,2106476,찬성,2021-09-28
21,WMG57662,2106476,찬성,2021-09-28
21,NCP9875N,2106476,찬성,2021-09-28
21,OW53107J,2106476,찬성,2021-09-28
21,DAN6731C,2106476,찬성,2021-09-28
21,ATB59635,2106476,찬성,2021-09-28
21,8SV6917G,2106476,반대,2021-09-28
21,GD131760,2106476,불참,2021-09-28
21,68P7228G,2106476,찬성,2021-09-28
21,PFG2137X,2106476,찬성,2021-09-28
21,40S1959J,2106476,불참,2021-09-28
21,8KF7223D,2106476,찬성,2021-09-28
21,GX22581L,2106476,기권,2021-09-28
21,52P3934K,2106476,찬성,2021-09-28
21,WHV3448W,2106476,찬성,2021-09-28
21,1Y73132H,2106476,불참,2021-09-28
21,04T3751T,2106476,찬성,2021-09-28
21,DPZ7685X,2106476,찬성,2021-09-28
21,CAA7713A,2106476,찬성,2021-09-28
21,O0I2045I,2106476,찬성,2021-09-28
21,QUM8288K,2106476,찬성,2021-09-28
21,S824682L,2106476,불참,2021-09-28
21,W4X85128,2106476,불참,2021-09-28
21,JZY9937U,2106476,찬성,2021-09-28
21,HSS7466Y,2106476,찬성,2021-09-28
21,FU53642G,2106476,불참,2021-09-28
21,5UN9725L,2106476,불참,2021-09-28
21,LJK4960Z,2106476,찬성,2021-09-28
21,21N57758,2106476,찬성,2021-09-28
21,3249208I,2106476,찬성,2021-09-28
21,XEF29171,2106476,찬성,2021-09-28
21,WVU2479T,2106476,찬성,2021-09-28
21,7XY7109I,2106476,찬성,2021-09-28
21,DAV7257X,2106476,찬성,2021-09-28
21,SQ36001H,2106476,불참,2021-09-28
21,BT62420K,2106476,불참,2021-09-28
21,TZP9391O,2106476,불참,2021-09-28
21,P2N50879,2106476,찬성,2021-09-28
21,NUB4941Z,2118277,찬성,2023-10-06
21,9S151177,2118277,불참,2023-10-06
21,S741317G,2118277,불참,2023-10-06
21,66W6739S,2118277,찬성,2023-10-06
21,USR7059P,2118277,찬성,2023-10-06
21,P2N50879,2118277,찬성,2023-10-06
21,A2V51235,2118277,찬성,2023-10-06
21,7469929V,2118277,불참,2023-10-06
21,OFE45081,2118277,찬성,2023-10-06
21,M7T9712V,2118277,불참,2023-10-06
21,1WE5693J,2118277,찬성,2023-10-06
21,8FB1535Y,2118277,찬성,2023-10-06
21,SU53086M,2118277,찬성,2023-10-06
21,MR210505,2118277,찬성,2023-10-06
21,ZA54991S,2118277,찬성,2023-10-06
21,0827740Q,2118277,찬성,2023-10-06
21,0W194007,2118277,찬성,2023-10-06
21,NCP9875N,2118277,찬성,2023-10-06
21,3425169D,2118277,찬성,2023-10-06
21,CT85313K,2118277,찬성,2023-10-06
21,KUO3574J,2118277,찬성,2023-10-06
21,8FC9697X,2118277,찬성,2023-10-06
21,ZRF3039U,2118277,찬성,2023-10-06
21,68P7228G,2118277,찬성,2023-10-06
21,0YT3774N,2118277,찬성,2023-10-06
21,8KF7223D,2118277,불참,2023-10-06
21,CNZ51556,2118277,찬성,2023-10-06
21,F5Y4026Q,2118277,찬성,2023-10-06
21,WHV3448W,2118277,찬성,2023-10-06
21,O6D8329R,2118277,찬성,2023-10-06
21,N9X9673B,2118277,불참,2023-10-06
21,CAA7713A,2118277,찬성,2023-10-06
21,YKW37422,2118277,불참,2023-10-06
21,MLH1404S,2118277,찬성,2023-10-06
21,BCQ55105,2118277,찬성,2023-10-06
21,9L57027L,2118277,찬성,2023-10-06
21,IUD9392R,2118277,불참,2023-10-06
21,DBA1057Z,2118277,찬성,2023-10-06
21,9VR65006,2118277,불참,2023-10-06
21,T465023H,2118277,찬성,2023-10-06
21,ZYP7962W,2118277,찬성,2023-10-06
21,CNW5754J,2118277,찬성,2023-10-06
21,8Q88373R,2118277,찬성,2023-10-06
21,LT72093S,2118277,찬성,2023-10-06
21,FDC3144T,2118277,찬성,2023-10-06
21,OSV9142K,2118277,찬성,2023-10-06
21,B7R2742J,2118277,찬성,2023-10-06
21,ZDP5704Q,2118277,찬성,2023-10-06
21,71J2365L,2118277,불참,2023-10-06
21,TJW93720,2118277,찬성,2023-10-06
21,3TO11703,2118277,찬성,2023-10-06
21,F5U2979W,2118277,찬성,2023-10-06
21,YOG1280B,2118277,찬성,2023-10-06
21,FIC9046Z,2118277,찬성,2023-10-06
21,DWK26447,2118277,불참,2023-10-06
21,KFM1081G,2118277,찬성,2023-10-06
21,NLR6572J,2118277,찬성,2023-10-06
21,YTA7297R,2118277,찬성,2023-10-06
21,L7T64271,2118277,찬성,2023-10-06
21,4X525582,2118277,불참,2023-10-06
21,GKD32201,2118277,찬성,2023-10-06
21,G7512472,2118277,불참,2023-10-06
21,CCU1009B,2118277,불참,2023-10-06
21,MU69217P,2118277,찬성,2023-10-06
21,2N793392,2118277,찬성,2023-10-06
21,LM13674V,2118277,찬성,2023-10-06
21,QD25323M,2118277,찬성,2023-10-06
21,JVB6983V,2118277,찬성,2023-10-06
21,DAY6557K,2118277,찬성,2023-10-06
21,GP07421U,2118277,찬성,2023-10-06
21,FGI27280,2118277,찬성,2023-10-06
21,4XG1439M,2118277,찬성,2023-10-06
21,A0P4646G,2118277,찬성,2023-10-06
21,7I09543O,2118277,찬성,2023-10-06
21,3DK8989T,2118277,불참,2023-10-06
21,D4L60530,2118277,불참,2023-10-06
21,M6H1705E,2118277,찬성,2023-10-06
21,09I2323E,2118277,불참,2023-10-06
21,NTT8182Q,2118277,찬성,2023-10-06
21,A3H7195R,2118277,불참,2023-10-06
21,ZYH1940A,2118277,불참,2023-10-06
21,0VU8517U,2118277,불참,2023-10-06
21,M0A1658U,2118277,찬성,2023-10-06
21,HSW1214Q,2118277,찬성,2023-10-06
21,NZF1659U,2118277,찬성,2023-10-06
21,WDS6044S,2118277,찬성,2023-10-06
21,3BC6890E,2118277,찬성,2023-10-06
21,ZDR63255,2118277,찬성,2023-10-06
21,KR14136C,2118277,찬성,2023-10-06
21,SRP7336N,2118277,불참,2023-10-06
21,5765663F,2118277,찬성,2023-10-06
21,GFF1986K,2118277,찬성,2023-10-06
21,ZKU88693,2118277,찬성,2023-10-06
21,WJL30106,2118277,불참,2023-10-06
21,5KV96424,2118277,찬성,2023-10-06
21,KNM3215T,2118277,찬성,2023-10-06
21,60490713,2118277,찬성,2023-10-06
21,UM51067K,2118277,찬성,2023-10-06
21,HKJ99607,2118277,불참,2023-10-06
21,X3170462,2118277,불참,2023-10-06
21,MY318392,2118277,찬성,2023-10-06
21,4T026790,2118277,찬성,2023-10-06
21,EH27538E,2118277,찬성,2023-10-06
21,WFU14784,2118277,불참,2023-10-06
21,0WL9321T,2118277,불참,2023-10-06
21,PZA4062H,2118277,찬성,2023-10-06
21,GF286398,2118277,찬성,2023-10-06
21,8348421R,2118277,찬성,2023-10-06
21,H5476989,2118277,찬성,2023-10-06
21,JQA21112,2118277,찬성,2023-10-06
21,4L695580,2118277,불참,2023-10-06
21,40E3739H,2118277,찬성,2023-10-06
21,6FS10566,2118277,찬성,2023-10-06
21,HXT76735,2118277,찬성,2023-10-06
21,RPN2293B,2118277,찬성,2023-10-06
21,0R68099X,2118277,찬성,2023-10-06
21,6RM29022,2118277,찬성,2023-10-06
21,MQU41854,2118277,찬성,2023-10-06
21,V429892C,2118277,찬성,2023-10-06
21,2385336L,2118277,찬성,2023-10-06
21,IN328264,2118277,불참,2023-10-06
21,XBT9550Q,2118277,찬성,2023-10-06
21,MO52543L,2118277,찬성,2023-10-06
21,X1K3667J,2118277,찬성,2023-10-06
21,WMG57662,2118277,찬성,2023-10-06
21,I5I2468R,2118277,찬성,2023-10-06
21,WTR5885Y,2118277,찬성,2023-10-06
21,IOW1101J,2118277,찬성,2023-10-06
21,25I8709Q,2118277,찬성,2023-10-06
21,OIA3741M,2118277,찬성,2023-10-06
21,6MO8786S,2118277,찬성,2023-10-06
21,XWX1513T,2118277,찬성,2023-10-06
21,BLC8630L,2118277,찬성,2023-10-06
21,NQR1206Q,2118277,찬성,2023-10-06
21,LG63087O,2118277,찬성,2023-10-06
21,OW53107J,2118277,찬성,2023-10-06
21,PEP6922S,2118277,찬성,2023-10-06
21,DAN6731C,2118277,찬성,2023-10-06
21,VG24001G,2118277,불참,2023-10-06
21,L2I9861C,2118277,찬성,2023-10-06
21,WCD5518S,2118277,찬성,2023-10-06
21,SVH3899R,2118277,찬성,2023-10-06
21,IOW8224X,2118277,찬성,2023-10-06
21,9JF4562W,2118277,찬성,2023-10-06
21,Y7K5946R,2118277,찬성,2023-10-06
21,Z7Y7827F,2118277,찬성,2023-10-06
21,ATB59635,2118277,찬성,2023-10-06
21,D6U6678O,2118277,찬성,2023-10-06
21,FU87526G,2118277,찬성,2023-10-06
21,S9U45255,2118277,찬성,2023-10-06
21,8SV6917G,2118277,찬성,2023-10-06
21,QKO6165V,2118277,불참,2023-10-06
21,GD131760,2118277,찬성,2023-10-06
21,V0O5343U,2118277,찬성,2023-10-06
21,P0F1530P,2118277,불참,2023-10-06
21,XPP2564T,2118277,찬성,2023-10-06
21,FRN1867O,2118277,찬성,2023-10-06
21,LQW3652K,2118277,찬성,2023-10-06
21,RO593601,2118277,찬성,2023-10-06
21,PFG2137X,2118277,찬성,2023-10-06
21,UB114374,2118277,찬성,2023-10-06
21,GAV6441G,2118277,찬성,2023-10-06
21,7JC3239L,2118277,불참,2023-10-06
21,40S1959J,2118277,찬성,2023-10-06
21,IL74008M,2118277,찬성,2023-10-06
21,8P37634C,2118277,찬성,2023-10-06
21,N4R2421C,2118277,찬성,2023-10-06
21,3C23171A,2118277,찬성,2023-10-06
21,GDG1847Z,2118277,불참,2023-10-06
21,P2N4585G,2118277,찬성,2023-10-06
21,O7R5461J,2118277,찬성,2023-10-06
21,JMY9959W,2118277,불참,2023-10-06
21,7R156073,2118277,불참,2023-10-06
21,6AR6743G,2118277,불참,2023-10-06
21,J2O8643H,2118277,찬성,2023-10-06
21,VCP96419,2118277,찬성,2023-10-06
21,6AU2417B,2118277,불참,2023-10-06
21,8VJ8533R,2118277,찬성,2023-10-06
21,B7D7534L,2118277,찬성,2023-10-06
21,GX22581L,2118277,불참,2023-10-06
21,SE233396,2118277,찬성,2023-10-06
21,AFH96856,2118277,찬성,2023-10-06
21,52P3934K,2118277,찬성,2023-10-06
21,B7H6207C,2118277,찬성,2023-10-06
21,6399076T,2118277,찬성,2023-10-06
21,4U29186R,2118277,불참,2023-10-06
21,6RD62559,2118277,찬성,2023-10-06
21,1Y73132H,2118277,찬성,2023-10-06
21,I0S53762,2118277,불참,2023-10-06
21,LH97552Q,2118277,찬성,2023-10-06
21,TKJ4800F,2118277,찬성,2023-10-06
21,04T3751T,2118277,찬성,2023-10-06
21,MSY7784L,2118277,찬성,2023-10-06
21,EVH1507C,2118277,찬성,2023-10-06
21,K5F2023J,2118277,불참,2023-10-06
21,14M56632,2118277,찬성,2023-10-06
21,5MD4184K,2118277,찬성,2023-10-06
21,5K93695T,2118277,찬성,2023-10-06
21,DPZ7685X,2118277,불참,2023-10-06
21,6U243644,2118277,찬성,2023-10-06
21,E9R4507P,2118277,찬성,2023-10-06
21,UHB5553T,2118277,찬성,2023-10-06
21,KFS1358P,2118277,찬성,2023-10-06
21,J9S37905,2118277,찬성,2023-10-06
21,A494529E,2118277,불참,2023-10-06
21,VRY5522V,2118277,찬성,2023-10-06
21,0PK7354M,2118277,찬성,2023-10-06
21,O0I2045I,2118277,찬성,2023-10-06
21,CZB4125D,2118277,불참,2023-10-06
21,Z6R3959C,2118277,불참,2023-10-06
21,QUM8288K,2118277,불참,2023-10-06
21,UGH6481E,2118277,찬성,2023-10-06
21,S824682L,2118277,찬성,2023-10-06
21,W4X85128,2118277,찬성,2023-10-06
21,Q9H5708M,2118277,불참,2023-10-06
21,JZY9937U,2118277,불참,2023-10-06
21,MRK4871S,2118277,찬성,2023-10-06
21,2NV6751W,2118277,찬성,2023-10-06
21,BM63269Y,2118277,찬성,2023-10-06
21,M7O7878U,2118277,찬성,2023-10-06
21,YLS4431M,2118277,불참,2023-10-06
21,MNZ4401T,2118277,불참,2023-10-06
21,3ZR4438W,2118277,찬성,2023-10-06
21,HSS7466Y,2118277,찬성,2023-10-06
21,16D7652C,2118277,찬성,2023-10-06
21,KB04377U,2118277,불참,2023-10-06
21,FU53642G,2118277,찬성,2023-10-06
21,8VY63414,2118277,찬성,2023-10-06
21,XR24352K,2118277,찬성,2023-10-06
21,QQP4727N,2118277,찬성,2023-10-06
21,JEZ3130Q,2118277,찬성,2023-10-06
21,GOC54665,2118277,찬성,2023-10-06
21,5UN9725L,2118277,불참,2023-10-06
21,LJK4960Z,2118277,찬성,2023-10-06
21,K3W33496,2118277,찬성,2023-10-06
21,NCO99988,2118277,찬성,2023-10-06
21,M2Q9024I,2118277,불참,2023-10-06
21,CI15627C,2118277,찬성,2023-10-06
21,C7E79345,2118277,찬성,2023-10-06
21,4019850M,2118277,찬성,2023-10-06
21,UQ282145,2118277,찬성,2023-10-06
21,9YO73104,2118277,찬성,2023-10-06
21,TRE2429O,2118277,찬성,2023-10-06
21,E6U4345C,2118277,찬성,2023-10-06
21,7BM2933Y,2118277,찬성,2023-10-06
21,CDL93608,2118277,불참,2023-10-06
21,2UD1340H,2118277,찬성,2023-10-06
21,X7I4680R,2118277,불참,2023-10-06
21,EMC8812P,2118277,찬성,2023-10-06
21,XJC13432,2118277,찬성,2023-10-06
21,XSP20229,2118277,찬성,2023-10-06
21,3RW63706,2118277,찬성,2023-10-06
21,RQQ3807K,2118277,찬성,2023-10-06
21,FH777496,2118277,찬성,2023-10-06
21,FYI20317,2118277,찬성,2023-10-06
21,8X15119P,2118277,불참,2023-10-06
21,3249208I,2118277,찬성,2023-10-06
21,GX38539O,2118277,찬성,2023-10-06
21,XEF29171,2118277,찬성,2023-10-06
21,WVU2479T,2118277,불참,2023-10-06
21,9D939735,2118277,불참,2023-10-06
21,QTW6852F,2118277,찬성,2023-10-06
21,7XY7109I,2118277,불참,2023-10-06
21,TST4507I,2118277,찬성,2023-10-06
21,JC14718Q,2118277,찬성,2023-10-06
21,5KV82250,2118277,찬성,2023-10-06
21,L7J93733,2118277,찬성,2023-10-06
21,DAV7257X,2118277,찬성,2023-10-06
21,GE71932C,2118277,찬성,2023-10-06
21,6YT83269,2118277,찬성,2023-10-06
21,1MU99298,2118277,불참,2023-10-06
21,17M85910,2118277,찬성,2023-10-06
21,G152611B,2118277,불참,2023-10-06
21,I7R13867,2118277,불참,2023-10-06
21,SQ36001H,2118277,찬성,2023-10-06
21,G1570880,2118277,찬성,2023-10-06
21,9LD2641Q,2118277,찬성,2023-10-06
21,FOK3459D,2118277,찬성,2023-10-06
21,QUO78839,2118277,찬성,2023-10-06
21,BT62420K,2118277,찬성,2023-10-06
21,LPB30152,2118277,찬성,2023-10-06
21,MD083627,2118277,찬성,2023-10-06
21,TZP9391O,2118277,찬성,2023-10-06
21,6V37131U,2118277,찬성,2023-10-06
21,FJK3396E,2118277,찬성,2023-10-06
21,7O71647Z,2118277,찬성,2023-10-06
21,W1Q6753M,2118277,찬성,2023-10-06
21,E1J8836Y,2118277,찬성,2023-10-06
21,RD42006Y,2118277,불참,2023-10-06
21,6EN68926,2118277,불참,2023-10-06
21,1BX7234U,2118277,찬성,2023-10-06
21,QHL3248U,2118277,찬성,2023-10-06
21,TZ228122,2118277,찬성,2023-10-06
21,9V18755A,2118277,찬성,2023-10-06
21,XA42275R,2118277,찬성,2023-10-06
21,PO64874I,2118277,찬성,2023-10-06
21,LBC8144B,2118277,찬성,2023-10-06
21,VHK3402G,2118277,찬성,2023-10-06
21,JNL7001A,2109022,찬성,2021-03-24
21,L7T64271,2109022,찬성,2021-03-24
21,GKD32201,2109022,찬성,2021-03-24
21,G7512472,2109022,찬성,2021-03-24
21,S741317G,2109022,찬성,2021-03-24
21,CCU1009B,2109022,찬성,2021-03-24
21,MU69217P,2109022,불참,2021-03-24
21,2N793392,2109022,찬성,2021-03-24
21,66W6739S,2109022,찬성,2021-03-24
21,QD25323M,2109022,찬성,2021-03-24
21,DAY6557K,2109022,찬성,2021-03-24
21,FGI27280,2109022,찬성,2021-03-24
21,4XG1439M,2109022,불참,2021-03-24
21,A0P4646G,2109022,불참,2021-03-24
21,7I09543O,2109022,찬성,2021-03-24
21,1X376850,2109022,찬성,2021-03-24
21,3DK8989T,2109022,불참,2021-03-24
21,7469929V,2109022,불참,2021-03-24
21,D4L60530,2109022,찬성,2021-03-24
21,09I2323E,2109022,불참,2021-03-24
21,NTT8182Q,2109022,찬성,2021-03-24
21,ZYH1940A,2109022,불참,2021-03-24
21,M0A1658U,2109022,찬성,2021-03-24
21,HSW1214Q,2109022,찬성,2021-03-24
21,NZF1659U,2109022,불참,2021-03-24
21,WDS6044S,2109022,불참,2021-03-24
21,ZDR63255,2109022,찬성,2021-03-24
21,KR14136C,2109022,찬성,2021-03-24
21,SRP7336N,2109022,찬성,2021-03-24
21,5765663F,2109022,찬성,2021-03-24
21,GFF1986K,2109022,찬성,2021-03-24
21,WJL30106,2109022,찬성,2021-03-24
21,5KV96424,2109022,찬성,2021-03-24
21,KNM3215T,2109022,불참,2021-03-24
21,M7T9712V,2109022,찬성,2021-03-24
21,60490713,2109022,찬성,2021-03-24
21,HKJ99607,2109022,찬성,2021-03-24
21,1WE5693J,2109022,불참,2021-03-24
21,MY318392,2109022,찬성,2021-03-24
21,4T026790,2109022,찬성,2021-03-24
21,EH27538E,2109022,찬성,2021-03-24
21,WFU14784,2109022,찬성,2021-03-24
21,SU53086M,2109022,찬성,2021-03-24
21,0WL9321T,2109022,찬성,2021-03-24
21,PZA4062H,2109022,찬성,2021-03-24
21,MR210505,2109022,찬성,2021-03-24
21,GF286398,2109022,찬성,2021-03-24
21,H5476989,2109022,찬성,2021-03-24
21,4L695580,2109022,찬성,2021-03-24
21,40E3739H,2109022,찬성,2021-03-24
21,HXT76735,2109022,찬성,2021-03-24
21,RPN2293B,2109022,찬성,2021-03-24
21,0R68099X,2109022,찬성,2021-03-24
21,V429892C,2109022,찬성,2021-03-24
21,2385336L,2109022,찬성,2021-03-24
21,IN328264,2109022,찬성,2021-03-24
21,XBT9550Q,2109022,불참,2021-03-24
21,ZA54991S,2109022,찬성,2021-03-24
21,MO52543L,2109022,찬성,2021-03-24
21,0827740Q,2109022,찬성,2021-03-24
21,0W194007,2109022,찬성,2021-03-24
21,X1K3667J,2109022,찬성,2021-03-24
21,I5I2468R,2109022,찬성,2021-03-24
21,WTR5885Y,2109022,찬성,2021-03-24
21,L5P27909,2109022,불참,2021-03-24
21,IOW1101J,2109022,찬성,2021-03-24
21,ICH23251,2109022,찬성,2021-03-24
21,25I8709Q,2109022,찬성,2021-03-24
21,XWX1513T,2109022,찬성,2021-03-24
21,CT85313K,2109022,불참,2021-03-24
21,BLC8630L,2109022,찬성,2021-03-24
21,0767470D,2109022,찬성,2021-03-24
21,LG63087O,2109022,불참,2021-03-24
21,PEP6922S,2109022,찬성,2021-03-24
21,DAN6731C,2109022,불참,2021-03-24
21,VG24001G,2109022,찬성,2021-03-24
21,L2I9861C,2109022,찬성,2021-03-24
21,WCD5518S,2109022,찬성,2021-03-24
21,SVH3899R,2109022,찬성,2021-03-24
21,I434361W,2109022,찬성,2021-03-24
21,9JF4562W,2109022,찬성,2021-03-24
21,Y7K5946R,2109022,찬성,2021-03-24
21,Z7Y7827F,2109022,찬성,2021-03-24
21,SBK1544B,2109022,찬성,2021-03-24
21,8SV6917G,2109022,불참,2021-03-24
21,8FC9697X,2109022,찬성,2021-03-24
21,QKO6165V,2109022,찬성,2021-03-24
21,GD131760,2109022,불참,2021-03-24
21,ZRF3039U,2109022,찬성,2021-03-24
21,V0O5343U,2109022,찬성,2021-03-24
21,P0F1530P,2109022,찬성,2021-03-24
21,XPP2564T,2109022,불참,2021-03-24
21,FRN1867O,2109022,찬성,2021-03-24
21,PFG2137X,2109022,찬성,2021-03-24
21,UB114374,2109022,찬성,2021-03-24
21,GAV6441G,2109022,찬성,2021-03-24
21,7JC3239L,2109022,찬성,2021-03-24
21,IL74008M,2109022,찬성,2021-03-24
21,8KF7223D,2109022,불참,2021-03-24
21,8P37634C,2109022,찬성,2021-03-24
21,CNZ51556,2109022,찬성,2021-03-24
21,N4R2421C,2109022,불참,2021-03-24
21,GDG1847Z,2109022,찬성,2021-03-24
21,LNR7932L,2109022,불참,2021-03-24
21,O7R5461J,2109022,찬성,2021-03-24
21,TVF3669B,2109022,불참,2021-03-24
21,6AR6743G,2109022,찬성,2021-03-24
21,VCP96419,2109022,찬성,2021-03-24
21,8VJ8533R,2109022,찬성,2021-03-24
21,GX22581L,2109022,찬성,2021-03-24
21,SE233396,2109022,찬성,2021-03-24
21,52P3934K,2109022,찬성,2021-03-24
21,B7H6207C,2109022,찬성,2021-03-24
21,6399076T,2109022,찬성,2021-03-24
21,4U29186R,2109022,찬성,2021-03-24
21,F5Y4026Q,2109022,찬성,2021-03-24
21,WHV3448W,2109022,찬성,2021-03-24
21,1Y73132H,2109022,불참,2021-03-24
21,I0S53762,2109022,불참,2021-03-24
21,LH97552Q,2109022,찬성,2021-03-24
21,TKJ4800F,2109022,찬성,2021-03-24
21,O6D8329R,2109022,찬성,2021-03-24
21,MSY7784L,2109022,찬성,2021-03-24
21,5MD4184K,2109022,찬성,2021-03-24
21,TP066860,2109022,불참,2021-03-24
21,5K93695T,2109022,찬성,2021-03-24
21,KFS1358P,2109022,찬성,2021-03-24
21,A494529E,2109022,찬성,2021-03-24
21,VRY5522V,2109022,불참,2021-03-24
21,CAA7713A,2109022,찬성,2021-03-24
21,0PK7354M,2109022,찬성,2021-03-24
21,CZB4125D,2109022,찬성,2021-03-24
21,Z6R3959C,2109022,불참,2021-03-24
21,UGH6481E,2109022,찬성,2021-03-24
21,S824682L,2109022,불참,2021-03-24
21,W4X85128,2109022,기권,2021-03-24
21,Q9H5708M,2109022,찬성,2021-03-24
21,CFE3998F,2109022,찬성,2021-03-24
21,MRK4871S,2109022,찬성,2021-03-24
21,YKW37422,2109022,불참,2021-03-24
21,2NV6751W,2109022,불참,2021-03-24
21,BM63269Y,2109022,불참,2021-03-24
21,M7O7878U,2109022,찬성,2021-03-24
21,MNZ4401T,2109022,찬성,2021-03-24
21,3ZR4438W,2109022,불참,2021-03-24
21,HSS7466Y,2109022,찬성,2021-03-24
21,MLH1404S,2109022,불참,2021-03-24
21,8VY63414,2109022,찬성,2021-03-24
21,XR24352K,2109022,찬성,2021-03-24
21,QQP4727N,2109022,불참,2021-03-24
21,IUL4848V,2109022,찬성,2021-03-24
21,JEZ3130Q,2109022,찬성,2021-03-24
21,BCQ55105,2109022,찬성,2021-03-24
21,9L57027L,2109022,기권,2021-03-24
21,GOC54665,2109022,찬성,2021-03-24
21,LJK4960Z,2109022,찬성,2021-03-24
21,K3W33496,2109022,찬성,2021-03-24
21,CI15627C,2109022,찬성,2021-03-24
21,21N57758,2109022,찬성,2021-03-24
21,C7E79345,2109022,불참,2021-03-24
21,4019850M,2109022,찬성,2021-03-24
21,UQ282145,2109022,찬성,2021-03-24
21,TRE2429O,2109022,찬성,2021-03-24
21,E6U4345C,2109022,찬성,2021-03-24
21,7BM2933Y,2109022,찬성,2021-03-24
21,CDL93608,2109022,불참,2021-03-24
21,2UD1340H,2109022,찬성,2021-03-24
21,EMC8812P,2109022,기권,2021-03-24
21,XJC13432,2109022,찬성,2021-03-24
21,T465023H,2109022,찬성,2021-03-24
21,RQQ3807K,2109022,찬성,2021-03-24
21,FH777496,2109022,찬성,2021-03-24
21,FYI20317,2109022,찬성,2021-03-24
21,ZYP7962W,2109022,불참,2021-03-24
21,CNW5754J,2109022,찬성,2021-03-24
21,WVU2479T,2109022,찬성,2021-03-24
21,9D939735,2109022,불참,2021-03-24
21,QTW6852F,2109022,불참,2021-03-24
21,7XY7109I,2109022,불참,2021-03-24
21,TST4507I,2109022,찬성,2021-03-24
21,JC14718Q,2109022,찬성,2021-03-24
21,5KV82250,2109022,불참,2021-03-24
21,L7J93733,2109022,찬성,2021-03-24
21,LT72093S,2109022,찬성,2021-03-24
21,GE71932C,2109022,기권,2021-03-24
21,6YT83269,2109022,찬성,2021-03-24
21,1MU99298,2109022,찬성,2021-03-24
21,FDC3144T,2109022,찬성,2021-03-24
21,17M85910,2109022,찬성,2021-03-24
21,I7R13867,2109022,찬성,2021-03-24
21,SQ36001H,2109022,찬성,2021-03-24
21,9LD2641Q,2109022,찬성,2021-03-24
21,FOK3459D,2109022,찬성,2021-03-24
21,QUO78839,2109022,불참,2021-03-24
21,BT62420K,2109022,찬성,2021-03-24
21,LPB30152,2109022,찬성,2021-03-24
21,TZP9391O,2109022,찬성,2021-03-24
21,6V37131U,2109022,찬성,2021-03-24
21,FJK3396E,2109022,찬성,2021-03-24
21,71J2365L,2109022,찬성,2021-03-24
21,7O71647Z,2109022,찬성,2021-03-24
21,E1J8836Y,2109022,찬성,2021-03-24
21,RD42006Y,2109022,찬성,2021-03-24
21,6EN68926,2109022,불참,2021-03-24
21,1BX7234U,2109022,찬성,2021-03-24
21,QHL3248U,2109022,찬성,2021-03-24
21,AE685067,2109022,찬성,2021-03-24
21,9S151177,2109022,찬성,2021-03-24
21,TZ228122,2109022,불참,2021-03-24
21,9V18755A,2109022,찬성,2021-03-24
21,PO64874I,2109022,찬성,2021-03-24
21,5UN9725L,2109022,불참,2021-03-24
21,M2Q9024I,2109022,찬성,2021-03-24
21,DBA1057Z,2109022,찬성,2021-03-24
21,9YO73104,2109022,불참,2021-03-24
21,9VR65006,2109022,불참,2021-03-24
21,X7I4680R,2109022,찬성,2021-03-24
21,D0C85236,2109022,찬성,2021-03-24
21,XSP20229,2109022,불참,2021-03-24
21,3RW63706,2109022,찬성,2021-03-24
21,8X15119P,2109022,불참,2021-03-24
21,3249208I,2109022,찬성,2021-03-24
21,GX38539O,2109022,찬성,2021-03-24
21,8Q88373R,2109022,찬성,2021-03-24
21,XEF29171,2109022,찬성,2021-03-24
21,DAV7257X,2109022,찬성,2021-03-24
21,G152611B,2109022,불참,2021-03-24
21,G1570880,2109022,찬성,2021-03-24
21,MD083627,2109022,찬성,2021-03-24
21,OSV9142K,2109022,찬성,2021-03-24
21,B7R2742J,2109022,찬성,2021-03-24
21,ZDP5704Q,2109022,찬성,2021-03-24
21,W1Q6753M,2109022,찬성,2021-03-24
21,MHK9919B,2109022,기권,2021-03-24
21,TJW93720,2109022,찬성,2021-03-24
21,XA42275R,2109022,찬성,2021-03-24
21,4X525582,2109022,불참,2021-03-24
21,3TO11703,2109022,찬성,2021-03-24
21,LM13674V,2109022,찬성,2021-03-24
21,GP07421U,2109022,찬성,2021-03-24
21,USR7059P,2109022,찬성,2021-03-24
21,P2N50879,2109022,찬성,2021-03-24
21,A2V51235,2109022,찬성,2021-03-24
21,M6H1705E,2109022,불참,2021-03-24
21,OFE45081,2109022,찬성,2021-03-24
21,A3H7195R,2109022,찬성,2021-03-24
21,0VU8517U,2109022,불참,2021-03-24
21,3BC6890E,2109022,기권,2021-03-24
21,ZKU88693,2109022,찬성,2021-03-24
21,UM51067K,2109022,찬성,2021-03-24
21,X3170462,2109022,찬성,2021-03-24
21,8FB1535Y,2109022,찬성,2021-03-24
21,8348421R,2109022,찬성,2021-03-24
21,JQA21112,2109022,찬성,2021-03-24
21,4A067125,2109022,불참,2021-03-24
21,WMG57662,2109022,찬성,2021-03-24
21,NCP9875N,2109022,찬성,2021-03-24
21,3425169D,2109022,찬성,2021-03-24
21,OIA3741M,2109022,찬성,2021-03-24
21,6MO8786S,2109022,찬성,2021-03-24
21,PAO22428,2109022,찬성,2021-03-24
21,NQR1206Q,2109022,찬성,2021-03-24
21,NAL4555X,2109022,찬성,2021-03-24
21,OW53107J,2109022,찬성,2021-03-24
21,IOW8224X,2109022,찬성,2021-03-24
21,ATB59635,2109022,찬성,2021-03-24
21,KUO3574J,2109022,찬성,2021-03-24
21,D6U6678O,2109022,찬성,2021-03-24
21,FU87526G,2109022,찬성,2021-03-24
21,S9U45255,2109022,찬성,2021-03-24
21,68P7228G,2109022,찬성,2021-03-24
21,LQW3652K,2109022,불참,2021-03-24
21,RO593601,2109022,찬성,2021-03-24
21,0YT3774N,2109022,찬성,2021-03-24
21,40S1959J,2109022,찬성,2021-03-24
21,3C23171A,2109022,찬성,2021-03-24
21,P2N4585G,2109022,찬성,2021-03-24
21,JMY9959W,2109022,찬성,2021-03-24
21,7R156073,2109022,불참,2021-03-24
21,J2O8643H,2109022,찬성,2021-03-24
21,6AU2417B,2109022,찬성,2021-03-24
21,B7D7534L,2109022,찬성,2021-03-24
21,AFH96856,2109022,찬성,2021-03-24
21,04T3751T,2109022,찬성,2021-03-24
21,EVH1507C,2109022,찬성,2021-03-24
21,K5F2023J,2109022,찬성,2021-03-24
21,14M56632,2109022,불참,2021-03-24
21,N9X9673B,2109022,찬성,2021-03-24
21,DPZ7685X,2109022,찬성,2021-03-24
21,6U243644,2109022,찬성,2021-03-24
21,E9R4507P,2109022,찬성,2021-03-24
21,UHB5553T,2109022,찬성,2021-03-24
21,J9S37905,2109022,불참,2021-03-24
21,O0I2045I,2109022,찬성,2021-03-24
21,QUM8288K,2109022,찬성,2021-03-24
21,JZY9937U,2109022,찬성,2021-03-24
21,YLS4431M,2109022,기권,2021-03-24
21,16D7652C,2109022,찬성,2021-03-24
21,KB04377U,2109022,불참,2021-03-24
21,FU53642G,2109022,찬성,2021-03-24
21,NUB4941Z,2126101,찬성,2024-01-09
21,9S151177,2126101,불참,2024-01-09
21,A0P4646G,2126101,찬성,2024-01-09
21,A2V51235,2126101,찬성,2024-01-09
21,M0A1658U,2126101,찬성,2024-01-09
21,1WE5693J,2126101,찬성,2024-01-09
21,X3170462,2126101,찬성,2024-01-09
21,8FB1535Y,2126101,찬성,2024-01-09
21,WFU14784,2126101,찬성,2024-01-09
21,JQA21112,2126101,기권,2024-01-09
21,MQU41854,2126101,불참,2024-01-09
21,0827740Q,2126101,불참,2024-01-09
21,0W194007,2126101,찬성,2024-01-09
21,NCP9875N,2126101,찬성,2024-01-09
21,3425169D,2126101,찬성,2024-01-09
21,CT85313K,2126101,찬성,2024-01-09
21,LG63087O,2126101,찬성,2024-01-09
21,SVH3899R,2126101,찬성,2024-01-09
21,KUO3574J,2126101,찬성,2024-01-09
21,8FC9697X,2126101,찬성,2024-01-09
21,ZRF3039U,2126101,찬성,2024-01-09
21,0YT3774N,2126101,찬성,2024-01-09
21,8KF7223D,2126101,찬성,2024-01-09
21,GX22581L,2126101,찬성,2024-01-09
21,52P3934K,2126101,불참,2024-01-09
21,F5Y4026Q,2126101,불참,2024-01-09
21,WHV3448W,2126101,찬성,2024-01-09
21,O6D8329R,2126101,찬성,2024-01-09
21,N9X9673B,2126101,불참,2024-01-09
21,CZB4125D,2126101,불참,2024-01-09
21,YKW37422,2126101,찬성,2024-01-09
21,8VY63414,2126101,찬성,2024-01-09
21,JEZ3130Q,2126101,불참,2024-01-09
21,BCQ55105,2126101,찬성,2024-01-09
21,IUD9392R,2126101,불참,2024-01-09
21,DBA1057Z,2126101,찬성,2024-01-09
21,3RW63706,2126101,찬성,2024-01-09
21,CNW5754J,2126101,찬성,2024-01-09
21,8Q88373R,2126101,찬성,2024-01-09
21,LT72093S,2126101,찬성,2024-01-09
21,FDC3144T,2126101,찬성,2024-01-09
21,I7R13867,2126101,찬성,2024-01-09
21,OSV9142K,2126101,찬성,2024-01-09
21,B7R2742J,2126101,불참,2024-01-09
21,RD42006Y,2126101,찬성,2024-01-09
21,P2N50879,2126101,기권,2024-01-09
21,F5U2979W,2126101,불참,2024-01-09
21,YOG1280B,2126101,찬성,2024-01-09
21,FIC9046Z,2126101,찬성,2024-01-09
21,DWK26447,2126101,찬성,2024-01-09
21,KFM1081G,2126101,찬성,2024-01-09
21,F0I5053J,2126101,찬성,2024-01-09
21,MSO2590I,2126101,찬성,2024-01-09
21,NLR6572J,2126101,찬성,2024-01-09
21,YTA7297R,2126101,찬성,2024-01-09
21,L7T64271,2126101,찬성,2024-01-09
21,4X525582,2126101,불참,2024-01-09
21,GKD32201,2126101,찬성,2024-01-09
21,G7512472,2126101,찬성,2024-01-09
21,3TO11703,2126101,찬성,2024-01-09
21,S741317G,2126101,찬성,2024-01-09
21,CCU1009B,2126101,찬성,2024-01-09
21,MU69217P,2126101,찬성,2024-01-09
21,2N793392,2126101,찬성,2024-01-09
21,LM13674V,2126101,찬성,2024-01-09
21,QD25323M,2126101,불참,2024-01-09
21,JVB6983V,2126101,찬성,2024-01-09
21,DAY6557K,2126101,찬성,2024-01-09
21,GP07421U,2126101,찬성,2024-01-09
21,FGI27280,2126101,찬성,2024-01-09
21,USR7059P,2126101,불참,2024-01-09
21,4XG1439M,2126101,찬성,2024-01-09
21,7I09543O,2126101,찬성,2024-01-09
21,3DK8989T,2126101,찬성,2024-01-09
21,7469929V,2126101,불참,2024-01-09
21,D4L60530,2126101,불참,2024-01-09
21,M6H1705E,2126101,찬성,2024-01-09
21,OFE45081,2126101,찬성,2024-01-09
21,09I2323E,2126101,찬성,2024-01-09
21,NTT8182Q,2126101,찬성,2024-01-09
21,A3H7195R,2126101,찬성,2024-01-09
21,ZYH1940A,2126101,찬성,2024-01-09
21,0VU8517U,2126101,찬성,2024-01-09
21,HSW1214Q,2126101,찬성,2024-01-09
21,NZF1659U,2126101,찬성,2024-01-09
21,WDS6044S,2126101,찬성,2024-01-09
21,3BC6890E,2126101,불참,2024-01-09
21,ZDR63255,2126101,찬성,2024-01-09
21,KR14136C,2126101,불참,2024-01-09
21,5765663F,2126101,찬성,2024-01-09
21,GFF1986K,2126101,찬성,2024-01-09
21,ZKU88693,2126101,찬성,2024-01-09
21,WJL30106,2126101,찬성,2024-01-09
21,5KV96424,2126101,찬성,2024-01-09
21,KNM3215T,2126101,기권,2024-01-09
21,M7T9712V,2126101,찬성,2024-01-09
21,60490713,2126101,찬성,2024-01-09
21,UM51067K,2126101,찬성,2024-01-09
21,HKJ99607,2126101,찬성,2024-01-09
21,MY318392,2126101,찬성,2024-01-09
21,4T026790,2126101,찬성,2024-01-09
21,EH27538E,2126101,찬성,2024-01-09
21,SU53086M,2126101,찬성,2024-01-09
21,0WL9321T,2126101,찬성,2024-01-09
21,PZA4062H,2126101,찬성,2024-01-09
21,MR210505,2126101,찬성,2024-01-09
21,GF286398,2126101,찬성,2024-01-09
21,8348421R,2126101,찬성,2024-01-09
21,H5476989,2126101,찬성,2024-01-09
21,4L695580,2126101,불참,2024-01-09
21,40E3739H,2126101,찬성,2024-01-09
21,6FS10566,2126101,반대,2024-01-09
21,HXT76735,2126101,찬성,2024-01-09
21,RPN2293B,2126101,찬성,2024-01-09
21,0R68099X,2126101,찬성,2024-01-09
21,6RM29022,2126101,찬성,2024-01-09
21,V429892C,2126101,찬성,2024-01-09
21,2385336L,2126101,찬성,2024-01-09
21,IN328264,2126101,불참,2024-01-09
21,XBT9550Q,2126101,찬성,2024-01-09
21,ZA54991S,2126101,찬성,2024-01-09
21,MO52543L,2126101,찬성,2024-01-09
21,X1K3667J,2126101,찬성,2024-01-09
21,WMG57662,2126101,찬성,2024-01-09
21,I5I2468R,2126101,찬성,2024-01-09
21,WTR5885Y,2126101,찬성,2024-01-09
21,IOW1101J,2126101,찬성,2024-01-09
21,25I8709Q,2126101,찬성,2024-01-09
21,OIA3741M,2126101,찬성,2024-01-09
21,6MO8786S,2126101,찬성,2024-01-09
21,XWX1513T,2126101,찬성,2024-01-09
21,BLC8630L,2126101,찬성,2024-01-09
21,NQR1206Q,2126101,찬성,2024-01-09
21,OW53107J,2126101,찬성,2024-01-09
21,PEP6922S,2126101,찬성,2024-01-09
21,DAN6731C,2126101,찬성,2024-01-09
21,VG24001G,2126101,찬성,2024-01-09
21,L2I9861C,2126101,찬성,2024-01-09
21,WCD5518S,2126101,찬성,2024-01-09
21,IOW8224X,2126101,찬성,2024-01-09
21,9JF4562W,2126101,찬성,2024-01-09
21,Y7K5946R,2126101,찬성,2024-01-09
21,Z7Y7827F,2126101,찬성,2024-01-09
21,ATB59635,2126101,찬성,2024-01-09
21,D6U6678O,2126101,찬성,2024-01-09
21,FU87526G,2126101,찬성,2024-01-09
21,S9U45255,2126101,찬성,2024-01-09
21,8SV6917G,2126101,찬성,2024-01-09
21,QKO6165V,2126101,불참,2024-01-09
21,GD131760,2126101,찬성,2024-01-09
21,V0O5343U,2126101,찬성,2024-01-09
21,68P7228G,2126101,찬성,2024-01-09
21,P0F1530P,2126101,불참,2024-01-09
21,XPP2564T,2126101,찬성,2024-01-09
21,FRN1867O,2126101,찬성,2024-01-09
21,LQW3652K,2126101,불참,2024-01-09
21,RO593601,2126101,찬성,2024-01-09
21,PFG2137X,2126101,찬성,2024-01-09
21,UB114374,2126101,불참,2024-01-09
21,GAV6441G,2126101,찬성,2024-01-09
21,7JC3239L,2126101,불참,2024-01-09
21,40S1959J,2126101,찬성,2024-01-09
21,IL74008M,2126101,찬성,2024-01-09
21,8P37634C,2126101,불참,2024-01-09
21,CNZ51556,2126101,찬성,2024-01-09
21,N4R2421C,2126101,찬성,2024-01-09
21,3C23171A,2126101,찬성,2024-01-09
21,GDG1847Z,2126101,찬성,2024-01-09
21,P2N4585G,2126101,불참,2024-01-09
21,O7R5461J,2126101,찬성,2024-01-09
21,JMY9959W,2126101,불참,2024-01-09
21,7R156073,2126101,불참,2024-01-09
21,6AR6743G,2126101,불참,2024-01-09
21,J2O8643H,2126101,찬성,2024-01-09
21,VCP96419,2126101,찬성,2024-01-09
21,6AU2417B,2126101,불참,2024-01-09
21,8VJ8533R,2126101,불참,2024-01-09
21,B7D7534L,2126101,찬성,2024-01-09
21,SE233396,2126101,찬성,2024-01-09
21,AFH96856,2126101,찬성,2024-01-09
21,B7H6207C,2126101,찬성,2024-01-09
21,6399076T,2126101,찬성,2024-01-09
21,4U29186R,2126101,찬성,2024-01-09
21,6RD62559,2126101,찬성,2024-01-09
21,1Y73132H,2126101,찬성,2024-01-09
21,I0S53762,2126101,불참,2024-01-09
21,LH97552Q,2126101,찬성,2024-01-09
21,TKJ4800F,2126101,찬성,2024-01-09
21,04T3751T,2126101,찬성,2024-01-09
21,MSY7784L,2126101,찬성,2024-01-09
21,EVH1507C,2126101,찬성,2024-01-09
21,K5F2023J,2126101,찬성,2024-01-09
21,14M56632,2126101,찬성,2024-01-09
21,5MD4184K,2126101,찬성,2024-01-09
21,5K93695T,2126101,찬성,2024-01-09
21,DPZ7685X,2126101,찬성,2024-01-09
21,6U243644,2126101,불참,2024-01-09
21,E9R4507P,2126101,찬성,2024-01-09
21,UHB5553T,2126101,찬성,2024-01-09
21,KFS1358P,2126101,찬성,2024-01-09
21,J9S37905,2126101,불참,2024-01-09
21,A494529E,2126101,불참,2024-01-09
21,VRY5522V,2126101,찬성,2024-01-09
21,CAA7713A,2126101,찬성,2024-01-09
21,0PK7354M,2126101,찬성,2024-01-09
21,O0I2045I,2126101,찬성,2024-01-09
21,Z6R3959C,2126101,찬성,2024-01-09
21,QUM8288K,2126101,불참,2024-01-09
21,UGH6481E,2126101,찬성,2024-01-09
21,S824682L,2126101,찬성,2024-01-09
21,W4X85128,2126101,기권,2024-01-09
21,Q9H5708M,2126101,찬성,2024-01-09
21,JZY9937U,2126101,찬성,2024-01-09
21,MRK4871S,2126101,불참,2024-01-09
21,2NV6751W,2126101,찬성,2024-01-09
21,BM63269Y,2126101,찬성,2024-01-09
21,M7O7878U,2126101,찬성,2024-01-09
21,YLS4431M,2126101,찬성,2024-01-09
21,MNZ4401T,2126101,불참,2024-01-09
21,3ZR4438W,2126101,찬성,2024-01-09
21,HSS7466Y,2126101,찬성,2024-01-09
21,16D7652C,2126101,찬성,2024-01-09
21,KB04377U,2126101,찬성,2024-01-09
21,FU53642G,2126101,찬성,2024-01-09
21,MLH1404S,2126101,찬성,2024-01-09
21,XR24352K,2126101,찬성,2024-01-09
21,QQP4727N,2126101,찬성,2024-01-09
21,9L57027L,2126101,찬성,2024-01-09
21,GOC54665,2126101,찬성,2024-01-09
21,5UN9725L,2126101,찬성,2024-01-09
21,LJK4960Z,2126101,기권,2024-01-09
21,K3W33496,2126101,불참,2024-01-09
21,NCO99988,2126101,찬성,2024-01-09
21,M2Q9024I,2126101,찬성,2024-01-09
21,CI15627C,2126101,찬성,2024-01-09
21,C7E79345,2126101,찬성,2024-01-09
21,4019850M,2126101,찬성,2024-01-09
21,UQ282145,2126101,불참,2024-01-09
21,9YO73104,2126101,찬성,2024-01-09
21,TRE2429O,2126101,찬성,2024-01-09
21,E6U4345C,2126101,찬성,2024-01-09
21,7BM2933Y,2126101,찬성,2024-01-09
21,CDL93608,2126101,찬성,2024-01-09
21,2UD1340H,2126101,찬성,2024-01-09
21,9VR65006,2126101,기권,2024-01-09
21,X7I4680R,2126101,찬성,2024-01-09
21,EMC8812P,2126101,찬성,2024-01-09
21,XJC13432,2126101,찬성,2024-01-09
21,XSP20229,2126101,찬성,2024-01-09
21,T465023H,2126101,찬성,2024-01-09
21,RQQ3807K,2126101,찬성,2024-01-09
21,FH777496,2126101,기권,2024-01-09
21,FYI20317,2126101,찬성,2024-01-09
21,8X15119P,2126101,기권,2024-01-09
21,ZYP7962W,2126101,찬성,2024-01-09
21,3249208I,2126101,찬성,2024-01-09
21,GX38539O,2126101,찬성,2024-01-09
21,XEF29171,2126101,찬성,2024-01-09
21,WVU2479T,2126101,찬성,2024-01-09
21,9D939735,2126101,불참,2024-01-09
21,QTW6852F,2126101,찬성,2024-01-09
21,7XY7109I,2126101,찬성,2024-01-09
21,TST4507I,2126101,찬성,2024-01-09
21,JC14718Q,2126101,찬성,2024-01-09
21,5KV82250,2126101,반대,2024-01-09
21,L7J93733,2126101,찬성,2024-01-09
21,DAV7257X,2126101,찬성,2024-01-09
21,GE71932C,2126101,찬성,2024-01-09
21,6YT83269,2126101,찬성,2024-01-09
21,1MU99298,2126101,찬성,2024-01-09
21,17M85910,2126101,찬성,2024-01-09
21,G152611B,2126101,찬성,2024-01-09
21,SQ36001H,2126101,찬성,2024-01-09
21,G1570880,2126101,찬성,2024-01-09
21,9LD2641Q,2126101,찬성,2024-01-09
21,FOK3459D,2126101,찬성,2024-01-09
21,QUO78839,2126101,찬성,2024-01-09
21,BT62420K,2126101,찬성,2024-01-09
21,LPB30152,2126101,불참,2024-01-09
21,MD083627,2126101,찬성,2024-01-09
21,TZP9391O,2126101,찬성,2024-01-09
21,6V37131U,2126101,찬성,2024-01-09
21,FJK3396E,2126101,찬성,2024-01-09
21,ZDP5704Q,2126101,불참,2024-01-09
21,71J2365L,2126101,불참,2024-01-09
21,7O71647Z,2126101,찬성,2024-01-09
21,W1Q6753M,2126101,찬성,2024-01-09
21,E1J8836Y,2126101,찬성,2024-01-09
21,6EN68926,2126101,불참,2024-01-09
21,1BX7234U,2126101,찬성,2024-01-09
21,QHL3248U,2126101,찬성,2024-01-09
21,TJW93720,2126101,찬성,2024-01-09
21,TZ228122,2126101,찬성,2024-01-09
21,9V18755A,2126101,찬성,2024-01-09
21,XA42275R,2126101,찬성,2024-01-09
21,PO64874I,2126101,찬성,2024-01-09
21,LBC8144B,2126101,불참,2024-01-09
21,VHK3402G,2126101,불참,2024-01-09
21,F5U2979W,2122386,불참,2023-12-20
21,YOG1280B,2122386,찬성,2023-12-20
21,FIC9046Z,2122386,찬성,2023-12-20
21,DWK26447,2122386,찬성,2023-12-20
21,NUB4941Z,2122386,찬성,2023-12-20
21,KFM1081G,2122386,찬성,2023-12-20
21,F0I5053J,2122386,찬성,2023-12-20
21,YTA7297R,2122386,찬성,2023-12-20
21,G7512472,2122386,찬성,2023-12-20
21,3TO11703,2122386,불참,2023-12-20
21,CCU1009B,2122386,찬성,2023-12-20
21,MU69217P,2122386,찬성,2023-12-20
21,66W6739S,2122386,찬성,2023-12-20
21,QD25323M,2122386,찬성,2023-12-20
21,DAY6557K,2122386,찬성,2023-12-20
21,USR7059P,2122386,찬성,2023-12-20
21,4XG1439M,2122386,찬성,2023-12-20
21,P2N50879,2122386,찬성,2023-12-20
21,A0P4646G,2122386,찬성,2023-12-20
21,A2V51235,2122386,찬성,2023-12-20
21,7I09543O,2122386,찬성,2023-12-20
21,3DK8989T,2122386,찬성,2023-12-20
21,7469929V,2122386,찬성,2023-12-20
21,M6H1705E,2122386,찬성,2023-12-20
21,OFE45081,2122386,찬성,2023-12-20
21,09I2323E,2122386,불참,2023-12-20
21,M0A1658U,2122386,찬성,2023-12-20
21,HSW1214Q,2122386,찬성,2023-12-20
21,NZF1659U,2122386,불참,2023-12-20
21,WDS6044S,2122386,찬성,2023-12-20
21,3BC6890E,2122386,불참,2023-12-20
21,ZDR63255,2122386,불참,2023-12-20
21,KR14136C,2122386,불참,2023-12-20
21,5765663F,2122386,찬성,2023-12-20
21,GFF1986K,2122386,찬성,2023-12-20
21,ZKU88693,2122386,불참,2023-12-20
21,5KV96424,2122386,찬성,2023-12-20
21,M7T9712V,2122386,찬성,2023-12-20
21,60490713,2122386,불참,2023-12-20
21,UM51067K,2122386,찬성,2023-12-20
21,1WE5693J,2122386,불참,2023-12-20
21,X3170462,2122386,불참,2023-12-20
21,8FB1535Y,2122386,찬성,2023-12-20
21,4T026790,2122386,찬성,2023-12-20
21,EH27538E,2122386,찬성,2023-12-20
21,WFU14784,2122386,찬성,2023-12-20
21,SU53086M,2122386,찬성,2023-12-20
21,0WL9321T,2122386,불참,2023-12-20
21,PZA4062H,2122386,찬성,2023-12-20
21,MR210505,2122386,불참,2023-12-20
21,8348421R,2122386,불참,2023-12-20
21,JQA21112,2122386,불참,2023-12-20
21,4L695580,2122386,불참,2023-12-20
21,40E3739H,2122386,찬성,2023-12-20
21,HXT76735,2122386,찬성,2023-12-20
21,RPN2293B,2122386,찬성,2023-12-20
21,0R68099X,2122386,찬성,2023-12-20
21,6RM29022,2122386,찬성,2023-12-20
21,MQU41854,2122386,불참,2023-12-20
21,V429892C,2122386,불참,2023-12-20
21,2385336L,2122386,찬성,2023-12-20
21,IN328264,2122386,불참,2023-12-20
21,XBT9550Q,2122386,불참,2023-12-20
21,ZA54991S,2122386,찬성,2023-12-20
21,0827740Q,2122386,찬성,2023-12-20
21,0W194007,2122386,찬성,2023-12-20
21,X1K3667J,2122386,불참,2023-12-20
21,WMG57662,2122386,찬성,2023-12-20
21,NCP9875N,2122386,불참,2023-12-20
21,I5I2468R,2122386,찬성,2023-12-20
21,3425169D,2122386,찬성,2023-12-20
21,OIA3741M,2122386,찬성,2023-12-20
21,6MO8786S,2122386,찬성,2023-12-20
21,CT85313K,2122386,찬성,2023-12-20
21,BLC8630L,2122386,찬성,2023-12-20
21,NQR1206Q,2122386,찬성,2023-12-20
21,L2I9861C,2122386,찬성,2023-12-20
21,WCD5518S,2122386,불참,2023-12-20
21,SVH3899R,2122386,찬성,2023-12-20
21,IOW8224X,2122386,찬성,2023-12-20
21,9JF4562W,2122386,찬성,2023-12-20
21,Y7K5946R,2122386,찬성,2023-12-20
21,KUO3574J,2122386,불참,2023-12-20
21,D6U6678O,2122386,찬성,2023-12-20
21,8SV6917G,2122386,찬성,2023-12-20
21,8FC9697X,2122386,불참,2023-12-20
21,QKO6165V,2122386,불참,2023-12-20
21,GD131760,2122386,찬성,2023-12-20
21,ZRF3039U,2122386,찬성,2023-12-20
21,V0O5343U,2122386,불참,2023-12-20
21,68P7228G,2122386,찬성,2023-12-20
21,XPP2564T,2122386,불참,2023-12-20
21,FRN1867O,2122386,찬성,2023-12-20
21,RO593601,2122386,불참,2023-12-20
21,PFG2137X,2122386,찬성,2023-12-20
21,GAV6441G,2122386,찬성,2023-12-20
21,0YT3774N,2122386,불참,2023-12-20
21,40S1959J,2122386,찬성,2023-12-20
21,IL74008M,2122386,찬성,2023-12-20
21,8KF7223D,2122386,불참,2023-12-20
21,8P37634C,2122386,불참,2023-12-20
21,CNZ51556,2122386,찬성,2023-12-20
21,3C23171A,2122386,찬성,2023-12-20
21,GDG1847Z,2122386,찬성,2023-12-20
21,P2N4585G,2122386,찬성,2023-12-20
21,JMY9959W,2122386,불참,2023-12-20
21,7R156073,2122386,불참,2023-12-20
21,6AR6743G,2122386,불참,2023-12-20
21,J2O8643H,2122386,찬성,2023-12-20
21,VCP96419,2122386,불참,2023-12-20
21,6AU2417B,2122386,찬성,2023-12-20
21,B7D7534L,2122386,찬성,2023-12-20
21,GX22581L,2122386,불참,2023-12-20
21,SE233396,2122386,찬성,2023-12-20
21,AFH96856,2122386,찬성,2023-12-20
21,52P3934K,2122386,찬성,2023-12-20
21,B7H6207C,2122386,찬성,2023-12-20
21,6399076T,2122386,찬성,2023-12-20
21,4U29186R,2122386,불참,2023-12-20
21,F5Y4026Q,2122386,찬성,2023-12-20
21,WHV3448W,2122386,찬성,2023-12-20
21,6RD62559,2122386,불참,2023-12-20
21,LH97552Q,2122386,찬성,2023-12-20
21,TKJ4800F,2122386,찬성,2023-12-20
21,O6D8329R,2122386,불참,2023-12-20
21,MSY7784L,2122386,불참,2023-12-20
21,EVH1507C,2122386,찬성,2023-12-20
21,K5F2023J,2122386,찬성,2023-12-20
21,14M56632,2122386,찬성,2023-12-20
21,N9X9673B,2122386,불참,2023-12-20
21,5MD4184K,2122386,찬성,2023-12-20
21,5K93695T,2122386,찬성,2023-12-20
21,DPZ7685X,2122386,찬성,2023-12-20
21,E9R4507P,2122386,찬성,2023-12-20
21,UHB5553T,2122386,찬성,2023-12-20
21,J9S37905,2122386,불참,2023-12-20
21,A494529E,2122386,불참,2023-12-20
21,VRY5522V,2122386,불참,2023-12-20
21,CAA7713A,2122386,찬성,2023-12-20
21,0PK7354M,2122386,불참,2023-12-20
21,O0I2045I,2122386,찬성,2023-12-20
21,CZB4125D,2122386,불참,2023-12-20
21,Z6R3959C,2122386,불참,2023-12-20
21,UGH6481E,2122386,찬성,2023-12-20
21,W4X85128,2122386,찬성,2023-12-20
21,Q9H5708M,2122386,찬성,2023-12-20
21,JZY9937U,2122386,불참,2023-12-20
21,MRK4871S,2122386,불참,2023-12-20
21,YKW37422,2122386,찬성,2023-12-20
21,2NV6751W,2122386,찬성,2023-12-20
21,BM63269Y,2122386,불참,2023-12-20
21,M7O7878U,2122386,찬성,2023-12-20
21,3ZR4438W,2122386,찬성,2023-12-20
21,HSS7466Y,2122386,불참,2023-12-20
21,KB04377U,2122386,찬성,2023-12-20
21,FU53642G,2122386,찬성,2023-12-20
21,8VY63414,2122386,찬성,2023-12-20
21,QQP4727N,2122386,불참,2023-12-20
21,BCQ55105,2122386,찬성,2023-12-20
21,9L57027L,2122386,찬성,2023-12-20
21,GOC54665,2122386,불참,2023-12-20
21,5UN9725L,2122386,불참,2023-12-20
21,LJK4960Z,2122386,찬성,2023-12-20
21,IUD9392R,2122386,불참,2023-12-20
21,NCO99988,2122386,찬성,2023-12-20
21,M2Q9024I,2122386,불참,2023-12-20
21,DBA1057Z,2122386,불참,2023-12-20
21,CI15627C,2122386,찬성,2023-12-20
21,C7E79345,2122386,불참,2023-12-20
21,UQ282145,2122386,불참,2023-12-20
21,TRE2429O,2122386,불참,2023-12-20
21,E6U4345C,2122386,찬성,2023-12-20
21,7BM2933Y,2122386,찬성,2023-12-20
21,CDL93608,2122386,찬성,2023-12-20
21,2UD1340H,2122386,찬성,2023-12-20
21,9VR65006,2122386,불참,2023-12-20
21,X7I4680R,2122386,불참,2023-12-20
21,XJC13432,2122386,불참,2023-12-20
21,T465023H,2122386,불참,2023-12-20
21,3RW63706,2122386,찬성,2023-12-20
21,RQQ3807K,2122386,찬성,2023-12-20
21,FH777496,2122386,찬성,2023-12-20
21,8X15119P,2122386,찬성,2023-12-20
21,ZYP7962W,2122386,불참,2023-12-20
21,CNW5754J,2122386,찬성,2023-12-20
21,3249208I,2122386,불참,2023-12-20
21,GX38539O,2122386,찬성,2023-12-20
21,8Q88373R,2122386,불참,2023-12-20
21,XEF29171,2122386,찬성,2023-12-20
21,WVU2479T,2122386,불참,2023-12-20
21,QTW6852F,2122386,불참,2023-12-20
21,7XY7109I,2122386,불참,2023-12-20
21,TST4507I,2122386,찬성,2023-12-20
21,JC14718Q,2122386,찬성,2023-12-20
21,L7J93733,2122386,찬성,2023-12-20
21,LT72093S,2122386,불참,2023-12-20
21,GE71932C,2122386,불참,2023-12-20
21,6YT83269,2122386,불참,2023-12-20
21,FDC3144T,2122386,찬성,2023-12-20
21,17M85910,2122386,불참,2023-12-20
21,I7R13867,2122386,찬성,2023-12-20
21,SQ36001H,2122386,불참,2023-12-20
21,G1570880,2122386,찬성,2023-12-20
21,9LD2641Q,2122386,불참,2023-12-20
21,LPB30152,2122386,찬성,2023-12-20
21,MD083627,2122386,불참,2023-12-20
21,OSV9142K,2122386,찬성,2023-12-20
21,B7R2742J,2122386,찬성,2023-12-20
21,FJK3396E,2122386,찬성,2023-12-20
21,ZDP5704Q,2122386,찬성,2023-12-20
21,7O71647Z,2122386,불참,2023-12-20
21,W1Q6753M,2122386,찬성,2023-12-20
21,E1J8836Y,2122386,찬성,2023-12-20
21,RD42006Y,2122386,불참,2023-12-20
21,QHL3248U,2122386,불참,2023-12-20
21,TJW93720,2122386,찬성,2023-12-20
21,9S151177,2122386,불참,2023-12-20
21,9V18755A,2122386,찬성,2023-12-20
21,XA42275R,2122386,찬성,2023-12-20
21,PO64874I,2122386,불참,2023-12-20
21,VHK3402G,2122386,불참,2023-12-20
21,DAV7257X,2122386,찬성,2023-12-20
21,1MU99298,2122386,찬성,2023-12-20
21,G152611B,2122386,불참,2023-12-20
21,FOK3459D,2122386,불참,2023-12-20
21,QUO78839,2122386,찬성,2023-12-20
21,BT62420K,2122386,불참,2023-12-20
21,TZP9391O,2122386,찬성,2023-12-20
21,6V37131U,2122386,불참,2023-12-20
21,71J2365L,2122386,불참,2023-12-20
21,6EN68926,2122386,찬성,2023-12-20
21,1BX7234U,2122386,찬성,2023-12-20
21,TZ228122,2122386,불참,2023-12-20
21,LBC8144B,2122386,찬성,2023-12-20
21,NLR6572J,2122386,찬성,2023-12-20
21,L7T64271,2122386,찬성,2023-12-20
21,4X525582,2122386,찬성,2023-12-20
21,GKD32201,2122386,찬성,2023-12-20
21,S741317G,2122386,찬성,2023-12-20
21,2N793392,2122386,찬성,2023-12-20
21,LM13674V,2122386,불참,2023-12-20
21,JVB6983V,2122386,찬성,2023-12-20
21,GP07421U,2122386,찬성,2023-12-20
21,FGI27280,2122386,불참,2023-12-20
21,D4L60530,2122386,찬성,2023-12-20
21,NTT8182Q,2122386,찬성,2023-12-20
21,A3H7195R,2122386,불참,2023-12-20
21,ZYH1940A,2122386,불참,2023-12-20
21,0VU8517U,2122386,불참,2023-12-20
21,WJL30106,2122386,불참,2023-12-20
21,KNM3215T,2122386,불참,2023-12-20
21,HKJ99607,2122386,불참,2023-12-20
21,MY318392,2122386,찬성,2023-12-20
21,GF286398,2122386,찬성,2023-12-20
21,H5476989,2122386,찬성,2023-12-20
21,6FS10566,2122386,찬성,2023-12-20
21,MO52543L,2122386,불참,2023-12-20
21,WTR5885Y,2122386,찬성,2023-12-20
21,IOW1101J,2122386,찬성,2023-12-20
21,25I8709Q,2122386,찬성,2023-12-20
21,XWX1513T,2122386,불참,2023-12-20
21,LG63087O,2122386,찬성,2023-12-20
21,OW53107J,2122386,불참,2023-12-20
21,PEP6922S,2122386,찬성,2023-12-20
21,DAN6731C,2122386,불참,2023-12-20
21,VG24001G,2122386,불참,2023-12-20
21,Z7Y7827F,2122386,불참,2023-12-20
21,ATB59635,2122386,불참,2023-12-20
21,FU87526G,2122386,찬성,2023-12-20
21,S9U45255,2122386,찬성,2023-12-20
21,P0F1530P,2122386,불참,2023-12-20
21,LQW3652K,2122386,찬성,2023-12-20
21,UB114374,2122386,찬성,2023-12-20
21,7JC3239L,2122386,찬성,2023-12-20
21,N4R2421C,2122386,찬성,2023-12-20
21,O7R5461J,2122386,찬성,2023-12-20
21,8VJ8533R,2122386,찬성,2023-12-20
21,1Y73132H,2122386,찬성,2023-12-20
21,I0S53762,2122386,불참,2023-12-20
21,04T3751T,2122386,찬성,2023-12-20
21,6U243644,2122386,찬성,2023-12-20
21,KFS1358P,2122386,찬성,2023-12-20
21,QUM8288K,2122386,불참,2023-12-20
21,S824682L,2122386,찬성,2023-12-20
21,YLS4431M,2122386,불참,2023-12-20
21,MNZ4401T,2122386,불참,2023-12-20
21,16D7652C,2122386,불참,2023-12-20
21,MLH1404S,2122386,불참,2023-12-20
21,XR24352K,2122386,찬성,2023-12-20
21,JEZ3130Q,2122386,찬성,2023-12-20
21,K3W33496,2122386,찬성,2023-12-20
21,4019850M,2122386,찬성,2023-12-20
21,9YO73104,2122386,찬성,2023-12-20
21,EMC8812P,2122386,찬성,2023-12-20
21,XSP20229,2122386,불참,2023-12-20
21,FYI20317,2122386,찬성,2023-12-20
21,9D939735,2122386,불참,2023-12-20
21,5KV82250,2122386,찬성,2023-12-20
21,F5U2979W,2113437,찬성,2023-05-25
21,DWK26447,2113437,불참,2023-05-25
21,KFM1081G,2113437,찬성,2023-05-25
21,NLR6572J,2113437,찬성,2023-05-25
21,L7T64271,2113437,찬성,2023-05-25
21,G7512472,2113437,찬성,2023-05-25
21,3TO11703,2113437,불참,2023-05-25
21,S741317G,2113437,찬성,2023-05-25
21,CCU1009B,2113437,찬성,2023-05-25
21,MU69217P,2113437,찬성,2023-05-25
21,2N793392,2113437,찬성,2023-05-25
21,LM13674V,2113437,찬성,2023-05-25
21,QD25323M,2113437,찬성,2023-05-25
21,JVB6983V,2113437,찬성,2023-05-25
21,DAY6557K,2113437,찬성,2023-05-25
21,FGI27280,2113437,불참,2023-05-25
21,USR7059P,2113437,찬성,2023-05-25
21,4XG1439M,2113437,찬성,2023-05-25
21,P2N50879,2113437,찬성,2023-05-25
21,A0P4646G,2113437,찬성,2023-05-25
21,A2V51235,2113437,찬성,2023-05-25
21,7I09543O,2113437,찬성,2023-05-25
21,7469929V,2113437,불참,2023-05-25
21,D4L60530,2113437,찬성,2023-05-25
21,M6H1705E,2113437,찬성,2023-05-25
21,OFE45081,2113437,찬성,2023-05-25
21,09I2323E,2113437,찬성,2023-05-25
21,ZYH1940A,2113437,불참,2023-05-25
21,0VU8517U,2113437,불참,2023-05-25
21,HSW1214Q,2113437,찬성,2023-05-25
21,WDS6044S,2113437,불참,2023-05-25
21,3BC6890E,2113437,기권,2023-05-25
21,ZDR63255,2113437,불참,2023-05-25
21,KR14136C,2113437,불참,2023-05-25
21,SRP7336N,2113437,찬성,2023-05-25
21,5765663F,2113437,찬성,2023-05-25
21,GFF1986K,2113437,찬성,2023-05-25
21,ZKU88693,2113437,찬성,2023-05-25
21,M7T9712V,2113437,불참,2023-05-25
21,60490713,2113437,찬성,2023-05-25
21,UM51067K,2113437,찬성,2023-05-25
21,HKJ99607,2113437,찬성,2023-05-25
21,1WE5693J,2113437,찬성,2023-05-25
21,X3170462,2113437,불참,2023-05-25
21,MY318392,2113437,불참,2023-05-25
21,8FB1535Y,2113437,찬성,2023-05-25
21,4T026790,2113437,찬성,2023-05-25
21,EH27538E,2113437,찬성,2023-05-25
21,WFU14784,2113437,찬성,2023-05-25
21,SU53086M,2113437,찬성,2023-05-25
21,PZA4062H,2113437,찬성,2023-05-25
21,MR210505,2113437,찬성,2023-05-25
21,GF286398,2113437,찬성,2023-05-25
21,8348421R,2113437,찬성,2023-05-25
21,4L695580,2113437,찬성,2023-05-25
21,40E3739H,2113437,찬성,2023-05-25
21,HXT76735,2113437,불참,2023-05-25
21,RPN2293B,2113437,찬성,2023-05-25
21,0R68099X,2113437,찬성,2023-05-25
21,6RM29022,2113437,찬성,2023-05-25
21,MQU41854,2113437,찬성,2023-05-25
21,V429892C,2113437,찬성,2023-05-25
21,2385336L,2113437,찬성,2023-05-25
21,IN328264,2113437,불참,2023-05-25
21,XBT9550Q,2113437,찬성,2023-05-25
21,ZA54991S,2113437,찬성,2023-05-25
21,MO52543L,2113437,불참,2023-05-25
21,0827740Q,2113437,찬성,2023-05-25
21,0W194007,2113437,찬성,2023-05-25
21,X1K3667J,2113437,불참,2023-05-25
21,WMG57662,2113437,찬성,2023-05-25
21,NCP9875N,2113437,찬성,2023-05-25
21,I5I2468R,2113437,찬성,2023-05-25
21,WTR5885Y,2113437,찬성,2023-05-25
21,3425169D,2113437,찬성,2023-05-25
21,OIA3741M,2113437,불참,2023-05-25
21,6MO8786S,2113437,찬성,2023-05-25
21,CT85313K,2113437,찬성,2023-05-25
21,BLC8630L,2113437,불참,2023-05-25
21,NQR1206Q,2113437,찬성,2023-05-25
21,LG63087O,2113437,불참,2023-05-25
21,PEP6922S,2113437,찬성,2023-05-25
21,DAN6731C,2113437,불참,2023-05-25
21,VG24001G,2113437,찬성,2023-05-25
21,L2I9861C,2113437,찬성,2023-05-25
21,WCD5518S,2113437,찬성,2023-05-25
21,SVH3899R,2113437,찬성,2023-05-25
21,9JF4562W,2113437,찬성,2023-05-25
21,Y7K5946R,2113437,찬성,2023-05-25
21,ATB59635,2113437,찬성,2023-05-25
21,SBK1544B,2113437,불참,2023-05-25
21,KUO3574J,2113437,찬성,2023-05-25
21,D6U6678O,2113437,찬성,2023-05-25
21,FU87526G,2113437,찬성,2023-05-25
21,S9U45255,2113437,찬성,2023-05-25
21,QKO6165V,2113437,불참,2023-05-25
21,GD131760,2113437,불참,2023-05-25
21,ZRF3039U,2113437,찬성,2023-05-25
21,V0O5343U,2113437,찬성,2023-05-25
21,68P7228G,2113437,찬성,2023-05-25
21,P0F1530P,2113437,불참,2023-05-25
21,XPP2564T,2113437,불참,2023-05-25
21,FRN1867O,2113437,찬성,2023-05-25
21,RO593601,2113437,찬성,2023-05-25
21,GAV6441G,2113437,찬성,2023-05-25
21,0YT3774N,2113437,찬성,2023-05-25
21,7JC3239L,2113437,찬성,2023-05-25
21,40S1959J,2113437,찬성,2023-05-25
21,IL74008M,2113437,불참,2023-05-25
21,8KF7223D,2113437,불참,2023-05-25
21,CNZ51556,2113437,찬성,2023-05-25
21,N4R2421C,2113437,찬성,2023-05-25
21,3C23171A,2113437,불참,2023-05-25
21,GDG1847Z,2113437,찬성,2023-05-25
21,P2N4585G,2113437,찬성,2023-05-25
21,JMY9959W,2113437,찬성,2023-05-25
21,7R156073,2113437,찬성,2023-05-25
21,6AR6743G,2113437,찬성,2023-05-25
21,J2O8643H,2113437,불참,2023-05-25
21,VCP96419,2113437,불참,2023-05-25
21,6AU2417B,2113437,찬성,2023-05-25
21,8VJ8533R,2113437,찬성,2023-05-25
21,B7D7534L,2113437,찬성,2023-05-25
21,SE233396,2113437,찬성,2023-05-25
21,AFH96856,2113437,불참,2023-05-25
21,52P3934K,2113437,찬성,2023-05-25
21,6399076T,2113437,찬성,2023-05-25
21,4U29186R,2113437,불참,2023-05-25
21,WHV3448W,2113437,찬성,2023-05-25
21,6RD62559,2113437,찬성,2023-05-25
21,1Y73132H,2113437,찬성,2023-05-25
21,LH97552Q,2113437,찬성,2023-05-25
21,TKJ4800F,2113437,불참,2023-05-25
21,O6D8329R,2113437,찬성,2023-05-25
21,04T3751T,2113437,찬성,2023-05-25
21,MSY7784L,2113437,찬성,2023-05-25
21,K5F2023J,2113437,찬성,2023-05-25
21,14M56632,2113437,찬성,2023-05-25
21,5MD4184K,2113437,기권,2023-05-25
21,DPZ7685X,2113437,찬성,2023-05-25
21,6U243644,2113437,찬성,2023-05-25
21,E9R4507P,2113437,찬성,2023-05-25
21,UHB5553T,2113437,찬성,2023-05-25
21,KFS1358P,2113437,찬성,2023-05-25
21,A494529E,2113437,불참,2023-05-25
21,VRY5522V,2113437,찬성,2023-05-25
21,CAA7713A,2113437,찬성,2023-05-25
21,0PK7354M,2113437,찬성,2023-05-25
21,O0I2045I,2113437,찬성,2023-05-25
21,Z6R3959C,2113437,찬성,2023-05-25
21,QUM8288K,2113437,찬성,2023-05-25
21,UGH6481E,2113437,찬성,2023-05-25
21,W4X85128,2113437,불참,2023-05-25
21,JZY9937U,2113437,불참,2023-05-25
21,MRK4871S,2113437,찬성,2023-05-25
21,YKW37422,2113437,찬성,2023-05-25
21,2NV6751W,2113437,불참,2023-05-25
21,M7O7878U,2113437,불참,2023-05-25
21,MNZ4401T,2113437,찬성,2023-05-25
21,3ZR4438W,2113437,찬성,2023-05-25
21,HSS7466Y,2113437,찬성,2023-05-25
21,KB04377U,2113437,불참,2023-05-25
21,FU53642G,2113437,찬성,2023-05-25
21,MLH1404S,2113437,불참,2023-05-25
21,XR24352K,2113437,찬성,2023-05-25
21,QQP4727N,2113437,찬성,2023-05-25
21,JEZ3130Q,2113437,찬성,2023-05-25
21,GOC54665,2113437,찬성,2023-05-25
21,5UN9725L,2113437,찬성,2023-05-25
21,IUD9392R,2113437,불참,2023-05-25
21,K3W33496,2113437,불참,2023-05-25
21,M2Q9024I,2113437,불참,2023-05-25
21,DBA1057Z,2113437,찬성,2023-05-25
21,CI15627C,2113437,불참,2023-05-25
21,C7E79345,2113437,불참,2023-05-25
21,4019850M,2113437,찬성,2023-05-25
21,UQ282145,2113437,찬성,2023-05-25
21,TRE2429O,2113437,불참,2023-05-25
21,E6U4345C,2113437,불참,2023-05-25
21,7BM2933Y,2113437,찬성,2023-05-25
21,CDL93608,2113437,불참,2023-05-25
21,2UD1340H,2113437,찬성,2023-05-25
21,9VR65006,2113437,불참,2023-05-25
21,X7I4680R,2113437,찬성,2023-05-25
21,XJC13432,2113437,찬성,2023-05-25
21,XSP20229,2113437,찬성,2023-05-25
21,T465023H,2113437,찬성,2023-05-25
21,3RW63706,2113437,찬성,2023-05-25
21,RQQ3807K,2113437,찬성,2023-05-25
21,FYI20317,2113437,찬성,2023-05-25
21,ZYP7962W,2113437,불참,2023-05-25
21,CNW5754J,2113437,찬성,2023-05-25
21,3249208I,2113437,찬성,2023-05-25
21,8Q88373R,2113437,찬성,2023-05-25
21,XEF29171,2113437,불참,2023-05-25
21,9D939735,2113437,불참,2023-05-25
21,QTW6852F,2113437,찬성,2023-05-25
21,7XY7109I,2113437,불참,2023-05-25
21,TST4507I,2113437,찬성,2023-05-25
21,JC14718Q,2113437,찬성,2023-05-25
21,5KV82250,2113437,찬성,2023-05-25
21,GE71932C,2113437,찬성,2023-05-25
21,6YT83269,2113437,찬성,2023-05-25
21,FDC3144T,2113437,찬성,2023-05-25
21,SQ36001H,2113437,불참,2023-05-25
21,G1570880,2113437,찬성,2023-05-25
21,9LD2641Q,2113437,찬성,2023-05-25
21,FOK3459D,2113437,찬성,2023-05-25
21,QUO78839,2113437,찬성,2023-05-25
21,MD083627,2113437,찬성,2023-05-25
21,TZP9391O,2113437,찬성,2023-05-25
21,6V37131U,2113437,찬성,2023-05-25
21,OSV9142K,2113437,찬성,2023-05-25
21,FJK3396E,2113437,찬성,2023-05-25
21,ZDP5704Q,2113437,찬성,2023-05-25
21,71J2365L,2113437,찬성,2023-05-25
21,7O71647Z,2113437,찬성,2023-05-25
21,W1Q6753M,2113437,찬성,2023-05-25
21,E1J8836Y,2113437,찬성,2023-05-25
21,6EN68926,2113437,찬성,2023-05-25
21,QHL3248U,2113437,불참,2023-05-25
21,TJW93720,2113437,찬성,2023-05-25
21,9S151177,2113437,찬성,2023-05-25
21,9V18755A,2113437,찬성,2023-05-25
21,XA42275R,2113437,불참,2023-05-25
21,PO64874I,2113437,찬성,2023-05-25
21,VHK3402G,2113437,찬성,2023-05-25
21,I7R13867,2113437,찬성,2023-05-25
21,BT62420K,2113437,기권,2023-05-25
21,LPB30152,2113437,찬성,2023-05-25
21,B7R2742J,2113437,찬성,2023-05-25
21,RD42006Y,2113437,불참,2023-05-25
21,1BX7234U,2113437,찬성,2023-05-25
21,TZ228122,2113437,불참,2023-05-25
21,LBC8144B,2113437,찬성,2023-05-25
21,YOG1280B,2113437,찬성,2023-05-25
21,FIC9046Z,2113437,불참,2023-05-25
21,NUB4941Z,2113437,찬성,2023-05-25
21,YTA7297R,2113437,찬성,2023-05-25
21,4X525582,2113437,찬성,2023-05-25
21,GKD32201,2113437,찬성,2023-05-25
21,66W6739S,2113437,찬성,2023-05-25
21,GP07421U,2113437,찬성,2023-05-25
21,3DK8989T,2113437,불참,2023-05-25
21,NTT8182Q,2113437,찬성,2023-05-25
21,A3H7195R,2113437,불참,2023-05-25
21,M0A1658U,2113437,찬성,2023-05-25
21,NZF1659U,2113437,불참,2023-05-25
21,WJL30106,2113437,불참,2023-05-25
21,5KV96424,2113437,불참,2023-05-25
21,KNM3215T,2113437,찬성,2023-05-25
21,0WL9321T,2113437,찬성,2023-05-25
21,H5476989,2113437,찬성,2023-05-25
21,JQA21112,2113437,찬성,2023-05-25
21,6FS10566,2113437,찬성,2023-05-25
21,IOW1101J,2113437,불참,2023-05-25
21,ICH23251,2113437,찬성,2023-05-25
21,25I8709Q,2113437,찬성,2023-05-25
21,XWX1513T,2113437,찬성,2023-05-25
21,OW53107J,2113437,찬성,2023-05-25
21,IOW8224X,2113437,찬성,2023-05-25
21,Z7Y7827F,2113437,찬성,2023-05-25
21,8SV6917G,2113437,불참,2023-05-25
21,8FC9697X,2113437,불참,2023-05-25
21,LQW3652K,2113437,찬성,2023-05-25
21,PFG2137X,2113437,찬성,2023-05-25
21,UB114374,2113437,찬성,2023-05-25
21,8P37634C,2113437,찬성,2023-05-25
21,O7R5461J,2113437,찬성,2023-05-25
21,GX22581L,2113437,찬성,2023-05-25
21,B7H6207C,2113437,찬성,2023-05-25
21,F5Y4026Q,2113437,찬성,2023-05-25
21,I0S53762,2113437,불참,2023-05-25
21,EVH1507C,2113437,찬성,2023-05-25
21,N9X9673B,2113437,불참,2023-05-25
21,5K93695T,2113437,찬성,2023-05-25
21,J9S37905,2113437,찬성,2023-05-25
21,CZB4125D,2113437,찬성,2023-05-25
21,S824682L,2113437,찬성,2023-05-25
21,Q9H5708M,2113437,찬성,2023-05-25
21,BM63269Y,2113437,불참,2023-05-25
21,YLS4431M,2113437,찬성,2023-05-25
21,16D7652C,2113437,찬성,2023-05-25
21,8VY63414,2113437,찬성,2023-05-25
21,BCQ55105,2113437,찬성,2023-05-25
21,9L57027L,2113437,찬성,2023-05-25
21,LJK4960Z,2113437,찬성,2023-05-25
21,9YO73104,2113437,찬성,2023-05-25
21,EMC8812P,2113437,찬성,2023-05-25
21,FH777496,2113437,찬성,2023-05-25
21,8X15119P,2113437,불참,2023-05-25
21,GX38539O,2113437,찬성,2023-05-25
21,WVU2479T,2113437,찬성,2023-05-25
21,L7J93733,2113437,찬성,2023-05-25
21,DAV7257X,2113437,찬성,2023-05-25
21,LT72093S,2113437,찬성,2023-05-25
21,1MU99298,2113437,찬성,2023-05-25
21,17M85910,2113437,찬성,2023-05-25
21,G152611B,2113437,불참,2023-05-25
21,YOG1280B,2121215,찬성,2023-12-08
21,NUB4941Z,2121215,찬성,2023-12-08
21,F0I5053J,2121215,찬성,2023-12-08
21,G7512472,2121215,찬성,2023-12-08
21,3TO11703,2121215,불참,2023-12-08
21,MU69217P,2121215,불참,2023-12-08
21,66W6739S,2121215,찬성,2023-12-08
21,DAY6557K,2121215,찬성,2023-12-08
21,USR7059P,2121215,기권,2023-12-08
21,P2N50879,2121215,불참,2023-12-08
21,A0P4646G,2121215,찬성,2023-12-08
21,A2V51235,2121215,찬성,2023-12-08
21,7I09543O,2121215,불참,2023-12-08
21,7469929V,2121215,찬성,2023-12-08
21,OFE45081,2121215,찬성,2023-12-08
21,ZYH1940A,2121215,불참,2023-12-08
21,NZF1659U,2121215,불참,2023-12-08
21,WDS6044S,2121215,불참,2023-12-08
21,3BC6890E,2121215,불참,2023-12-08
21,ZDR63255,2121215,불참,2023-12-08
21,5765663F,2121215,찬성,2023-12-08
21,GFF1986K,2121215,찬성,2023-12-08
21,ZKU88693,2121215,불참,2023-12-08
21,5KV96424,2121215,불참,2023-12-08
21,M7T9712V,2121215,불참,2023-12-08
21,60490713,2121215,불참,2023-12-08
21,1WE5693J,2121215,불참,2023-12-08
21,X3170462,2121215,불참,2023-12-08
21,8FB1535Y,2121215,찬성,2023-12-08
21,EH27538E,2121215,찬성,2023-12-08
21,WFU14784,2121215,찬성,2023-12-08
21,SU53086M,2121215,불참,2023-12-08
21,0WL9321T,2121215,찬성,2023-12-08
21,PZA4062H,2121215,찬성,2023-12-08
21,MR210505,2121215,불참,2023-12-08
21,JQA21112,2121215,찬성,2023-12-08
21,4L695580,2121215,찬성,2023-12-08
21,40E3739H,2121215,불참,2023-12-08
21,RPN2293B,2121215,찬성,2023-12-08
21,6RM29022,2121215,찬성,2023-12-08
21,MQU41854,2121215,불참,2023-12-08
21,V429892C,2121215,불참,2023-12-08
21,IN328264,2121215,불참,2023-12-08
21,XBT9550Q,2121215,불참,2023-12-08
21,ZA54991S,2121215,찬성,2023-12-08
21,0827740Q,2121215,찬성,2023-12-08
21,0W194007,2121215,찬성,2023-12-08
21,WMG57662,2121215,찬성,2023-12-08
21,NCP9875N,2121215,찬성,2023-12-08
21,I5I2468R,2121215,찬성,2023-12-08
21,3425169D,2121215,찬성,2023-12-08
21,OIA3741M,2121215,찬성,2023-12-08
21,6MO8786S,2121215,찬성,2023-12-08
21,CT85313K,2121215,찬성,2023-12-08
21,BLC8630L,2121215,불참,2023-12-08
21,NQR1206Q,2121215,찬성,2023-12-08
21,L2I9861C,2121215,불참,2023-12-08
21,WCD5518S,2121215,찬성,2023-12-08
21,SVH3899R,2121215,불참,2023-12-08
21,KUO3574J,2121215,찬성,2023-12-08
21,D6U6678O,2121215,찬성,2023-12-08
21,S9U45255,2121215,불참,2023-12-08
21,8FC9697X,2121215,불참,2023-12-08
21,QKO6165V,2121215,불참,2023-12-08
21,GD131760,2121215,불참,2023-12-08
21,ZRF3039U,2121215,찬성,2023-12-08
21,68P7228G,2121215,찬성,2023-12-08
21,XPP2564T,2121215,찬성,2023-12-08
21,FRN1867O,2121215,찬성,2023-12-08
21,GAV6441G,2121215,찬성,2023-12-08
21,0YT3774N,2121215,불참,2023-12-08
21,40S1959J,2121215,불참,2023-12-08
21,IL74008M,2121215,찬성,2023-12-08
21,8KF7223D,2121215,불참,2023-12-08
21,8P37634C,2121215,불참,2023-12-08
21,3C23171A,2121215,찬성,2023-12-08
21,GDG1847Z,2121215,찬성,2023-12-08
21,P2N4585G,2121215,불참,2023-12-08
21,6AR6743G,2121215,불참,2023-12-08
21,VCP96419,2121215,불참,2023-12-08
21,B7D7534L,2121215,불참,2023-12-08
21,SE233396,2121215,찬성,2023-12-08
21,AFH96856,2121215,찬성,2023-12-08
21,B7H6207C,2121215,찬성,2023-12-08
21,6399076T,2121215,찬성,2023-12-08
21,4U29186R,2121215,찬성,2023-12-08
21,F5Y4026Q,2121215,불참,2023-12-08
21,WHV3448W,2121215,불참,2023-12-08
21,6RD62559,2121215,찬성,2023-12-08
21,LH97552Q,2121215,찬성,2023-12-08
21,O6D8329R,2121215,찬성,2023-12-08
21,MSY7784L,2121215,불참,2023-12-08
21,EVH1507C,2121215,찬성,2023-12-08
21,N9X9673B,2121215,불참,2023-12-08
21,5MD4184K,2121215,불참,2023-12-08
21,5K93695T,2121215,불참,2023-12-08
21,DPZ7685X,2121215,찬성,2023-12-08
21,J9S37905,2121215,찬성,2023-12-08
21,VRY5522V,2121215,기권,2023-12-08
21,CAA7713A,2121215,찬성,2023-12-08
21,0PK7354M,2121215,찬성,2023-12-08
21,O0I2045I,2121215,찬성,2023-12-08
21,CZB4125D,2121215,불참,2023-12-08
21,UGH6481E,2121215,불참,2023-12-08
21,W4X85128,2121215,불참,2023-12-08
21,JZY9937U,2121215,불참,2023-12-08
21,YKW37422,2121215,찬성,2023-12-08
21,2NV6751W,2121215,불참,2023-12-08
21,YLS4431M,2121215,찬성,2023-12-08
21,3ZR4438W,2121215,찬성,2023-12-08
21,KB04377U,2121215,찬성,2023-12-08
21,8VY63414,2121215,찬성,2023-12-08
21,QQP4727N,2121215,불참,2023-12-08
21,BCQ55105,2121215,불참,2023-12-08
21,LJK4960Z,2121215,찬성,2023-12-08
21,IUD9392R,2121215,불참,2023-12-08
21,M2Q9024I,2121215,불참,2023-12-08
21,DBA1057Z,2121215,불참,2023-12-08
21,UQ282145,2121215,찬성,2023-12-08
21,7BM2933Y,2121215,찬성,2023-12-08
21,X7I4680R,2121215,찬성,2023-12-08
21,XJC13432,2121215,찬성,2023-12-08
21,T465023H,2121215,찬성,2023-12-08
21,RQQ3807K,2121215,찬성,2023-12-08
21,FH777496,2121215,찬성,2023-12-08
21,8X15119P,2121215,불참,2023-12-08
21,CNW5754J,2121215,찬성,2023-12-08
21,3249208I,2121215,불참,2023-12-08
21,GX38539O,2121215,찬성,2023-12-08
21,8Q88373R,2121215,불참,2023-12-08
21,XEF29171,2121215,찬성,2023-12-08
21,7XY7109I,2121215,찬성,2023-12-08
21,JC14718Q,2121215,찬성,2023-12-08
21,5KV82250,2121215,찬성,2023-12-08
21,LT72093S,2121215,찬성,2023-12-08
21,FDC3144T,2121215,찬성,2023-12-08
21,I7R13867,2121215,찬성,2023-12-08
21,SQ36001H,2121215,불참,2023-12-08
21,9LD2641Q,2121215,불참,2023-12-08
21,LPB30152,2121215,찬성,2023-12-08
21,MD083627,2121215,찬성,2023-12-08
21,B7R2742J,2121215,찬성,2023-12-08
21,ZDP5704Q,2121215,찬성,2023-12-08
21,71J2365L,2121215,불참,2023-12-08
21,7O71647Z,2121215,찬성,2023-12-08
21,W1Q6753M,2121215,찬성,2023-12-08
21,E1J8836Y,2121215,찬성,2023-12-08
21,RD42006Y,2121215,불참,2023-12-08
21,QHL3248U,2121215,불참,2023-12-08
21,TJW93720,2121215,찬성,2023-12-08
21,9S151177,2121215,불참,2023-12-08
21,9V18755A,2121215,찬성,2023-12-08
21,PO64874I,2121215,찬성,2023-12-08
21,VHK3402G,2121215,불참,2023-12-08
21,1MU99298,2121215,찬성,2023-12-08
21,17M85910,2121215,찬성,2023-12-08
21,G152611B,2121215,불참,2023-12-08
21,G1570880,2121215,찬성,2023-12-08
21,FOK3459D,2121215,불참,2023-12-08
21,QUO78839,2121215,불참,2023-12-08
21,BT62420K,2121215,불참,2023-12-08
21,TZP9391O,2121215,찬성,2023-12-08
21,6V37131U,2121215,불참,2023-12-08
21,OSV9142K,2121215,찬성,2023-12-08
21,FJK3396E,2121215,찬성,2023-12-08
21,6EN68926,2121215,찬성,2023-12-08
21,1BX7234U,2121215,찬성,2023-12-08
21,TZ228122,2121215,찬성,2023-12-08
21,XA42275R,2121215,찬성,2023-12-08
21,LBC8144B,2121215,찬성,2023-12-08
21,UB114374,2121215,불참,2023-12-08
21,7JC3239L,2121215,찬성,2023-12-08
21,CNZ51556,2121215,찬성,2023-12-08
21,N4R2421C,2121215,찬성,2023-12-08
21,O7R5461J,2121215,불참,2023-12-08
21,JMY9959W,2121215,불참,2023-12-08
21,7R156073,2121215,찬성,2023-12-08
21,J2O8643H,2121215,찬성,2023-12-08
21,6AU2417B,2121215,불참,2023-12-08
21,8VJ8533R,2121215,찬성,2023-12-08
21,GX22581L,2121215,불참,2023-12-08
21,52P3934K,2121215,찬성,2023-12-08
21,1Y73132H,2121215,찬성,2023-12-08
21,I0S53762,2121215,불참,2023-12-08
21,TKJ4800F,2121215,불참,2023-12-08
21,04T3751T,2121215,찬성,2023-12-08
21,K5F2023J,2121215,찬성,2023-12-08
21,14M56632,2121215,찬성,2023-12-08
21,6U243644,2121215,불참,2023-12-08
21,E9R4507P,2121215,찬성,2023-12-08
21,UHB5553T,2121215,찬성,2023-12-08
21,KFS1358P,2121215,찬성,2023-12-08
21,A494529E,2121215,불참,2023-12-08
21,Z6R3959C,2121215,불참,2023-12-08
21,QUM8288K,2121215,불참,2023-12-08
21,S824682L,2121215,찬성,2023-12-08
21,Q9H5708M,2121215,불참,2023-12-08
21,MRK4871S,2121215,불참,2023-12-08
21,BM63269Y,2121215,찬성,2023-12-08
21,M7O7878U,2121215,찬성,2023-12-08
21,MNZ4401T,2121215,불참,2023-12-08
21,HSS7466Y,2121215,불참,2023-12-08
21,16D7652C,2121215,불참,2023-12-08
21,FU53642G,2121215,찬성,2023-12-08
21,MLH1404S,2121215,찬성,2023-12-08
21,XR24352K,2121215,찬성,2023-12-08
21,JEZ3130Q,2121215,찬성,2023-12-08
21,9L57027L,2121215,찬성,2023-12-08
21,GOC54665,2121215,불참,2023-12-08
21,5UN9725L,2121215,불참,2023-12-08
21,K3W33496,2121215,찬성,2023-12-08
21,NCO99988,2121215,찬성,2023-12-08
21,CI15627C,2121215,불참,2023-12-08
21,C7E79345,2121215,불참,2023-12-08
21,4019850M,2121215,불참,2023-12-08
21,9YO73104,2121215,불참,2023-12-08
21,TRE2429O,2121215,찬성,2023-12-08
21,E6U4345C,2121215,찬성,2023-12-08
21,CDL93608,2121215,불참,2023-12-08
21,2UD1340H,2121215,불참,2023-12-08
21,9VR65006,2121215,불참,2023-12-08
21,EMC8812P,2121215,찬성,2023-12-08
21,XSP20229,2121215,불참,2023-12-08
21,3RW63706,2121215,찬성,2023-12-08
21,FYI20317,2121215,찬성,2023-12-08
21,ZYP7962W,2121215,찬성,2023-12-08
21,WVU2479T,2121215,불참,2023-12-08
21,9D939735,2121215,찬성,2023-12-08
21,QTW6852F,2121215,불참,2023-12-08
21,TST4507I,2121215,찬성,2023-12-08
21,L7J93733,2121215,찬성,2023-12-08
21,DAV7257X,2121215,찬성,2023-12-08
21,GE71932C,2121215,불참,2023-12-08
21,6YT83269,2121215,찬성,2023-12-08
21,F5U2979W,2121215,찬성,2023-12-08
21,FIC9046Z,2121215,불참,2023-12-08
21,DWK26447,2121215,찬성,2023-12-08
21,KFM1081G,2121215,찬성,2023-12-08
21,NLR6572J,2121215,찬성,2023-12-08
21,YTA7297R,2121215,찬성,2023-12-08
21,L7T64271,2121215,찬성,2023-12-08
21,4X525582,2121215,불참,2023-12-08
21,GKD32201,2121215,찬성,2023-12-08
21,S741317G,2121215,찬성,2023-12-08
21,CCU1009B,2121215,찬성,2023-12-08
21,2N793392,2121215,찬성,2023-12-08
21,LM13674V,2121215,불참,2023-12-08
21,QD25323M,2121215,찬성,2023-12-08
21,JVB6983V,2121215,찬성,2023-12-08
21,GP07421U,2121215,찬성,2023-12-08
21,FGI27280,2121215,불참,2023-12-08
21,4XG1439M,2121215,찬성,2023-12-08
21,3DK8989T,2121215,찬성,2023-12-08
21,D4L60530,2121215,찬성,2023-12-08
21,M6H1705E,2121215,찬성,2023-12-08
21,09I2323E,2121215,찬성,2023-12-08
21,NTT8182Q,2121215,찬성,2023-12-08
21,A3H7195R,2121215,불참,2023-12-08
21,0VU8517U,2121215,불참,2023-12-08
21,M0A1658U,2121215,찬성,2023-12-08
21,HSW1214Q,2121215,찬성,2023-12-08
21,KR14136C,2121215,불참,2023-12-08
21,WJL30106,2121215,불참,2023-12-08
21,KNM3215T,2121215,불참,2023-12-08
21,UM51067K,2121215,찬성,2023-12-08
21,HKJ99607,2121215,불참,2023-12-08
21,MY318392,2121215,불참,2023-12-08
21,4T026790,2121215,찬성,2023-12-08
21,GF286398,2121215,불참,2023-12-08
21,8348421R,2121215,찬성,2023-12-08
21,H5476989,2121215,찬성,2023-12-08
21,6FS10566,2121215,찬성,2023-12-08
21,HXT76735,2121215,찬성,2023-12-08
21,0R68099X,2121215,불참,2023-12-08
21,2385336L,2121215,찬성,2023-12-08
21,MO52543L,2121215,불참,2023-12-08
21,X1K3667J,2121215,불참,2023-12-08
21,WTR5885Y,2121215,불참,2023-12-08
21,IOW1101J,2121215,불참,2023-12-08
21,25I8709Q,2121215,찬성,2023-12-08
21,XWX1513T,2121215,불참,2023-12-08
21,LG63087O,2121215,찬성,2023-12-08
21,OW53107J,2121215,불참,2023-12-08
21,PEP6922S,2121215,불참,2023-12-08
21,DAN6731C,2121215,불참,2023-12-08
21,VG24001G,2121215,불참,2023-12-08
21,IOW8224X,2121215,불참,2023-12-08
21,9JF4562W,2121215,찬성,2023-12-08
21,Y7K5946R,2121215,찬성,2023-12-08
21,Z7Y7827F,2121215,찬성,2023-12-08
21,ATB59635,2121215,찬성,2023-12-08
21,FU87526G,2121215,찬성,2023-12-08
21,8SV6917G,2121215,찬성,2023-12-08
21,V0O5343U,2121215,찬성,2023-12-08
21,P0F1530P,2121215,불참,2023-12-08
21,LQW3652K,2121215,찬성,2023-12-08
21,RO593601,2121215,찬성,2023-12-08
21,PFG2137X,2121215,찬성,2023-12-08
21,ZYP7962W,2108450,찬성,2021-07-23
21,GX38539O,2108450,찬성,2021-07-23
21,QTW6852F,2108450,불참,2021-07-23
21,7XY7109I,2108450,반대,2021-07-23
21,TST4507I,2108450,찬성,2021-07-23
21,JC14718Q,2108450,찬성,2021-07-23
21,5KV82250,2108450,찬성,2021-07-23
21,LT72093S,2108450,찬성,2021-07-23
21,6YT83269,2108450,찬성,2021-07-23
21,1MU99298,2108450,찬성,2021-07-23
21,FDC3144T,2108450,찬성,2021-07-23
21,17M85910,2108450,찬성,2021-07-23
21,G152611B,2108450,찬성,2021-07-23
21,9LD2641Q,2108450,찬성,2021-07-23
21,FOK3459D,2108450,찬성,2021-07-23
21,QUO78839,2108450,찬성,2021-07-23
21,BT62420K,2108450,찬성,2021-07-23
21,TZP9391O,2108450,찬성,2021-07-23
21,6V37131U,2108450,찬성,2021-07-23
21,FJK3396E,2108450,찬성,2021-07-23
21,ZDP5704Q,2108450,찬성,2021-07-23
21,71J2365L,2108450,찬성,2021-07-23
21,7O71647Z,2108450,찬성,2021-07-23
21,E1J8836Y,2108450,찬성,2021-07-23
21,6EN68926,2108450,불참,2021-07-23
21,1BX7234U,2108450,찬성,2021-07-23
21,QHL3248U,2108450,찬성,2021-07-23
21,AE685067,2108450,찬성,2021-07-23
21,TZ228122,2108450,찬성,2021-07-23
21,9V18755A,2108450,찬성,2021-07-23
21,XA42275R,2108450,찬성,2021-07-23
21,LQW3652K,2108450,기권,2021-07-23
21,UB114374,2108450,찬성,2021-07-23
21,GAV6441G,2108450,찬성,2021-07-23
21,8KF7223D,2108450,찬성,2021-07-23
21,8P37634C,2108450,찬성,2021-07-23
21,CNZ51556,2108450,찬성,2021-07-23
21,N4R2421C,2108450,불참,2021-07-23
21,GDG1847Z,2108450,찬성,2021-07-23
21,O7R5461J,2108450,찬성,2021-07-23
21,JMY9959W,2108450,찬성,2021-07-23
21,VCP96419,2108450,찬성,2021-07-23
21,8VJ8533R,2108450,불참,2021-07-23
21,SE233396,2108450,찬성,2021-07-23
21,52P3934K,2108450,찬성,2021-07-23
21,B7H6207C,2108450,찬성,2021-07-23
21,6399076T,2108450,찬성,2021-07-23
21,4U29186R,2108450,찬성,2021-07-23
21,F5Y4026Q,2108450,찬성,2021-07-23
21,1Y73132H,2108450,찬성,2021-07-23
21,14M56632,2108450,불참,2021-07-23
21,N9X9673B,2108450,불참,2021-07-23
21,TP066860,2108450,찬성,2021-07-23
21,E9R4507P,2108450,찬성,2021-07-23
21,KFS1358P,2108450,기권,2021-07-23
21,A494529E,2108450,기권,2021-07-23
21,VRY5522V,2108450,찬성,2021-07-23
21,CAA7713A,2108450,찬성,2021-07-23
21,0PK7354M,2108450,찬성,2021-07-23
21,CZB4125D,2108450,불참,2021-07-23
21,Z6R3959C,2108450,찬성,2021-07-23
21,S824682L,2108450,찬성,2021-07-23
21,W4X85128,2108450,불참,2021-07-23
21,Q9H5708M,2108450,찬성,2021-07-23
21,JZY9937U,2108450,찬성,2021-07-23
21,MRK4871S,2108450,불참,2021-07-23
21,YKW37422,2108450,찬성,2021-07-23
21,2NV6751W,2108450,찬성,2021-07-23
21,BM63269Y,2108450,불참,2021-07-23
21,YLS4431M,2108450,불참,2021-07-23
21,3ZR4438W,2108450,불참,2021-07-23
21,16D7652C,2108450,불참,2021-07-23
21,KB04377U,2108450,찬성,2021-07-23
21,8VY63414,2108450,찬성,2021-07-23
21,XR24352K,2108450,찬성,2021-07-23
21,QQP4727N,2108450,찬성,2021-07-23
21,IUL4848V,2108450,찬성,2021-07-23
21,JEZ3130Q,2108450,찬성,2021-07-23
21,9L57027L,2108450,찬성,2021-07-23
21,GOC54665,2108450,찬성,2021-07-23
21,LJK4960Z,2108450,불참,2021-07-23
21,M2Q9024I,2108450,찬성,2021-07-23
21,DBA1057Z,2108450,찬성,2021-07-23
21,CI15627C,2108450,찬성,2021-07-23
21,C7E79345,2108450,불참,2021-07-23
21,4019850M,2108450,찬성,2021-07-23
21,UQ282145,2108450,찬성,2021-07-23
21,9YO73104,2108450,불참,2021-07-23
21,TRE2429O,2108450,찬성,2021-07-23
21,CDL93608,2108450,찬성,2021-07-23
21,2UD1340H,2108450,불참,2021-07-23
21,X7I4680R,2108450,찬성,2021-07-23
21,XSP20229,2108450,찬성,2021-07-23
21,T465023H,2108450,찬성,2021-07-23
21,RQQ3807K,2108450,찬성,2021-07-23
21,FIC9046Z,2108450,불참,2021-07-23
21,GKD32201,2108450,찬성,2021-07-23
21,S741317G,2108450,찬성,2021-07-23
21,CCU1009B,2108450,찬성,2021-07-23
21,2N793392,2108450,찬성,2021-07-23
21,QD25323M,2108450,찬성,2021-07-23
21,DAY6557K,2108450,찬성,2021-07-23
21,FGI27280,2108450,불참,2021-07-23
21,4XG1439M,2108450,찬성,2021-07-23
21,A0P4646G,2108450,찬성,2021-07-23
21,7I09543O,2108450,찬성,2021-07-23
21,1X376850,2108450,기권,2021-07-23
21,3DK8989T,2108450,찬성,2021-07-23
21,7469929V,2108450,찬성,2021-07-23
21,09I2323E,2108450,찬성,2021-07-23
21,A3H7195R,2108450,찬성,2021-07-23
21,ZYH1940A,2108450,찬성,2021-07-23
21,M0A1658U,2108450,찬성,2021-07-23
21,HSW1214Q,2108450,찬성,2021-07-23
21,ZDR63255,2108450,찬성,2021-07-23
21,5765663F,2108450,찬성,2021-07-23
21,GFF1986K,2108450,찬성,2021-07-23
21,WJL30106,2108450,찬성,2021-07-23
21,5KV96424,2108450,찬성,2021-07-23
21,KNM3215T,2108450,찬성,2021-07-23
21,M7T9712V,2108450,찬성,2021-07-23
21,60490713,2108450,찬성,2021-07-23
21,1WE5693J,2108450,찬성,2021-07-23
21,X3170462,2108450,불참,2021-07-23
21,MY318392,2108450,찬성,2021-07-23
21,4T026790,2108450,찬성,2021-07-23
21,EH27538E,2108450,찬성,2021-07-23
21,WFU14784,2108450,찬성,2021-07-23
21,PZA4062H,2108450,찬성,2021-07-23
21,MR210505,2108450,찬성,2021-07-23
21,GF286398,2108450,찬성,2021-07-23
21,8348421R,2108450,불참,2021-07-23
21,JQA21112,2108450,찬성,2021-07-23
21,4L695580,2108450,찬성,2021-07-23
21,40E3739H,2108450,찬성,2021-07-23
21,RPN2293B,2108450,찬성,2021-07-23
21,V429892C,2108450,찬성,2021-07-23
21,XBT9550Q,2108450,찬성,2021-07-23
21,ZA54991S,2108450,찬성,2021-07-23
21,MO52543L,2108450,불참,2021-07-23
21,0827740Q,2108450,찬성,2021-07-23
21,L5P27909,2108450,찬성,2021-07-23
21,ICH23251,2108450,찬성,2021-07-23
21,25I8709Q,2108450,찬성,2021-07-23
21,XWX1513T,2108450,찬성,2021-07-23
21,CT85313K,2108450,찬성,2021-07-23
21,PAO22428,2108450,찬성,2021-07-23
21,BLC8630L,2108450,불참,2021-07-23
21,NQR1206Q,2108450,찬성,2021-07-23
21,VG24001G,2108450,찬성,2021-07-23
21,WCD5518S,2108450,찬성,2021-07-23
21,I434361W,2108450,불참,2021-07-23
21,FU87526G,2108450,찬성,2021-07-23
21,S9U45255,2108450,찬성,2021-07-23
21,8FC9697X,2108450,불참,2021-07-23
21,QKO6165V,2108450,찬성,2021-07-23
21,V0O5343U,2108450,불참,2021-07-23
21,P0F1530P,2108450,불참,2021-07-23
21,FRN1867O,2108450,찬성,2021-07-23
21,JNL7001A,2108450,찬성,2021-07-23
21,L7T64271,2108450,찬성,2021-07-23
21,4X525582,2108450,불참,2021-07-23
21,G7512472,2108450,찬성,2021-07-23
21,3TO11703,2108450,찬성,2021-07-23
21,MU69217P,2108450,불참,2021-07-23
21,66W6739S,2108450,찬성,2021-07-23
21,LM13674V,2108450,찬성,2021-07-23
21,GP07421U,2108450,찬성,2021-07-23
21,USR7059P,2108450,찬성,2021-07-23
21,P2N50879,2108450,기권,2021-07-23
21,A2V51235,2108450,찬성,2021-07-23
21,D4L60530,2108450,찬성,2021-07-23
21,M6H1705E,2108450,찬성,2021-07-23
21,OFE45081,2108450,찬성,2021-07-23
21,NTT8182Q,2108450,찬성,2021-07-23
21,0VU8517U,2108450,불참,2021-07-23
21,NZF1659U,2108450,찬성,2021-07-23
21,WDS6044S,2108450,찬성,2021-07-23
21,3BC6890E,2108450,찬성,2021-07-23
21,KR14136C,2108450,찬성,2021-07-23
21,SRP7336N,2108450,찬성,2021-07-23
21,ZKU88693,2108450,불참,2021-07-23
21,UM51067K,2108450,찬성,2021-07-23
21,HKJ99607,2108450,불참,2021-07-23
21,8FB1535Y,2108450,찬성,2021-07-23
21,SU53086M,2108450,찬성,2021-07-23
21,0WL9321T,2108450,찬성,2021-07-23
21,H5476989,2108450,찬성,2021-07-23
21,HXT76735,2108450,찬성,2021-07-23
21,0R68099X,2108450,찬성,2021-07-23
21,4A067125,2108450,불참,2021-07-23
21,2385336L,2108450,찬성,2021-07-23
21,IN328264,2108450,불참,2021-07-23
21,0W194007,2108450,찬성,2021-07-23
21,X1K3667J,2108450,찬성,2021-07-23
21,WMG57662,2108450,찬성,2021-07-23
21,NCP9875N,2108450,찬성,2021-07-23
21,I5I2468R,2108450,찬성,2021-07-23
21,WTR5885Y,2108450,기권,2021-07-23
21,3425169D,2108450,찬성,2021-07-23
21,IOW1101J,2108450,찬성,2021-07-23
21,OIA3741M,2108450,찬성,2021-07-23
21,6MO8786S,2108450,찬성,2021-07-23
21,0767470D,2108450,불참,2021-07-23
21,LG63087O,2108450,찬성,2021-07-23
21,NAL4555X,2108450,불참,2021-07-23
21,OW53107J,2108450,찬성,2021-07-23
21,PEP6922S,2108450,불참,2021-07-23
21,DAN6731C,2108450,불참,2021-07-23
21,L2I9861C,2108450,불참,2021-07-23
21,SVH3899R,2108450,불참,2021-07-23
21,IOW8224X,2108450,찬성,2021-07-23
21,9JF4562W,2108450,찬성,2021-07-23
21,Y7K5946R,2108450,찬성,2021-07-23
21,Z7Y7827F,2108450,찬성,2021-07-23
21,ATB59635,2108450,찬성,2021-07-23
21,SBK1544B,2108450,찬성,2021-07-23
21,KUO3574J,2108450,찬성,2021-07-23
21,D6U6678O,2108450,기권,2021-07-23
21,8SV6917G,2108450,찬성,2021-07-23
21,GD131760,2108450,찬성,2021-07-23
21,ZRF3039U,2108450,찬성,2021-07-23
21,68P7228G,2108450,찬성,2021-07-23
21,XPP2564T,2108450,불참,2021-07-23
21,RO593601,2108450,찬성,2021-07-23
21,PFG2137X,2108450,찬성,2021-07-23
21,0YT3774N,2108450,찬성,2021-07-23
21,7JC3239L,2108450,찬성,2021-07-23
21,40S1959J,2108450,찬성,2021-07-23
21,IL74008M,2108450,찬성,2021-07-23
21,3C23171A,2108450,찬성,2021-07-23
21,P2N4585G,2108450,찬성,2021-07-23
21,TVF3669B,2108450,찬성,2021-07-23
21,7R156073,2108450,불참,2021-07-23
21,6AR6743G,2108450,불참,2021-07-23
21,J2O8643H,2108450,찬성,2021-07-23
21,6AU2417B,2108450,찬성,2021-07-23
21,B7D7534L,2108450,찬성,2021-07-23
21,GX22581L,2108450,찬성,2021-07-23
21,AFH96856,2108450,찬성,2021-07-23
21,WHV3448W,2108450,찬성,2021-07-23
21,I0S53762,2108450,불참,2021-07-23
21,LH97552Q,2108450,찬성,2021-07-23
21,TKJ4800F,2108450,찬성,2021-07-23
21,O6D8329R,2108450,찬성,2021-07-23
21,04T3751T,2108450,찬성,2021-07-23
21,MSY7784L,2108450,찬성,2021-07-23
21,EVH1507C,2108450,찬성,2021-07-23
21,K5F2023J,2108450,찬성,2021-07-23
21,5MD4184K,2108450,불참,2021-07-23
21,5K93695T,2108450,불참,2021-07-23
21,DPZ7685X,2108450,찬성,2021-07-23
21,6U243644,2108450,찬성,2021-07-23
21,UHB5553T,2108450,찬성,2021-07-23
21,J9S37905,2108450,불참,2021-07-23
21,O0I2045I,2108450,불참,2021-07-23
21,QUM8288K,2108450,불참,2021-07-23
21,UGH6481E,2108450,찬성,2021-07-23
21,CFE3998F,2108450,불참,2021-07-23
21,M7O7878U,2108450,찬성,2021-07-23
21,MNZ4401T,2108450,찬성,2021-07-23
21,HSS7466Y,2108450,찬성,2021-07-23
21,FU53642G,2108450,찬성,2021-07-23
21,MLH1404S,2108450,불참,2021-07-23
21,BCQ55105,2108450,찬성,2021-07-23
21,5UN9725L,2108450,불참,2021-07-23
21,K3W33496,2108450,찬성,2021-07-23
21,21N57758,2108450,찬성,2021-07-23
21,E6U4345C,2108450,찬성,2021-07-23
21,7BM2933Y,2108450,찬성,2021-07-23
21,9VR65006,2108450,불참,2021-07-23
21,EMC8812P,2108450,찬성,2021-07-23
21,XJC13432,2108450,불참,2021-07-23
21,D0C85236,2108450,불참,2021-07-23
21,3RW63706,2108450,불참,2021-07-23
21,FH777496,2108450,찬성,2021-07-23
21,FYI20317,2108450,찬성,2021-07-23
21,8X15119P,2108450,불참,2021-07-23
21,CNW5754J,2108450,찬성,2021-07-23
21,3249208I,2108450,찬성,2021-07-23
21,8Q88373R,2108450,찬성,2021-07-23
21,XEF29171,2108450,찬성,2021-07-23
21,WVU2479T,2108450,찬성,2021-07-23
21,9D939735,2108450,찬성,2021-07-23
21,L7J93733,2108450,불참,2021-07-23
21,DAV7257X,2108450,찬성,2021-07-23
21,GE71932C,2108450,찬성,2021-07-23
21,I7R13867,2108450,찬성,2021-07-23
21,SQ36001H,2108450,찬성,2021-07-23
21,G1570880,2108450,찬성,2021-07-23
21,LPB30152,2108450,찬성,2021-07-23
21,MD083627,2108450,찬성,2021-07-23
21,OSV9142K,2108450,찬성,2021-07-23
21,B7R2742J,2108450,찬성,2021-07-23
21,W1Q6753M,2108450,찬성,2021-07-23
21,MHK9919B,2108450,불참,2021-07-23
21,RD42006Y,2108450,불참,2021-07-23
21,TJW93720,2108450,찬성,2021-07-23
21,9S151177,2108450,찬성,2021-07-23
21,PO64874I,2108450,찬성,2021-07-23
21,F5U2979W,2118696,불참,2022-12-08
21,YOG1280B,2118696,불참,2022-12-08
21,FIC9046Z,2118696,불참,2022-12-08
21,DWK26447,2118696,불참,2022-12-08
21,NUB4941Z,2118696,찬성,2022-12-08
21,KFM1081G,2118696,찬성,2022-12-08
21,NLR6572J,2118696,찬성,2022-12-08
21,YTA7297R,2118696,찬성,2022-12-08
21,JNL7001A,2118696,찬성,2022-12-08
21,L7T64271,2118696,찬성,2022-12-08
21,4X525582,2118696,불참,2022-12-08
21,GKD32201,2118696,찬성,2022-12-08
21,G7512472,2118696,찬성,2022-12-08
21,3TO11703,2118696,불참,2022-12-08
21,S741317G,2118696,찬성,2022-12-08
21,CCU1009B,2118696,찬성,2022-12-08
21,MU69217P,2118696,불참,2022-12-08
21,2N793392,2118696,찬성,2022-12-08
21,66W6739S,2118696,불참,2022-12-08
21,LM13674V,2118696,찬성,2022-12-08
21,QD25323M,2118696,찬성,2022-12-08
21,JVB6983V,2118696,찬성,2022-12-08
21,DAY6557K,2118696,찬성,2022-12-08
21,GP07421U,2118696,불참,2022-12-08
21,FGI27280,2118696,불참,2022-12-08
21,USR7059P,2118696,불참,2022-12-08
21,4XG1439M,2118696,찬성,2022-12-08
21,P2N50879,2118696,불참,2022-12-08
21,A0P4646G,2118696,불참,2022-12-08
21,A2V51235,2118696,찬성,2022-12-08
21,7I09543O,2118696,찬성,2022-12-08
21,3DK8989T,2118696,불참,2022-12-08
21,7469929V,2118696,불참,2022-12-08
21,D4L60530,2118696,찬성,2022-12-08
21,M6H1705E,2118696,불참,2022-12-08
21,OFE45081,2118696,찬성,2022-12-08
21,09I2323E,2118696,불참,2022-12-08
21,NTT8182Q,2118696,찬성,2022-12-08
21,A3H7195R,2118696,불참,2022-12-08
21,ZYH1940A,2118696,불참,2022-12-08
21,0VU8517U,2118696,찬성,2022-12-08
21,M0A1658U,2118696,찬성,2022-12-08
21,HSW1214Q,2118696,찬성,2022-12-08
21,NZF1659U,2118696,불참,2022-12-08
21,WDS6044S,2118696,찬성,2022-12-08
21,3BC6890E,2118696,찬성,2022-12-08
21,ZDR63255,2118696,불참,2022-12-08
21,KR14136C,2118696,불참,2022-12-08
21,SRP7336N,2118696,찬성,2022-12-08
21,5765663F,2118696,찬성,2022-12-08
21,GFF1986K,2118696,찬성,2022-12-08
21,ZKU88693,2118696,불참,2022-12-08
21,WJL30106,2118696,불참,2022-12-08
21,5KV96424,2118696,불참,2022-12-08
21,KNM3215T,2118696,찬성,2022-12-08
21,M7T9712V,2118696,불참,2022-12-08
21,60490713,2118696,불참,2022-12-08
21,UM51067K,2118696,찬성,2022-12-08
21,HKJ99607,2118696,불참,2022-12-08
21,1WE5693J,2118696,불참,2022-12-08
21,X3170462,2118696,찬성,2022-12-08
21,MY318392,2118696,찬성,2022-12-08
21,8FB1535Y,2118696,찬성,2022-12-08
21,4T026790,2118696,찬성,2022-12-08
21,EH27538E,2118696,찬성,2022-12-08
21,WFU14784,2118696,불참,2022-12-08
21,SU53086M,2118696,불참,2022-12-08
21,0WL9321T,2118696,찬성,2022-12-08
21,PZA4062H,2118696,찬성,2022-12-08
21,MR210505,2118696,불참,2022-12-08
21,GF286398,2118696,찬성,2022-12-08
21,8348421R,2118696,불참,2022-12-08
21,H5476989,2118696,찬성,2022-12-08
21,JQA21112,2118696,찬성,2022-12-08
21,4L695580,2118696,찬성,2022-12-08
21,40E3739H,2118696,불참,2022-12-08
21,HXT76735,2118696,불참,2022-12-08
21,RPN2293B,2118696,찬성,2022-12-08
21,0R68099X,2118696,찬성,2022-12-08
21,6RM29022,2118696,찬성,2022-12-08
21,MQU41854,2118696,찬성,2022-12-08
21,V429892C,2118696,불참,2022-12-08
21,2385336L,2118696,찬성,2022-12-08
21,IN328264,2118696,찬성,2022-12-08
21,XBT9550Q,2118696,불참,2022-12-08
21,ZA54991S,2118696,찬성,2022-12-08
21,MO52543L,2118696,불참,2022-12-08
21,0827740Q,2118696,불참,2022-12-08
21,0W194007,2118696,찬성,2022-12-08
21,X1K3667J,2118696,찬성,2022-12-08
21,WMG57662,2118696,찬성,2022-12-08
21,NCP9875N,2118696,찬성,2022-12-08
21,I5I2468R,2118696,찬성,2022-12-08
21,WTR5885Y,2118696,찬성,2022-12-08
21,3425169D,2118696,찬성,2022-12-08
21,IOW1101J,2118696,불참,2022-12-08
21,ICH23251,2118696,불참,2022-12-08
21,25I8709Q,2118696,찬성,2022-12-08
21,OIA3741M,2118696,찬성,2022-12-08
21,6MO8786S,2118696,불참,2022-12-08
21,XWX1513T,2118696,찬성,2022-12-08
21,CT85313K,2118696,찬성,2022-12-08
21,BLC8630L,2118696,찬성,2022-12-08
21,NQR1206Q,2118696,찬성,2022-12-08
21,LG63087O,2118696,불참,2022-12-08
21,OW53107J,2118696,불참,2022-12-08
21,PEP6922S,2118696,불참,2022-12-08
21,DAN6731C,2118696,찬성,2022-12-08
21,VG24001G,2118696,찬성,2022-12-08
21,L2I9861C,2118696,찬성,2022-12-08
21,WCD5518S,2118696,찬성,2022-12-08
21,SVH3899R,2118696,찬성,2022-12-08
21,IOW8224X,2118696,찬성,2022-12-08
21,9JF4562W,2118696,불참,2022-12-08
21,Y7K5946R,2118696,찬성,2022-12-08
21,Z7Y7827F,2118696,불참,2022-12-08
21,ATB59635,2118696,불참,2022-12-08
21,SBK1544B,2118696,불참,2022-12-08
21,KUO3574J,2118696,찬성,2022-12-08
21,D6U6678O,2118696,찬성,2022-12-08
21,FU87526G,2118696,불참,2022-12-08
21,S9U45255,2118696,불참,2022-12-08
21,8SV6917G,2118696,찬성,2022-12-08
21,8FC9697X,2118696,불참,2022-12-08
21,QKO6165V,2118696,불참,2022-12-08
21,GD131760,2118696,불참,2022-12-08
21,ZRF3039U,2118696,불참,2022-12-08
21,V0O5343U,2118696,찬성,2022-12-08
21,68P7228G,2118696,찬성,2022-12-08
21,P0F1530P,2118696,불참,2022-12-08
21,XPP2564T,2118696,찬성,2022-12-08
21,FRN1867O,2118696,찬성,2022-12-08
21,LQW3652K,2118696,찬성,2022-12-08
21,RO593601,2118696,찬성,2022-12-08
21,PFG2137X,2118696,찬성,2022-12-08
21,UB114374,2118696,불참,2022-12-08
21,GAV6441G,2118696,찬성,2022-12-08
21,0YT3774N,2118696,불참,2022-12-08
21,7JC3239L,2118696,찬성,2022-12-08
21,40S1959J,2118696,찬성,2022-12-08
21,IL74008M,2118696,불참,2022-12-08
21,8KF7223D,2118696,찬성,2022-12-08
21,8P37634C,2118696,찬성,2022-12-08
21,CNZ51556,2118696,찬성,2022-12-08
21,N4R2421C,2118696,불참,2022-12-08
21,3C23171A,2118696,기권,2022-12-08
21,GDG1847Z,2118696,불참,2022-12-08
21,P2N4585G,2118696,찬성,2022-12-08
21,O7R5461J,2118696,기권,2022-12-08
21,JMY9959W,2118696,불참,2022-12-08
21,7R156073,2118696,불참,2022-12-08
21,6AR6743G,2118696,불참,2022-12-08
21,J2O8643H,2118696,찬성,2022-12-08
21,VCP96419,2118696,불참,2022-12-08
21,6AU2417B,2118696,불참,2022-12-08
21,8VJ8533R,2118696,찬성,2022-12-08
21,B7D7534L,2118696,찬성,2022-12-08
21,GX22581L,2118696,불참,2022-12-08
21,SE233396,2118696,찬성,2022-12-08
21,AFH96856,2118696,불참,2022-12-08
21,52P3934K,2118696,불참,2022-12-08
21,B7H6207C,2118696,찬성,2022-12-08
21,6399076T,2118696,찬성,2022-12-08
21,4U29186R,2118696,찬성,2022-12-08
21,F5Y4026Q,2118696,불참,2022-12-08
21,WHV3448W,2118696,찬성,2022-12-08
21,6RD62559,2118696,찬성,2022-12-08
21,1Y73132H,2118696,찬성,2022-12-08
21,I0S53762,2118696,찬성,2022-12-08
21,LH97552Q,2118696,찬성,2022-12-08
21,TKJ4800F,2118696,찬성,2022-12-08
21,O6D8329R,2118696,찬성,2022-12-08
21,04T3751T,2118696,불참,2022-12-08
21,MSY7784L,2118696,불참,2022-12-08
21,EVH1507C,2118696,찬성,2022-12-08
21,K5F2023J,2118696,찬성,2022-12-08
21,14M56632,2118696,찬성,2022-12-08
21,N9X9673B,2118696,찬성,2022-12-08
21,5MD4184K,2118696,찬성,2022-12-08
21,5K93695T,2118696,찬성,2022-12-08
21,DPZ7685X,2118696,불참,2022-12-08
21,6U243644,2118696,찬성,2022-12-08
21,E9R4507P,2118696,불참,2022-12-08
21,UHB5553T,2118696,찬성,2022-12-08
21,KFS1358P,2118696,찬성,2022-12-08
21,J9S37905,2118696,찬성,2022-12-08
21,A494529E,2118696,찬성,2022-12-08
21,VRY5522V,2118696,찬성,2022-12-08
21,CAA7713A,2118696,찬성,2022-12-08
21,0PK7354M,2118696,불참,2022-12-08
21,O0I2045I,2118696,찬성,2022-12-08
21,CZB4125D,2118696,불참,2022-12-08
21,Z6R3959C,2118696,불참,2022-12-08
21,QUM8288K,2118696,기권,2022-12-08
21,UGH6481E,2118696,찬성,2022-12-08
21,S824682L,2118696,찬성,2022-12-08
21,W4X85128,2118696,찬성,2022-12-08
21,Q9H5708M,2118696,찬성,2022-12-08
21,JZY9937U,2118696,찬성,2022-12-08
21,MRK4871S,2118696,불참,2022-12-08
21,YKW37422,2118696,찬성,2022-12-08
21,2NV6751W,2118696,찬성,2022-12-08
21,BM63269Y,2118696,찬성,2022-12-08
21,M7O7878U,2118696,찬성,2022-12-08
21,YLS4431M,2118696,찬성,2022-12-08
21,MNZ4401T,2118696,찬성,2022-12-08
21,3ZR4438W,2118696,찬성,2022-12-08
21,HSS7466Y,2118696,불참,2022-12-08
21,16D7652C,2118696,찬성,2022-12-08
21,KB04377U,2118696,찬성,2022-12-08
21,FU53642G,2118696,찬성,2022-12-08
21,MLH1404S,2118696,찬성,2022-12-08
21,8VY63414,2118696,찬성,2022-12-08
21,XR24352K,2118696,찬성,2022-12-08
21,QQP4727N,2118696,찬성,2022-12-08
21,JEZ3130Q,2118696,찬성,2022-12-08
21,BCQ55105,2118696,불참,2022-12-08
21,9L57027L,2118696,찬성,2022-12-08
21,GOC54665,2118696,불참,2022-12-08
21,5UN9725L,2118696,불참,2022-12-08
21,LJK4960Z,2118696,찬성,2022-12-08
21,IUD9392R,2118696,찬성,2022-12-08
21,K3W33496,2118696,불참,2022-12-08
21,M2Q9024I,2118696,찬성,2022-12-08
21,DBA1057Z,2118696,찬성,2022-12-08
21,CI15627C,2118696,찬성,2022-12-08
21,C7E79345,2118696,불참,2022-12-08
21,4019850M,2118696,찬성,2022-12-08
21,UQ282145,2118696,불참,2022-12-08
21,9YO73104,2118696,찬성,2022-12-08
21,TRE2429O,2118696,찬성,2022-12-08
21,E6U4345C,2118696,찬성,2022-12-08
21,7BM2933Y,2118696,찬성,2022-12-08
21,CDL93608,2118696,불참,2022-12-08
21,2UD1340H,2118696,찬성,2022-12-08
21,9VR65006,2118696,찬성,2022-12-08
21,X7I4680R,2118696,불참,2022-12-08
21,EMC8812P,2118696,찬성,2022-12-08
21,XJC13432,2118696,찬성,2022-12-08
21,XSP20229,2118696,찬성,2022-12-08
21,T465023H,2118696,찬성,2022-12-08
21,3RW63706,2118696,찬성,2022-12-08
21,RQQ3807K,2118696,기권,2022-12-08
21,FH777496,2118696,찬성,2022-12-08
21,FYI20317,2118696,찬성,2022-12-08
21,8X15119P,2118696,불참,2022-12-08
21,ZYP7962W,2118696,불참,2022-12-08
21,CNW5754J,2118696,찬성,2022-12-08
21,3249208I,2118696,불참,2022-12-08
21,GX38539O,2118696,찬성,2022-12-08
21,8Q88373R,2118696,찬성,2022-12-08
21,XEF29171,2118696,찬성,2022-12-08
21,WVU2479T,2118696,불참,2022-12-08
21,9D939735,2118696,불참,2022-12-08
21,QTW6852F,2118696,찬성,2022-12-08
21,7XY7109I,2118696,불참,2022-12-08
21,TST4507I,2118696,찬성,2022-12-08
21,JC14718Q,2118696,찬성,2022-12-08
21,5KV82250,2118696,찬성,2022-12-08
21,L7J93733,2118696,찬성,2022-12-08
21,DAV7257X,2118696,찬성,2022-12-08
21,LT72093S,2118696,찬성,2022-12-08
21,GE71932C,2118696,찬성,2022-12-08
21,6YT83269,2118696,찬성,2022-12-08
21,1MU99298,2118696,찬성,2022-12-08
21,FDC3144T,2118696,찬성,2022-12-08
21,17M85910,2118696,찬성,2022-12-08
21,G152611B,2118696,불참,2022-12-08
21,I7R13867,2118696,찬성,2022-12-08
21,SQ36001H,2118696,찬성,2022-12-08
21,G1570880,2118696,찬성,2022-12-08
21,9LD2641Q,2118696,반대,2022-12-08
21,FOK3459D,2118696,불참,2022-12-08
21,QUO78839,2118696,찬성,2022-12-08
21,BT62420K,2118696,찬성,2022-12-08
21,LPB30152,2118696,찬성,2022-12-08
21,MD083627,2118696,불참,2022-12-08
21,TZP9391O,2118696,찬성,2022-12-08
21,6V37131U,2118696,불참,2022-12-08
21,OSV9142K,2118696,찬성,2022-12-08
21,B7R2742J,2118696,찬성,2022-12-08
21,FJK3396E,2118696,불참,2022-12-08
21,ZDP5704Q,2118696,불참,2022-12-08
21,71J2365L,2118696,찬성,2022-12-08
21,7O71647Z,2118696,찬성,2022-12-08
21,W1Q6753M,2118696,찬성,2022-12-08
21,E1J8836Y,2118696,찬성,2022-12-08
21,RD42006Y,2118696,찬성,2022-12-08
21,6EN68926,2118696,찬성,2022-12-08
21,1BX7234U,2118696,찬성,2022-12-08
21,QHL3248U,2118696,불참,2022-12-08
21,TJW93720,2118696,찬성,2022-12-08
21,9S151177,2118696,찬성,2022-12-08
21,TZ228122,2118696,불참,2022-12-08
21,9V18755A,2118696,찬성,2022-12-08
21,XA42275R,2118696,찬성,2022-12-08
21,PO64874I,2118696,불참,2022-12-08
21,LBC8144B,2118696,찬성,2022-12-08
21,VHK3402G,2118696,불참,2022-12-08
21,F5U2979W,2114716,찬성,2022-10-27
21,YOG1280B,2114716,불참,2022-10-27
21,DWK26447,2114716,찬성,2022-10-27
21,NUB4941Z,2114716,찬성,2022-10-27
21,NLR6572J,2114716,찬성,2022-10-27
21,YTA7297R,2114716,찬성,2022-10-27
21,JNL7001A,2114716,찬성,2022-10-27
21,L7T64271,2114716,찬성,2022-10-27
21,3TO11703,2114716,찬성,2022-10-27
21,CCU1009B,2114716,기권,2022-10-27
21,MU69217P,2114716,불참,2022-10-27
21,66W6739S,2114716,찬성,2022-10-27
21,LM13674V,2114716,찬성,2022-10-27
21,QD25323M,2114716,찬성,2022-10-27
21,JVB6983V,2114716,찬성,2022-10-27
21,DAY6557K,2114716,찬성,2022-10-27
21,GP07421U,2114716,찬성,2022-10-27
21,4XG1439M,2114716,불참,2022-10-27
21,P2N50879,2114716,찬성,2022-10-27
21,A0P4646G,2114716,찬성,2022-10-27
21,A2V51235,2114716,찬성,2022-10-27
21,7I09543O,2114716,찬성,2022-10-27
21,3DK8989T,2114716,찬성,2022-10-27
21,D4L60530,2114716,찬성,2022-10-27
21,M6H1705E,2114716,불참,2022-10-27
21,OFE45081,2114716,찬성,2022-10-27
21,09I2323E,2114716,찬성,2022-10-27
21,ZYH1940A,2114716,불참,2022-10-27
21,0VU8517U,2114716,찬성,2022-10-27
21,M0A1658U,2114716,찬성,2022-10-27
21,WDS6044S,2114716,불참,2022-10-27
21,3BC6890E,2114716,찬성,2022-10-27
21,ZDR63255,2114716,찬성,2022-10-27
21,SRP7336N,2114716,찬성,2022-10-27
21,GFF1986K,2114716,찬성,2022-10-27
21,ZKU88693,2114716,찬성,2022-10-27
21,5KV96424,2114716,불참,2022-10-27
21,60490713,2114716,찬성,2022-10-27
21,UM51067K,2114716,찬성,2022-10-27
21,HKJ99607,2114716,불참,2022-10-27
21,1WE5693J,2114716,불참,2022-10-27
21,X3170462,2114716,불참,2022-10-27
21,8FB1535Y,2114716,불참,2022-10-27
21,4T026790,2114716,찬성,2022-10-27
21,SU53086M,2114716,찬성,2022-10-27
21,PZA4062H,2114716,불참,2022-10-27
21,GF286398,2114716,찬성,2022-10-27
21,8348421R,2114716,불참,2022-10-27
21,JQA21112,2114716,찬성,2022-10-27
21,4L695580,2114716,불참,2022-10-27
21,40E3739H,2114716,불참,2022-10-27
21,RPN2293B,2114716,불참,2022-10-27
21,MQU41854,2114716,불참,2022-10-27
21,IN328264,2114716,불참,2022-10-27
21,XBT9550Q,2114716,불참,2022-10-27
21,0827740Q,2114716,찬성,2022-10-27
21,0W194007,2114716,불참,2022-10-27
21,WMG57662,2114716,찬성,2022-10-27
21,NCP9875N,2114716,찬성,2022-10-27
21,I5I2468R,2114716,찬성,2022-10-27
21,3425169D,2114716,찬성,2022-10-27
21,IOW1101J,2114716,불참,2022-10-27
21,ICH23251,2114716,찬성,2022-10-27
21,OIA3741M,2114716,찬성,2022-10-27
21,CT85313K,2114716,불참,2022-10-27
21,BLC8630L,2114716,찬성,2022-10-27
21,NQR1206Q,2114716,찬성,2022-10-27
21,LG63087O,2114716,불참,2022-10-27
21,PEP6922S,2114716,찬성,2022-10-27
21,DAN6731C,2114716,찬성,2022-10-27
21,VG24001G,2114716,찬성,2022-10-27
21,WCD5518S,2114716,찬성,2022-10-27
21,SVH3899R,2114716,찬성,2022-10-27
21,Y7K5946R,2114716,불참,2022-10-27
21,ATB59635,2114716,불참,2022-10-27
21,SBK1544B,2114716,불참,2022-10-27
21,KUO3574J,2114716,불참,2022-10-27
21,D6U6678O,2114716,찬성,2022-10-27
21,FU87526G,2114716,찬성,2022-10-27
21,S9U45255,2114716,찬성,2022-10-27
21,8SV6917G,2114716,불참,2022-10-27
21,QKO6165V,2114716,불참,2022-10-27
21,68P7228G,2114716,찬성,2022-10-27
21,LQW3652K,2114716,찬성,2022-10-27
21,GAV6441G,2114716,불참,2022-10-27
21,40S1959J,2114716,찬성,2022-10-27
21,IL74008M,2114716,찬성,2022-10-27
21,CNZ51556,2114716,찬성,2022-10-27
21,P2N4585G,2114716,찬성,2022-10-27
21,7R156073,2114716,찬성,2022-10-27
21,6AU2417B,2114716,불참,2022-10-27
21,8VJ8533R,2114716,찬성,2022-10-27
21,AFH96856,2114716,찬성,2022-10-27
21,52P3934K,2114716,불참,2022-10-27
21,6399076T,2114716,찬성,2022-10-27
21,4U29186R,2114716,찬성,2022-10-27
21,F5Y4026Q,2114716,불참,2022-10-27
21,WHV3448W,2114716,불참,2022-10-27
21,6RD62559,2114716,찬성,2022-10-27
21,I0S53762,2114716,불참,2022-10-27
21,TKJ4800F,2114716,찬성,2022-10-27
21,O6D8329R,2114716,찬성,2022-10-27
21,04T3751T,2114716,찬성,2022-10-27
21,EVH1507C,2114716,찬성,2022-10-27
21,5MD4184K,2114716,불참,2022-10-27
21,5K93695T,2114716,불참,2022-10-27
21,UHB5553T,2114716,찬성,2022-10-27
21,KFS1358P,2114716,찬성,2022-10-27
21,J9S37905,2114716,찬성,2022-10-27
21,VRY5522V,2114716,기권,2022-10-27
21,0PK7354M,2114716,찬성,2022-10-27
21,O0I2045I,2114716,찬성,2022-10-27
21,UGH6481E,2114716,찬성,2022-10-27
21,S824682L,2114716,찬성,2022-10-27
21,W4X85128,2114716,불참,2022-10-27
21,JZY9937U,2114716,찬성,2022-10-27
21,MRK4871S,2114716,불참,2022-10-27
21,YKW37422,2114716,불참,2022-10-27
21,2NV6751W,2114716,찬성,2022-10-27
21,M7O7878U,2114716,찬성,2022-10-27
21,3ZR4438W,2114716,찬성,2022-10-27
21,KB04377U,2114716,불참,2022-10-27
21,FU53642G,2114716,찬성,2022-10-27
21,MLH1404S,2114716,찬성,2022-10-27
21,8VY63414,2114716,불참,2022-10-27
21,QQP4727N,2114716,불참,2022-10-27
21,JEZ3130Q,2114716,찬성,2022-10-27
21,BCQ55105,2114716,찬성,2022-10-27
21,LJK4960Z,2114716,찬성,2022-10-27
21,IUD9392R,2114716,찬성,2022-10-27
21,K3W33496,2114716,불참,2022-10-27
21,M2Q9024I,2114716,찬성,2022-10-27
21,DBA1057Z,2114716,찬성,2022-10-27
21,CI15627C,2114716,불참,2022-10-27
21,4019850M,2114716,찬성,2022-10-27
21,TRE2429O,2114716,찬성,2022-10-27
21,E6U4345C,2114716,불참,2022-10-27
21,7BM2933Y,2114716,찬성,2022-10-27
21,CDL93608,2114716,불참,2022-10-27
21,2UD1340H,2114716,찬성,2022-10-27
21,9VR65006,2114716,찬성,2022-10-27
21,X7I4680R,2114716,불참,2022-10-27
21,EMC8812P,2114716,불참,2022-10-27
21,XSP20229,2114716,찬성,2022-10-27
21,T465023H,2114716,찬성,2022-10-27
21,3RW63706,2114716,찬성,2022-10-27
21,RQQ3807K,2114716,찬성,2022-10-27
21,8X15119P,2114716,불참,2022-10-27
21,CNW5754J,2114716,찬성,2022-10-27
21,3249208I,2114716,찬성,2022-10-27
21,9D939735,2114716,불참,2022-10-27
21,TST4507I,2114716,찬성,2022-10-27
21,JC14718Q,2114716,찬성,2022-10-27
21,5KV82250,2114716,찬성,2022-10-27
21,L7J93733,2114716,찬성,2022-10-27
21,6YT83269,2114716,찬성,2022-10-27
21,FDC3144T,2114716,찬성,2022-10-27
21,SQ36001H,2114716,불참,2022-10-27
21,G1570880,2114716,불참,2022-10-27
21,QUO78839,2114716,찬성,2022-10-27
21,6V37131U,2114716,찬성,2022-10-27
21,OSV9142K,2114716,찬성,2022-10-27
21,FJK3396E,2114716,불참,2022-10-27
21,71J2365L,2114716,찬성,2022-10-27
21,7O71647Z,2114716,찬성,2022-10-27
21,W1Q6753M,2114716,찬성,2022-10-27
21,E1J8836Y,2114716,불참,2022-10-27
21,6EN68926,2114716,찬성,2022-10-27
21,QHL3248U,2114716,찬성,2022-10-27
21,XA42275R,2114716,찬성,2022-10-27
21,PO64874I,2114716,찬성,2022-10-27
21,VHK3402G,2114716,불참,2022-10-27
21,B7D7534L,2114716,찬성,2022-10-27
21,GX22581L,2114716,불참,2022-10-27
21,SE233396,2114716,찬성,2022-10-27
21,B7H6207C,2114716,불참,2022-10-27
21,1Y73132H,2114716,불참,2022-10-27
21,LH97552Q,2114716,찬성,2022-10-27
21,MSY7784L,2114716,불참,2022-10-27
21,K5F2023J,2114716,찬성,2022-10-27
21,14M56632,2114716,불참,2022-10-27
21,N9X9673B,2114716,찬성,2022-10-27
21,DPZ7685X,2114716,찬성,2022-10-27
21,6U243644,2114716,찬성,2022-10-27
21,E9R4507P,2114716,불참,2022-10-27
21,A494529E,2114716,불참,2022-10-27
21,CAA7713A,2114716,찬성,2022-10-27
21,CZB4125D,2114716,불참,2022-10-27
21,Z6R3959C,2114716,불참,2022-10-27
21,QUM8288K,2114716,불참,2022-10-27
21,Q9H5708M,2114716,찬성,2022-10-27
21,BM63269Y,2114716,불참,2022-10-27
21,YLS4431M,2114716,찬성,2022-10-27
21,MNZ4401T,2114716,불참,2022-10-27
21,HSS7466Y,2114716,찬성,2022-10-27
21,16D7652C,2114716,찬성,2022-10-27
21,XR24352K,2114716,찬성,2022-10-27
21,9L57027L,2114716,불참,2022-10-27
21,GOC54665,2114716,찬성,2022-10-27
21,5UN9725L,2114716,찬성,2022-10-27
21,C7E79345,2114716,찬성,2022-10-27
21,UQ282145,2114716,불참,2022-10-27
21,9YO73104,2114716,찬성,2022-10-27
21,XJC13432,2114716,불참,2022-10-27
21,FH777496,2114716,찬성,2022-10-27
21,FYI20317,2114716,찬성,2022-10-27
21,ZYP7962W,2114716,불참,2022-10-27
21,GX38539O,2114716,찬성,2022-10-27
21,8Q88373R,2114716,불참,2022-10-27
21,XEF29171,2114716,찬성,2022-10-27
21,WVU2479T,2114716,찬성,2022-10-27
21,QTW6852F,2114716,찬성,2022-10-27
21,7XY7109I,2114716,불참,2022-10-27
21,DAV7257X,2114716,찬성,2022-10-27
21,LT72093S,2114716,찬성,2022-10-27
21,GE71932C,2114716,찬성,2022-10-27
21,1MU99298,2114716,찬성,2022-10-27
21,17M85910,2114716,찬성,2022-10-27
21,G152611B,2114716,불참,2022-10-27
21,I7R13867,2114716,찬성,2022-10-27
21,9LD2641Q,2114716,찬성,2022-10-27
21,FOK3459D,2114716,찬성,2022-10-27
21,BT62420K,2114716,찬성,2022-10-27
21,LPB30152,2114716,불참,2022-10-27
21,MD083627,2114716,찬성,2022-10-27
21,TZP9391O,2114716,불참,2022-10-27
21,B7R2742J,2114716,찬성,2022-10-27
21,ZDP5704Q,2114716,찬성,2022-10-27
21,RD42006Y,2114716,불참,2022-10-27
21,1BX7234U,2114716,찬성,2022-10-27
21,TJW93720,2114716,찬성,2022-10-27
21,9S151177,2114716,찬성,2022-10-27
21,TZ228122,2114716,찬성,2022-10-27
21,9V18755A,2114716,찬성,2022-10-27
21,LBC8144B,2114716,찬성,2022-10-27
21,FIC9046Z,2114716,불참,2022-10-27
21,KFM1081G,2114716,찬성,2022-10-27
21,4X525582,2114716,불참,2022-10-27
21,GKD32201,2114716,불참,2022-10-27
21,G7512472,2114716,찬성,2022-10-27
21,S741317G,2114716,찬성,2022-10-27
21,2N793392,2114716,찬성,2022-10-27
21,FGI27280,2114716,불참,2022-10-27
21,USR7059P,2114716,찬성,2022-10-27
21,7469929V,2114716,찬성,2022-10-27
21,NTT8182Q,2114716,찬성,2022-10-27
21,A3H7195R,2114716,찬성,2022-10-27
21,HSW1214Q,2114716,불참,2022-10-27
21,NZF1659U,2114716,찬성,2022-10-27
21,KR14136C,2114716,찬성,2022-10-27
21,5765663F,2114716,찬성,2022-10-27
21,WJL30106,2114716,불참,2022-10-27
21,KNM3215T,2114716,찬성,2022-10-27
21,M7T9712V,2114716,불참,2022-10-27
21,MY318392,2114716,찬성,2022-10-27
21,EH27538E,2114716,찬성,2022-10-27
21,WFU14784,2114716,불참,2022-10-27
21,0WL9321T,2114716,찬성,2022-10-27
21,MR210505,2114716,불참,2022-10-27
21,H5476989,2114716,찬성,2022-10-27
21,HXT76735,2114716,찬성,2022-10-27
21,0R68099X,2114716,찬성,2022-10-27
21,6RM29022,2114716,찬성,2022-10-27
21,V429892C,2114716,찬성,2022-10-27
21,2385336L,2114716,찬성,2022-10-27
21,ZA54991S,2114716,찬성,2022-10-27
21,MO52543L,2114716,불참,2022-10-27
21,X1K3667J,2114716,찬성,2022-10-27
21,WTR5885Y,2114716,찬성,2022-10-27
21,25I8709Q,2114716,찬성,2022-10-27
21,6MO8786S,2114716,찬성,2022-10-27
21,XWX1513T,2114716,불참,2022-10-27
21,OW53107J,2114716,찬성,2022-10-27
21,L2I9861C,2114716,찬성,2022-10-27
21,IOW8224X,2114716,찬성,2022-10-27
21,9JF4562W,2114716,찬성,2022-10-27
21,Z7Y7827F,2114716,찬성,2022-10-27
21,8FC9697X,2114716,불참,2022-10-27
21,GD131760,2114716,불참,2022-10-27
21,ZRF3039U,2114716,찬성,2022-10-27
21,V0O5343U,2114716,찬성,2022-10-27
21,P0F1530P,2114716,불참,2022-10-27
21,XPP2564T,2114716,찬성,2022-10-27
21,FRN1867O,2114716,찬성,2022-10-27
21,RO593601,2114716,찬성,2022-10-27
21,PFG2137X,2114716,찬성,2022-10-27
21,UB114374,2114716,찬성,2022-10-27
21,0YT3774N,2114716,찬성,2022-10-27
21,7JC3239L,2114716,불참,2022-10-27
21,8KF7223D,2114716,찬성,2022-10-27
21,8P37634C,2114716,기권,2022-10-27
21,N4R2421C,2114716,불참,2022-10-27
21,3C23171A,2114716,찬성,2022-10-27
21,GDG1847Z,2114716,찬성,2022-10-27
21,O7R5461J,2114716,찬성,2022-10-27
21,JMY9959W,2114716,찬성,2022-10-27
21,6AR6743G,2114716,찬성,2022-10-27
21,J2O8643H,2114716,찬성,2022-10-27
21,VCP96419,2114716,찬성,2022-10-27
21,6V37131U,2107078,찬성,2021-12-09
21,1BX7234U,2107078,찬성,2021-12-09
21,QHL3248U,2107078,찬성,2021-12-09
21,9V18755A,2107078,찬성,2021-12-09
21,PO64874I,2107078,찬성,2021-12-09
21,FIC9046Z,2107078,불참,2021-12-09
21,GKD32201,2107078,찬성,2021-12-09
21,2N793392,2107078,찬성,2021-12-09
21,QD25323M,2107078,찬성,2021-12-09
21,DAY6557K,2107078,찬성,2021-12-09
21,GP07421U,2107078,찬성,2021-12-09
21,FGI27280,2107078,찬성,2021-12-09
21,3BC6890E,2107078,찬성,2021-12-09
21,ZDR63255,2107078,찬성,2021-12-09
21,GFF1986K,2107078,찬성,2021-12-09
21,WJL30106,2107078,찬성,2021-12-09
21,HKJ99607,2107078,찬성,2021-12-09
21,EH27538E,2107078,찬성,2021-12-09
21,JQA21112,2107078,찬성,2021-12-09
21,4L695580,2107078,불참,2021-12-09
21,RPN2293B,2107078,불참,2021-12-09
21,V429892C,2107078,찬성,2021-12-09
21,4A067125,2107078,불참,2021-12-09
21,L5P27909,2107078,불참,2021-12-09
21,IOW1101J,2107078,불참,2021-12-09
21,CT85313K,2107078,찬성,2021-12-09
21,PAO22428,2107078,불참,2021-12-09
21,BLC8630L,2107078,불참,2021-12-09
21,LG63087O,2107078,찬성,2021-12-09
21,VG24001G,2107078,찬성,2021-12-09
21,I434361W,2107078,찬성,2021-12-09
21,KUO3574J,2107078,찬성,2021-12-09
21,FU87526G,2107078,찬성,2021-12-09
21,V0O5343U,2107078,찬성,2021-12-09
21,FRN1867O,2107078,찬성,2021-12-09
21,RO593601,2107078,찬성,2021-12-09
21,UB114374,2107078,찬성,2021-12-09
21,CNZ51556,2107078,찬성,2021-12-09
21,O7R5461J,2107078,찬성,2021-12-09
21,J2O8643H,2107078,찬성,2021-12-09
21,6AU2417B,2107078,불참,2021-12-09
21,4U29186R,2107078,불참,2021-12-09
21,F5Y4026Q,2107078,불참,2021-12-09
21,I0S53762,2107078,찬성,2021-12-09
21,N9X9673B,2107078,불참,2021-12-09
21,E9R4507P,2107078,불참,2021-12-09
21,KFS1358P,2107078,찬성,2021-12-09
21,J9S37905,2107078,찬성,2021-12-09
21,VRY5522V,2107078,찬성,2021-12-09
21,W4X85128,2107078,불참,2021-12-09
21,Q9H5708M,2107078,찬성,2021-12-09
21,CFE3998F,2107078,불참,2021-12-09
21,BM63269Y,2107078,불참,2021-12-09
21,XR24352K,2107078,찬성,2021-12-09
21,GOC54665,2107078,찬성,2021-12-09
21,DBA1057Z,2107078,불참,2021-12-09
21,2UD1340H,2107078,찬성,2021-12-09
21,9VR65006,2107078,불참,2021-12-09
21,X7I4680R,2107078,찬성,2021-12-09
21,D0C85236,2107078,불참,2021-12-09
21,T465023H,2107078,찬성,2021-12-09
21,3RW63706,2107078,찬성,2021-12-09
21,8X15119P,2107078,불참,2021-12-09
21,9D939735,2107078,찬성,2021-12-09
21,JC14718Q,2107078,찬성,2021-12-09
21,FDC3144T,2107078,찬성,2021-12-09
21,9LD2641Q,2107078,찬성,2021-12-09
21,FOK3459D,2107078,찬성,2021-12-09
21,LPB30152,2107078,찬성,2021-12-09
21,JNL7001A,2107078,찬성,2021-12-09
21,L7T64271,2107078,찬성,2021-12-09
21,4X525582,2107078,불참,2021-12-09
21,G7512472,2107078,불참,2021-12-09
21,3TO11703,2107078,찬성,2021-12-09
21,S741317G,2107078,불참,2021-12-09
21,CCU1009B,2107078,찬성,2021-12-09
21,MU69217P,2107078,불참,2021-12-09
21,66W6739S,2107078,불참,2021-12-09
21,LM13674V,2107078,찬성,2021-12-09
21,USR7059P,2107078,찬성,2021-12-09
21,4XG1439M,2107078,찬성,2021-12-09
21,P2N50879,2107078,찬성,2021-12-09
21,A0P4646G,2107078,찬성,2021-12-09
21,A2V51235,2107078,찬성,2021-12-09
21,7I09543O,2107078,찬성,2021-12-09
21,1X376850,2107078,찬성,2021-12-09
21,3DK8989T,2107078,찬성,2021-12-09
21,7469929V,2107078,불참,2021-12-09
21,D4L60530,2107078,찬성,2021-12-09
21,M6H1705E,2107078,찬성,2021-12-09
21,OFE45081,2107078,불참,2021-12-09
21,09I2323E,2107078,불참,2021-12-09
21,NTT8182Q,2107078,찬성,2021-12-09
21,A3H7195R,2107078,찬성,2021-12-09
21,ZYH1940A,2107078,찬성,2021-12-09
21,0VU8517U,2107078,불참,2021-12-09
21,M0A1658U,2107078,찬성,2021-12-09
21,HSW1214Q,2107078,찬성,2021-12-09
21,NZF1659U,2107078,불참,2021-12-09
21,WDS6044S,2107078,불참,2021-12-09
21,KR14136C,2107078,불참,2021-12-09
21,SRP7336N,2107078,찬성,2021-12-09
21,5765663F,2107078,찬성,2021-12-09
21,ZKU88693,2107078,찬성,2021-12-09
21,5KV96424,2107078,찬성,2021-12-09
21,KNM3215T,2107078,찬성,2021-12-09
21,M7T9712V,2107078,찬성,2021-12-09
21,60490713,2107078,찬성,2021-12-09
21,UM51067K,2107078,찬성,2021-12-09
21,1WE5693J,2107078,불참,2021-12-09
21,X3170462,2107078,불참,2021-12-09
21,MY318392,2107078,찬성,2021-12-09
21,8FB1535Y,2107078,찬성,2021-12-09
21,4T026790,2107078,찬성,2021-12-09
21,WFU14784,2107078,불참,2021-12-09
21,SU53086M,2107078,불참,2021-12-09
21,0WL9321T,2107078,불참,2021-12-09
21,PZA4062H,2107078,찬성,2021-12-09
21,MR210505,2107078,불참,2021-12-09
21,GF286398,2107078,찬성,2021-12-09
21,8348421R,2107078,불참,2021-12-09
21,H5476989,2107078,찬성,2021-12-09
21,40E3739H,2107078,찬성,2021-12-09
21,HXT76735,2107078,찬성,2021-12-09
21,0R68099X,2107078,찬성,2021-12-09
21,2385336L,2107078,찬성,2021-12-09
21,IN328264,2107078,찬성,2021-12-09
21,XBT9550Q,2107078,찬성,2021-12-09
21,ZA54991S,2107078,찬성,2021-12-09
21,MO52543L,2107078,찬성,2021-12-09
21,0827740Q,2107078,찬성,2021-12-09
21,0W194007,2107078,찬성,2021-12-09
21,X1K3667J,2107078,불참,2021-12-09
21,WMG57662,2107078,불참,2021-12-09
21,NCP9875N,2107078,찬성,2021-12-09
21,I5I2468R,2107078,찬성,2021-12-09
21,WTR5885Y,2107078,불참,2021-12-09
21,3425169D,2107078,찬성,2021-12-09
21,ICH23251,2107078,찬성,2021-12-09
21,25I8709Q,2107078,찬성,2021-12-09
21,OIA3741M,2107078,찬성,2021-12-09
21,6MO8786S,2107078,불참,2021-12-09
21,XWX1513T,2107078,불참,2021-12-09
21,NQR1206Q,2107078,불참,2021-12-09
21,NAL4555X,2107078,불참,2021-12-09
21,OW53107J,2107078,찬성,2021-12-09
21,PEP6922S,2107078,찬성,2021-12-09
21,DAN6731C,2107078,불참,2021-12-09
21,L2I9861C,2107078,불참,2021-12-09
21,WCD5518S,2107078,불참,2021-12-09
21,SVH3899R,2107078,불참,2021-12-09
21,IOW8224X,2107078,찬성,2021-12-09
21,9JF4562W,2107078,찬성,2021-12-09
21,Y7K5946R,2107078,불참,2021-12-09
21,Z7Y7827F,2107078,찬성,2021-12-09
21,ATB59635,2107078,찬성,2021-12-09
21,SBK1544B,2107078,불참,2021-12-09
21,D6U6678O,2107078,찬성,2021-12-09
21,S9U45255,2107078,불참,2021-12-09
21,8SV6917G,2107078,불참,2021-12-09
21,8FC9697X,2107078,찬성,2021-12-09
21,QKO6165V,2107078,찬성,2021-12-09
21,GD131760,2107078,불참,2021-12-09
21,ZRF3039U,2107078,불참,2021-12-09
21,68P7228G,2107078,찬성,2021-12-09
21,P0F1530P,2107078,불참,2021-12-09
21,XPP2564T,2107078,불참,2021-12-09
21,LQW3652K,2107078,찬성,2021-12-09
21,PFG2137X,2107078,찬성,2021-12-09
21,GAV6441G,2107078,찬성,2021-12-09
21,0YT3774N,2107078,찬성,2021-12-09
21,7JC3239L,2107078,찬성,2021-12-09
21,40S1959J,2107078,찬성,2021-12-09
21,IL74008M,2107078,찬성,2021-12-09
21,8KF7223D,2107078,찬성,2021-12-09
21,8P37634C,2107078,찬성,2021-12-09
21,N4R2421C,2107078,불참,2021-12-09
21,3C23171A,2107078,불참,2021-12-09
21,GDG1847Z,2107078,불참,2021-12-09
21,P2N4585G,2107078,찬성,2021-12-09
21,TVF3669B,2107078,찬성,2021-12-09
21,JMY9959W,2107078,찬성,2021-12-09
21,7R156073,2107078,불참,2021-12-09
21,6AR6743G,2107078,찬성,2021-12-09
21,VCP96419,2107078,찬성,2021-12-09
21,8VJ8533R,2107078,불참,2021-12-09
21,B7D7534L,2107078,찬성,2021-12-09
21,GX22581L,2107078,찬성,2021-12-09
21,SE233396,2107078,찬성,2021-12-09
21,AFH96856,2107078,찬성,2021-12-09
21,52P3934K,2107078,불참,2021-12-09
21,B7H6207C,2107078,찬성,2021-12-09
21,6399076T,2107078,찬성,2021-12-09
21,WHV3448W,2107078,찬성,2021-12-09
21,1Y73132H,2107078,찬성,2021-12-09
21,LH97552Q,2107078,찬성,2021-12-09
21,TKJ4800F,2107078,찬성,2021-12-09
21,O6D8329R,2107078,찬성,2021-12-09
21,04T3751T,2107078,불참,2021-12-09
21,MSY7784L,2107078,불참,2021-12-09
21,EVH1507C,2107078,찬성,2021-12-09
21,K5F2023J,2107078,불참,2021-12-09
21,14M56632,2107078,불참,2021-12-09
21,5MD4184K,2107078,찬성,2021-12-09
21,5K93695T,2107078,찬성,2021-12-09
21,DPZ7685X,2107078,찬성,2021-12-09
21,6U243644,2107078,찬성,2021-12-09
21,UHB5553T,2107078,찬성,2021-12-09
21,A494529E,2107078,불참,2021-12-09
21,CAA7713A,2107078,불참,2021-12-09
21,0PK7354M,2107078,찬성,2021-12-09
21,O0I2045I,2107078,불참,2021-12-09
21,CZB4125D,2107078,불참,2021-12-09
21,Z6R3959C,2107078,불참,2021-12-09
21,QUM8288K,2107078,불참,2021-12-09
21,UGH6481E,2107078,찬성,2021-12-09
21,S824682L,2107078,찬성,2021-12-09
21,JZY9937U,2107078,찬성,2021-12-09
21,MRK4871S,2107078,불참,2021-12-09
21,YKW37422,2107078,불참,2021-12-09
21,2NV6751W,2107078,찬성,2021-12-09
21,M7O7878U,2107078,찬성,2021-12-09
21,YLS4431M,2107078,불참,2021-12-09
21,MNZ4401T,2107078,찬성,2021-12-09
21,3ZR4438W,2107078,불참,2021-12-09
21,HSS7466Y,2107078,찬성,2021-12-09
21,16D7652C,2107078,찬성,2021-12-09
21,KB04377U,2107078,찬성,2021-12-09
21,FU53642G,2107078,찬성,2021-12-09
21,MLH1404S,2107078,불참,2021-12-09
21,8VY63414,2107078,찬성,2021-12-09
21,QQP4727N,2107078,찬성,2021-12-09
21,JEZ3130Q,2107078,불참,2021-12-09
21,BCQ55105,2107078,불참,2021-12-09
21,9L57027L,2107078,불참,2021-12-09
21,5UN9725L,2107078,불참,2021-12-09
21,LJK4960Z,2107078,찬성,2021-12-09
21,K3W33496,2107078,찬성,2021-12-09
21,M2Q9024I,2107078,불참,2021-12-09
21,CI15627C,2107078,불참,2021-12-09
21,21N57758,2107078,찬성,2021-12-09
21,C7E79345,2107078,불참,2021-12-09
21,4019850M,2107078,찬성,2021-12-09
21,UQ282145,2107078,불참,2021-12-09
21,9YO73104,2107078,불참,2021-12-09
21,TRE2429O,2107078,불참,2021-12-09
21,E6U4345C,2107078,찬성,2021-12-09
21,7BM2933Y,2107078,불참,2021-12-09
21,CDL93608,2107078,불참,2021-12-09
21,EMC8812P,2107078,찬성,2021-12-09
21,XJC13432,2107078,불참,2021-12-09
21,XSP20229,2107078,찬성,2021-12-09
21,RQQ3807K,2107078,찬성,2021-12-09
21,FH777496,2107078,찬성,2021-12-09
21,FYI20317,2107078,불참,2021-12-09
21,ZYP7962W,2107078,불참,2021-12-09
21,CNW5754J,2107078,불참,2021-12-09
21,3249208I,2107078,찬성,2021-12-09
21,GX38539O,2107078,찬성,2021-12-09
21,8Q88373R,2107078,불참,2021-12-09
21,XEF29171,2107078,찬성,2021-12-09
21,WVU2479T,2107078,불참,2021-12-09
21,QTW6852F,2107078,불참,2021-12-09
21,7XY7109I,2107078,찬성,2021-12-09
21,TST4507I,2107078,찬성,2021-12-09
21,5KV82250,2107078,찬성,2021-12-09
21,L7J93733,2107078,찬성,2021-12-09
21,DAV7257X,2107078,찬성,2021-12-09
21,LT72093S,2107078,찬성,2021-12-09
21,GE71932C,2107078,찬성,2021-12-09
21,6YT83269,2107078,불참,2021-12-09
21,1MU99298,2107078,찬성,2021-12-09
21,17M85910,2107078,찬성,2021-12-09
21,G152611B,2107078,불참,2021-12-09
21,I7R13867,2107078,찬성,2021-12-09
21,SQ36001H,2107078,불참,2021-12-09
21,G1570880,2107078,찬성,2021-12-09
21,QUO78839,2107078,찬성,2021-12-09
21,BT62420K,2107078,찬성,2021-12-09
21,MD083627,2107078,찬성,2021-12-09
21,TZP9391O,2107078,찬성,2021-12-09
21,OSV9142K,2107078,불참,2021-12-09
21,B7R2742J,2107078,찬성,2021-12-09
21,FJK3396E,2107078,불참,2021-12-09
21,ZDP5704Q,2107078,찬성,2021-12-09
21,71J2365L,2107078,불참,2021-12-09
21,7O71647Z,2107078,불참,2021-12-09
21,W1Q6753M,2107078,찬성,2021-12-09
21,E1J8836Y,2107078,불참,2021-12-09
21,RD42006Y,2107078,불참,2021-12-09
21,6EN68926,2107078,불참,2021-12-09
21,TJW93720,2107078,찬성,2021-12-09
21,9S151177,2107078,찬성,2021-12-09
21,TZ228122,2107078,찬성,2021-12-09
21,XA42275R,2107078,불참,2021-12-09
21,KB04377U,2123013,불참,2023-06-30
21,FU53642G,2123013,찬성,2023-06-30
21,MLH1404S,2123013,찬성,2023-06-30
21,IUD9392R,2123013,찬성,2023-06-30
21,DBA1057Z,2123013,불참,2023-06-30
21,CI15627C,2123013,불참,2023-06-30
21,UQ282145,2123013,찬성,2023-06-30
21,TRE2429O,2123013,불참,2023-06-30
21,9VR65006,2123013,불참,2023-06-30
21,EMC8812P,2123013,불참,2023-06-30
21,T465023H,2123013,찬성,2023-06-30
21,RQQ3807K,2123013,찬성,2023-06-30
21,ZYP7962W,2123013,불참,2023-06-30
21,CNW5754J,2123013,불참,2023-06-30
21,8Q88373R,2123013,찬성,2023-06-30
21,7XY7109I,2123013,불참,2023-06-30
21,JC14718Q,2123013,찬성,2023-06-30
21,LT72093S,2123013,찬성,2023-06-30
21,FDC3144T,2123013,불참,2023-06-30
21,MD083627,2123013,찬성,2023-06-30
21,OSV9142K,2123013,불참,2023-06-30
21,71J2365L,2123013,불참,2023-06-30
21,7O71647Z,2123013,찬성,2023-06-30
21,E1J8836Y,2123013,불참,2023-06-30
21,TJW93720,2123013,찬성,2023-06-30
21,9S151177,2123013,찬성,2023-06-30
21,DWK26447,2123013,불참,2023-06-30
21,S741317G,2123013,불참,2023-06-30
21,66W6739S,2123013,불참,2023-06-30
21,QD25323M,2123013,불참,2023-06-30
21,DAY6557K,2123013,불참,2023-06-30
21,USR7059P,2123013,불참,2023-06-30
21,P2N50879,2123013,찬성,2023-06-30
21,A0P4646G,2123013,불참,2023-06-30
21,A2V51235,2123013,불참,2023-06-30
21,7I09543O,2123013,찬성,2023-06-30
21,7469929V,2123013,불참,2023-06-30
21,OFE45081,2123013,불참,2023-06-30
21,SRP7336N,2123013,불참,2023-06-30
21,ZKU88693,2123013,찬성,2023-06-30
21,M7T9712V,2123013,불참,2023-06-30
21,60490713,2123013,찬성,2023-06-30
21,HKJ99607,2123013,찬성,2023-06-30
21,1WE5693J,2123013,찬성,2023-06-30
21,MY318392,2123013,찬성,2023-06-30
21,8FB1535Y,2123013,찬성,2023-06-30
21,SU53086M,2123013,찬성,2023-06-30
21,GF286398,2123013,찬성,2023-06-30
21,RPN2293B,2123013,찬성,2023-06-30
21,MQU41854,2123013,불참,2023-06-30
21,ZA54991S,2123013,찬성,2023-06-30
21,0827740Q,2123013,불참,2023-06-30
21,0W194007,2123013,찬성,2023-06-30
21,NCP9875N,2123013,찬성,2023-06-30
21,I5I2468R,2123013,찬성,2023-06-30
21,3425169D,2123013,찬성,2023-06-30
21,XWX1513T,2123013,찬성,2023-06-30
21,CT85313K,2123013,불참,2023-06-30
21,BLC8630L,2123013,찬성,2023-06-30
21,NQR1206Q,2123013,불참,2023-06-30
21,SVH3899R,2123013,불참,2023-06-30
21,KUO3574J,2123013,찬성,2023-06-30
21,D6U6678O,2123013,찬성,2023-06-30
21,FU87526G,2123013,불참,2023-06-30
21,S9U45255,2123013,불참,2023-06-30
21,8FC9697X,2123013,찬성,2023-06-30
21,ZRF3039U,2123013,불참,2023-06-30
21,68P7228G,2123013,찬성,2023-06-30
21,P0F1530P,2123013,불참,2023-06-30
21,LQW3652K,2123013,불참,2023-06-30
21,0YT3774N,2123013,찬성,2023-06-30
21,IL74008M,2123013,찬성,2023-06-30
21,8KF7223D,2123013,찬성,2023-06-30
21,CNZ51556,2123013,불참,2023-06-30
21,N4R2421C,2123013,불참,2023-06-30
21,3C23171A,2123013,찬성,2023-06-30
21,GDG1847Z,2123013,불참,2023-06-30
21,P2N4585G,2123013,찬성,2023-06-30
21,VCP96419,2123013,찬성,2023-06-30
21,6AU2417B,2123013,찬성,2023-06-30
21,8VJ8533R,2123013,불참,2023-06-30
21,B7D7534L,2123013,찬성,2023-06-30
21,52P3934K,2123013,불참,2023-06-30
21,6399076T,2123013,찬성,2023-06-30
21,WHV3448W,2123013,찬성,2023-06-30
21,04T3751T,2123013,찬성,2023-06-30
21,N9X9673B,2123013,찬성,2023-06-30
21,UGH6481E,2123013,찬성,2023-06-30
21,JZY9937U,2123013,찬성,2023-06-30
21,YKW37422,2123013,불참,2023-06-30
21,F5U2979W,2123013,불참,2023-06-30
21,YOG1280B,2123013,불참,2023-06-30
21,FIC9046Z,2123013,찬성,2023-06-30
21,NUB4941Z,2123013,불참,2023-06-30
21,KFM1081G,2123013,불참,2023-06-30
21,NLR6572J,2123013,불참,2023-06-30
21,YTA7297R,2123013,불참,2023-06-30
21,L7T64271,2123013,찬성,2023-06-30
21,4X525582,2123013,불참,2023-06-30
21,GKD32201,2123013,찬성,2023-06-30
21,G7512472,2123013,찬성,2023-06-30
21,3TO11703,2123013,찬성,2023-06-30
21,CCU1009B,2123013,찬성,2023-06-30
21,MU69217P,2123013,불참,2023-06-30
21,2N793392,2123013,찬성,2023-06-30
21,LM13674V,2123013,찬성,2023-06-30
21,JVB6983V,2123013,불참,2023-06-30
21,GP07421U,2123013,찬성,2023-06-30
21,FGI27280,2123013,불참,2023-06-30
21,4XG1439M,2123013,찬성,2023-06-30
21,3DK8989T,2123013,불참,2023-06-30
21,D4L60530,2123013,찬성,2023-06-30
21,M6H1705E,2123013,찬성,2023-06-30
21,09I2323E,2123013,찬성,2023-06-30
21,NTT8182Q,2123013,찬성,2023-06-30
21,A3H7195R,2123013,찬성,2023-06-30
21,ZYH1940A,2123013,찬성,2023-06-30
21,0VU8517U,2123013,찬성,2023-06-30
21,M0A1658U,2123013,찬성,2023-06-30
21,HSW1214Q,2123013,불참,2023-06-30
21,NZF1659U,2123013,불참,2023-06-30
21,WDS6044S,2123013,불참,2023-06-30
21,3BC6890E,2123013,불참,2023-06-30
21,ZDR63255,2123013,찬성,2023-06-30
21,KR14136C,2123013,찬성,2023-06-30
21,5765663F,2123013,찬성,2023-06-30
21,GFF1986K,2123013,찬성,2023-06-30
21,WJL30106,2123013,불참,2023-06-30
21,5KV96424,2123013,찬성,2023-06-30
21,KNM3215T,2123013,찬성,2023-06-30
21,UM51067K,2123013,찬성,2023-06-30
21,X3170462,2123013,불참,2023-06-30
21,4T026790,2123013,찬성,2023-06-30
21,EH27538E,2123013,불참,2023-06-30
21,WFU14784,2123013,불참,2023-06-30
21,0WL9321T,2123013,찬성,2023-06-30
21,PZA4062H,2123013,찬성,2023-06-30
21,MR210505,2123013,불참,2023-06-30
21,8348421R,2123013,불참,2023-06-30
21,H5476989,2123013,찬성,2023-06-30
21,JQA21112,2123013,불참,2023-06-30
21,4L695580,2123013,찬성,2023-06-30
21,40E3739H,2123013,불참,2023-06-30
21,6FS10566,2123013,찬성,2023-06-30
21,HXT76735,2123013,찬성,2023-06-30
21,0R68099X,2123013,찬성,2023-06-30
21,6RM29022,2123013,불참,2023-06-30
21,V429892C,2123013,불참,2023-06-30
21,2385336L,2123013,찬성,2023-06-30
21,IN328264,2123013,찬성,2023-06-30
21,XBT9550Q,2123013,찬성,2023-06-30
21,MO52543L,2123013,찬성,2023-06-30
21,X1K3667J,2123013,찬성,2023-06-30
21,WMG57662,2123013,찬성,2023-06-30
21,WTR5885Y,2123013,찬성,2023-06-30
21,IOW1101J,2123013,불참,2023-06-30
21,ICH23251,2123013,찬성,2023-06-30
21,25I8709Q,2123013,찬성,2023-06-30
21,OIA3741M,2123013,찬성,2023-06-30
21,6MO8786S,2123013,불참,2023-06-30
21,LG63087O,2123013,불참,2023-06-30
21,OW53107J,2123013,찬성,2023-06-30
21,PEP6922S,2123013,찬성,2023-06-30
21,DAN6731C,2123013,불참,2023-06-30
21,VG24001G,2123013,불참,2023-06-30
21,L2I9861C,2123013,불참,2023-06-30
21,WCD5518S,2123013,찬성,2023-06-30
21,IOW8224X,2123013,찬성,2023-06-30
21,9JF4562W,2123013,찬성,2023-06-30
21,Y7K5946R,2123013,불참,2023-06-30
21,Z7Y7827F,2123013,찬성,2023-06-30
21,ATB59635,2123013,찬성,2023-06-30
21,SBK1544B,2123013,불참,2023-06-30
21,8SV6917G,2123013,불참,2023-06-30
21,QKO6165V,2123013,불참,2023-06-30
21,GD131760,2123013,불참,2023-06-30
21,V0O5343U,2123013,불참,2023-06-30
21,XPP2564T,2123013,불참,2023-06-30
21,FRN1867O,2123013,찬성,2023-06-30
21,RO593601,2123013,찬성,2023-06-30
21,PFG2137X,2123013,불참,2023-06-30
21,UB114374,2123013,불참,2023-06-30
21,GAV6441G,2123013,찬성,2023-06-30
21,7JC3239L,2123013,불참,2023-06-30
21,40S1959J,2123013,찬성,2023-06-30
21,8P37634C,2123013,찬성,2023-06-30
21,O7R5461J,2123013,찬성,2023-06-30
21,JMY9959W,2123013,찬성,2023-06-30
21,7R156073,2123013,찬성,2023-06-30
21,6AR6743G,2123013,불참,2023-06-30
21,J2O8643H,2123013,찬성,2023-06-30
21,GX22581L,2123013,불참,2023-06-30
21,SE233396,2123013,찬성,2023-06-30
21,AFH96856,2123013,찬성,2023-06-30
21,B7H6207C,2123013,불참,2023-06-30
21,4U29186R,2123013,찬성,2023-06-30
21,F5Y4026Q,2123013,찬성,2023-06-30
21,6RD62559,2123013,불참,2023-06-30
21,1Y73132H,2123013,불참,2023-06-30
21,I0S53762,2123013,불참,2023-06-30
21,LH97552Q,2123013,불참,2023-06-30
21,TKJ4800F,2123013,찬성,2023-06-30
21,O6D8329R,2123013,찬성,2023-06-30
21,MSY7784L,2123013,불참,2023-06-30
21,EVH1507C,2123013,불참,2023-06-30
21,K5F2023J,2123013,찬성,2023-06-30
21,14M56632,2123013,불참,2023-06-30
21,5MD4184K,2123013,찬성,2023-06-30
21,5K93695T,2123013,불참,2023-06-30
21,DPZ7685X,2123013,불참,2023-06-30
21,6U243644,2123013,불참,2023-06-30
21,E9R4507P,2123013,불참,2023-06-30
21,UHB5553T,2123013,찬성,2023-06-30
21,KFS1358P,2123013,찬성,2023-06-30
21,J9S37905,2123013,불참,2023-06-30
21,A494529E,2123013,찬성,2023-06-30
21,VRY5522V,2123013,찬성,2023-06-30
21,CAA7713A,2123013,불참,2023-06-30
21,0PK7354M,2123013,찬성,2023-06-30
21,O0I2045I,2123013,찬성,2023-06-30
21,CZB4125D,2123013,불참,2023-06-30
21,Z6R3959C,2123013,불참,2023-06-30
21,QUM8288K,2123013,불참,2023-06-30
21,S824682L,2123013,불참,2023-06-30
21,W4X85128,2123013,불참,2023-06-30
21,Q9H5708M,2123013,찬성,2023-06-30
21,MRK4871S,2123013,불참,2023-06-30
21,2NV6751W,2123013,찬성,2023-06-30
21,BM63269Y,2123013,찬성,2023-06-30
21,M7O7878U,2123013,찬성,2023-06-30
21,YLS4431M,2123013,불참,2023-06-30
21,MNZ4401T,2123013,찬성,2023-06-30
21,3ZR4438W,2123013,찬성,2023-06-30
21,HSS7466Y,2123013,찬성,2023-06-30
21,16D7652C,2123013,찬성,2023-06-30
21,8VY63414,2123013,불참,2023-06-30
21,XR24352K,2123013,찬성,2023-06-30
21,QQP4727N,2123013,불참,2023-06-30
21,JEZ3130Q,2123013,불참,2023-06-30
21,BCQ55105,2123013,찬성,2023-06-30
21,9L57027L,2123013,불참,2023-06-30
21,GOC54665,2123013,불참,2023-06-30
21,5UN9725L,2123013,불참,2023-06-30
21,LJK4960Z,2123013,불참,2023-06-30
21,K3W33496,2123013,찬성,2023-06-30
21,M2Q9024I,2123013,찬성,2023-06-30
21,C7E79345,2123013,찬성,2023-06-30
21,4019850M,2123013,찬성,2023-06-30
21,9YO73104,2123013,찬성,2023-06-30
21,E6U4345C,2123013,찬성,2023-06-30
21,7BM2933Y,2123013,찬성,2023-06-30
21,CDL93608,2123013,찬성,2023-06-30
21,2UD1340H,2123013,찬성,2023-06-30
21,X7I4680R,2123013,불참,2023-06-30
21,XJC13432,2123013,불참,2023-06-30
21,XSP20229,2123013,불참,2023-06-30
21,3RW63706,2123013,불참,2023-06-30
21,FH777496,2123013,찬성,2023-06-30
21,FYI20317,2123013,찬성,2023-06-30
21,8X15119P,2123013,불참,2023-06-30
21,3249208I,2123013,찬성,2023-06-30
21,GX38539O,2123013,찬성,2023-06-30
21,XEF29171,2123013,찬성,2023-06-30
21,WVU2479T,2123013,찬성,2023-06-30
21,9D939735,2123013,불참,2023-06-30
21,QTW6852F,2123013,불참,2023-06-30
21,TST4507I,2123013,찬성,2023-06-30
21,5KV82250,2123013,불참,2023-06-30
21,L7J93733,2123013,불참,2023-06-30
21,DAV7257X,2123013,찬성,2023-06-30
21,GE71932C,2123013,찬성,2023-06-30
21,6YT83269,2123013,불참,2023-06-30
21,1MU99298,2123013,찬성,2023-06-30
21,17M85910,2123013,찬성,2023-06-30
21,G152611B,2123013,불참,2023-06-30
21,I7R13867,2123013,찬성,2023-06-30
21,SQ36001H,2123013,찬성,2023-06-30
21,G1570880,2123013,찬성,2023-06-30
21,9LD2641Q,2123013,찬성,2023-06-30
21,FOK3459D,2123013,찬성,2023-06-30
21,QUO78839,2123013,찬성,2023-06-30
21,BT62420K,2123013,찬성,2023-06-30
21,LPB30152,2123013,찬성,2023-06-30
21,TZP9391O,2123013,불참,2023-06-30
21,6V37131U,2123013,찬성,2023-06-30
21,B7R2742J,2123013,찬성,2023-06-30
21,FJK3396E,2123013,찬성,2023-06-30
21,ZDP5704Q,2123013,불참,2023-06-30
21,W1Q6753M,2123013,찬성,2023-06-30
21,RD42006Y,2123013,찬성,2023-06-30
21,6EN68926,2123013,불참,2023-06-30
21,1BX7234U,2123013,찬성,2023-06-30
21,QHL3248U,2123013,찬성,2023-06-30
21,TZ228122,2123013,찬성,2023-06-30
21,9V18755A,2123013,찬성,2023-06-30
21,XA42275R,2123013,찬성,2023-06-30
21,PO64874I,2123013,불참,2023-06-30
21,LBC8144B,2123013,불참,2023-06-30
21,VHK3402G,2123013,불참,2023-06-30
21,F5U2979W,2117944,찬성,2022-10-27
21,YOG1280B,2117944,찬성,2022-10-27
21,FIC9046Z,2117944,불참,2022-10-27
21,DWK26447,2117944,찬성,2022-10-27
21,NUB4941Z,2117944,찬성,2022-10-27
21,KFM1081G,2117944,찬성,2022-10-27
21,NLR6572J,2117944,찬성,2022-10-27
21,YTA7297R,2117944,찬성,2022-10-27
21,JNL7001A,2117944,불참,2022-10-27
21,L7T64271,2117944,찬성,2022-10-27
21,GKD32201,2117944,불참,2022-10-27
21,G7512472,2117944,찬성,2022-10-27
21,3TO11703,2117944,찬성,2022-10-27
21,CCU1009B,2117944,찬성,2022-10-27
21,MU69217P,2117944,기권,2022-10-27
21,66W6739S,2117944,찬성,2022-10-27
21,LM13674V,2117944,찬성,2022-10-27
21,QD25323M,2117944,찬성,2022-10-27
21,JVB6983V,2117944,찬성,2022-10-27
21,DAY6557K,2117944,찬성,2022-10-27
21,GP07421U,2117944,찬성,2022-10-27
21,FGI27280,2117944,불참,2022-10-27
21,USR7059P,2117944,찬성,2022-10-27
21,4XG1439M,2117944,불참,2022-10-27
21,P2N50879,2117944,찬성,2022-10-27
21,A0P4646G,2117944,찬성,2022-10-27
21,A2V51235,2117944,찬성,2022-10-27
21,7I09543O,2117944,찬성,2022-10-27
21,3DK8989T,2117944,찬성,2022-10-27
21,7469929V,2117944,찬성,2022-10-27
21,D4L60530,2117944,찬성,2022-10-27
21,M6H1705E,2117944,찬성,2022-10-27
21,OFE45081,2117944,찬성,2022-10-27
21,09I2323E,2117944,찬성,2022-10-27
21,NTT8182Q,2117944,찬성,2022-10-27
21,ZYH1940A,2117944,찬성,2022-10-27
21,0VU8517U,2117944,찬성,2022-10-27
21,M0A1658U,2117944,찬성,2022-10-27
21,HSW1214Q,2117944,불참,2022-10-27
21,WDS6044S,2117944,찬성,2022-10-27
21,3BC6890E,2117944,불참,2022-10-27
21,ZDR63255,2117944,찬성,2022-10-27
21,KR14136C,2117944,찬성,2022-10-27
21,SRP7336N,2117944,불참,2022-10-27
21,GFF1986K,2117944,찬성,2022-10-27
21,ZKU88693,2117944,찬성,2022-10-27
21,WJL30106,2117944,불참,2022-10-27
21,5KV96424,2117944,불참,2022-10-27
21,KNM3215T,2117944,찬성,2022-10-27
21,M7T9712V,2117944,찬성,2022-10-27
21,60490713,2117944,찬성,2022-10-27
21,UM51067K,2117944,찬성,2022-10-27
21,HKJ99607,2117944,찬성,2022-10-27
21,1WE5693J,2117944,불참,2022-10-27
21,X3170462,2117944,불참,2022-10-27
21,8FB1535Y,2117944,불참,2022-10-27
21,4T026790,2117944,찬성,2022-10-27
21,EH27538E,2117944,찬성,2022-10-27
21,WFU14784,2117944,찬성,2022-10-27
21,SU53086M,2117944,찬성,2022-10-27
21,0WL9321T,2117944,찬성,2022-10-27
21,PZA4062H,2117944,불참,2022-10-27
21,MR210505,2117944,찬성,2022-10-27
21,GF286398,2117944,찬성,2022-10-27
21,8348421R,2117944,찬성,2022-10-27
21,H5476989,2117944,찬성,2022-10-27
21,JQA21112,2117944,찬성,2022-10-27
21,4L695580,2117944,찬성,2022-10-27
21,40E3739H,2117944,불참,2022-10-27
21,HXT76735,2117944,불참,2022-10-27
21,RPN2293B,2117944,찬성,2022-10-27
21,0R68099X,2117944,찬성,2022-10-27
21,6RM29022,2117944,찬성,2022-10-27
21,MQU41854,2117944,찬성,2022-10-27
21,V429892C,2117944,불참,2022-10-27
21,2385336L,2117944,찬성,2022-10-27
21,IN328264,2117944,찬성,2022-10-27
21,XBT9550Q,2117944,불참,2022-10-27
21,ZA54991S,2117944,찬성,2022-10-27
21,MO52543L,2117944,찬성,2022-10-27
21,0827740Q,2117944,찬성,2022-10-27
21,0W194007,2117944,불참,2022-10-27
21,X1K3667J,2117944,찬성,2022-10-27
21,WMG57662,2117944,찬성,2022-10-27
21,NCP9875N,2117944,찬성,2022-10-27
21,I5I2468R,2117944,찬성,2022-10-27
21,WTR5885Y,2117944,찬성,2022-10-27
21,3425169D,2117944,찬성,2022-10-27
21,IOW1101J,2117944,불참,2022-10-27
21,ICH23251,2117944,찬성,2022-10-27
21,25I8709Q,2117944,찬성,2022-10-27
21,OIA3741M,2117944,찬성,2022-10-27
21,XWX1513T,2117944,찬성,2022-10-27
21,CT85313K,2117944,불참,2022-10-27
21,BLC8630L,2117944,찬성,2022-10-27
21,NQR1206Q,2117944,찬성,2022-10-27
21,LG63087O,2117944,불참,2022-10-27
21,PEP6922S,2117944,찬성,2022-10-27
21,DAN6731C,2117944,불참,2022-10-27
21,VG24001G,2117944,찬성,2022-10-27
21,L2I9861C,2117944,찬성,2022-10-27
21,WCD5518S,2117944,찬성,2022-10-27
21,SVH3899R,2117944,찬성,2022-10-27
21,9JF4562W,2117944,찬성,2022-10-27
21,Y7K5946R,2117944,찬성,2022-10-27
21,ATB59635,2117944,찬성,2022-10-27
21,SBK1544B,2117944,불참,2022-10-27
21,KUO3574J,2117944,불참,2022-10-27
21,D6U6678O,2117944,찬성,2022-10-27
21,FU87526G,2117944,찬성,2022-10-27
21,S9U45255,2117944,찬성,2022-10-27
21,8SV6917G,2117944,찬성,2022-10-27
21,8FC9697X,2117944,찬성,2022-10-27
21,QKO6165V,2117944,불참,2022-10-27
21,ZRF3039U,2117944,찬성,2022-10-27
21,V0O5343U,2117944,찬성,2022-10-27
21,68P7228G,2117944,찬성,2022-10-27
21,P0F1530P,2117944,불참,2022-10-27
21,XPP2564T,2117944,찬성,2022-10-27
21,FRN1867O,2117944,찬성,2022-10-27
21,LQW3652K,2117944,찬성,2022-10-27
21,RO593601,2117944,찬성,2022-10-27
21,PFG2137X,2117944,찬성,2022-10-27
21,UB114374,2117944,찬성,2022-10-27
21,GAV6441G,2117944,불참,2022-10-27
21,0YT3774N,2117944,찬성,2022-10-27
21,40S1959J,2117944,찬성,2022-10-27
21,IL74008M,2117944,찬성,2022-10-27
21,8KF7223D,2117944,찬성,2022-10-27
21,CNZ51556,2117944,찬성,2022-10-27
21,N4R2421C,2117944,찬성,2022-10-27
21,3C23171A,2117944,찬성,2022-10-27
21,GDG1847Z,2117944,찬성,2022-10-27
21,P2N4585G,2117944,찬성,2022-10-27
21,JMY9959W,2117944,찬성,2022-10-27
21,7R156073,2117944,찬성,2022-10-27
21,J2O8643H,2117944,찬성,2022-10-27
21,VCP96419,2117944,찬성,2022-10-27
21,6AU2417B,2117944,불참,2022-10-27
21,8VJ8533R,2117944,찬성,2022-10-27
21,B7D7534L,2117944,찬성,2022-10-27
21,GX22581L,2117944,찬성,2022-10-27
21,SE233396,2117944,찬성,2022-10-27
21,AFH96856,2117944,찬성,2022-10-27
21,52P3934K,2117944,찬성,2022-10-27
21,B7H6207C,2117944,불참,2022-10-27
21,6399076T,2117944,찬성,2022-10-27
21,4U29186R,2117944,찬성,2022-10-27
21,F5Y4026Q,2117944,찬성,2022-10-27
21,WHV3448W,2117944,불참,2022-10-27
21,6RD62559,2117944,찬성,2022-10-27
21,1Y73132H,2117944,찬성,2022-10-27
21,I0S53762,2117944,불참,2022-10-27
21,TKJ4800F,2117944,찬성,2022-10-27
21,O6D8329R,2117944,찬성,2022-10-27
21,04T3751T,2117944,찬성,2022-10-27
21,MSY7784L,2117944,불참,2022-10-27
21,EVH1507C,2117944,찬성,2022-10-27
21,K5F2023J,2117944,찬성,2022-10-27
21,14M56632,2117944,불참,2022-10-27
21,N9X9673B,2117944,찬성,2022-10-27
21,5MD4184K,2117944,불참,2022-10-27
21,5K93695T,2117944,찬성,2022-10-27
21,6U243644,2117944,찬성,2022-10-27
21,E9R4507P,2117944,찬성,2022-10-27
21,UHB5553T,2117944,찬성,2022-10-27
21,KFS1358P,2117944,찬성,2022-10-27
21,J9S37905,2117944,찬성,2022-10-27
21,A494529E,2117944,찬성,2022-10-27
21,VRY5522V,2117944,찬성,2022-10-27
21,CAA7713A,2117944,찬성,2022-10-27
21,0PK7354M,2117944,찬성,2022-10-27
21,O0I2045I,2117944,찬성,2022-10-27
21,CZB4125D,2117944,찬성,2022-10-27
21,Z6R3959C,2117944,불참,2022-10-27
21,QUM8288K,2117944,찬성,2022-10-27
21,UGH6481E,2117944,찬성,2022-10-27
21,S824682L,2117944,찬성,2022-10-27
21,W4X85128,2117944,불참,2022-10-27
21,Q9H5708M,2117944,찬성,2022-10-27
21,JZY9937U,2117944,찬성,2022-10-27
21,MRK4871S,2117944,찬성,2022-10-27
21,YKW37422,2117944,불참,2022-10-27
21,2NV6751W,2117944,찬성,2022-10-27
21,BM63269Y,2117944,불참,2022-10-27
21,M7O7878U,2117944,찬성,2022-10-27
21,YLS4431M,2117944,기권,2022-10-27
21,MNZ4401T,2117944,찬성,2022-10-27
21,3ZR4438W,2117944,찬성,2022-10-27
21,HSS7466Y,2117944,찬성,2022-10-27
21,KB04377U,2117944,불참,2022-10-27
21,FU53642G,2117944,불참,2022-10-27
21,MLH1404S,2117944,찬성,2022-10-27
21,8VY63414,2117944,불참,2022-10-27
21,XR24352K,2117944,찬성,2022-10-27
21,QQP4727N,2117944,불참,2022-10-27
21,JEZ3130Q,2117944,찬성,2022-10-27
21,BCQ55105,2117944,기권,2022-10-27
21,9L57027L,2117944,기권,2022-10-27
21,GOC54665,2117944,찬성,2022-10-27
21,5UN9725L,2117944,불참,2022-10-27
21,LJK4960Z,2117944,찬성,2022-10-27
21,IUD9392R,2117944,찬성,2022-10-27
21,K3W33496,2117944,불참,2022-10-27
21,M2Q9024I,2117944,찬성,2022-10-27
21,DBA1057Z,2117944,찬성,2022-10-27
21,CI15627C,2117944,불참,2022-10-27
21,C7E79345,2117944,찬성,2022-10-27
21,4019850M,2117944,찬성,2022-10-27
21,UQ282145,2117944,불참,2022-10-27
21,9YO73104,2117944,찬성,2022-10-27
21,TRE2429O,2117944,찬성,2022-10-27
21,E6U4345C,2117944,찬성,2022-10-27
21,7BM2933Y,2117944,찬성,2022-10-27
21,CDL93608,2117944,찬성,2022-10-27
21,2UD1340H,2117944,찬성,2022-10-27
21,9VR65006,2117944,찬성,2022-10-27
21,X7I4680R,2117944,찬성,2022-10-27
21,EMC8812P,2117944,찬성,2022-10-27
21,XJC13432,2117944,불참,2022-10-27
21,XSP20229,2117944,찬성,2022-10-27
21,T465023H,2117944,찬성,2022-10-27
21,3RW63706,2117944,찬성,2022-10-27
21,RQQ3807K,2117944,찬성,2022-10-27
21,FH777496,2117944,찬성,2022-10-27
21,FYI20317,2117944,찬성,2022-10-27
21,8X15119P,2117944,불참,2022-10-27
21,ZYP7962W,2117944,불참,2022-10-27
21,CNW5754J,2117944,찬성,2022-10-27
21,3249208I,2117944,찬성,2022-10-27
21,GX38539O,2117944,찬성,2022-10-27
21,8Q88373R,2117944,찬성,2022-10-27
21,XEF29171,2117944,찬성,2022-10-27
21,WVU2479T,2117944,찬성,2022-10-27
21,9D939735,2117944,찬성,2022-10-27
21,QTW6852F,2117944,찬성,2022-10-27
21,7XY7109I,2117944,찬성,2022-10-27
21,TST4507I,2117944,찬성,2022-10-27
21,JC14718Q,2117944,찬성,2022-10-27
21,5KV82250,2117944,찬성,2022-10-27
21,L7J93733,2117944,찬성,2022-10-27
21,DAV7257X,2117944,찬성,2022-10-27
21,GE71932C,2117944,찬성,2022-10-27
21,6YT83269,2117944,찬성,2022-10-27
21,1MU99298,2117944,찬성,2022-10-27
21,FDC3144T,2117944,찬성,2022-10-27
21,G152611B,2117944,불참,2022-10-27
21,I7R13867,2117944,찬성,2022-10-27
21,SQ36001H,2117944,불참,2022-10-27
21,G1570880,2117944,불참,2022-10-27
21,FOK3459D,2117944,찬성,2022-10-27
21,QUO78839,2117944,찬성,2022-10-27
21,LPB30152,2117944,불참,2022-10-27
21,MD083627,2117944,찬성,2022-10-27
21,TZP9391O,2117944,불참,2022-10-27
21,6V37131U,2117944,찬성,2022-10-27
21,OSV9142K,2117944,찬성,2022-10-27
21,B7R2742J,2117944,찬성,2022-10-27
21,FJK3396E,2117944,찬성,2022-10-27
21,ZDP5704Q,2117944,불참,2022-10-27
21,71J2365L,2117944,찬성,2022-10-27
21,7O71647Z,2117944,불참,2022-10-27
21,W1Q6753M,2117944,찬성,2022-10-27
21,E1J8836Y,2117944,불참,2022-10-27
21,RD42006Y,2117944,불참,2022-10-27
21,6EN68926,2117944,찬성,2022-10-27
21,QHL3248U,2117944,찬성,2022-10-27
21,TJW93720,2117944,찬성,2022-10-27
21,9S151177,2117944,찬성,2022-10-27
21,TZ228122,2117944,찬성,2022-10-27
21,9V18755A,2117944,찬성,2022-10-27
21,XA42275R,2117944,찬성,2022-10-27
21,PO64874I,2117944,찬성,2022-10-27
21,LBC8144B,2117944,찬성,2022-10-27
21,VHK3402G,2117944,불참,2022-10-27
21,4X525582,2117944,찬성,2022-10-27
21,1BX7234U,2117944,찬성,2022-10-27
21,2N793392,2117944,찬성,2022-10-27
21,A3H7195R,2117944,불참,2022-10-27
21,NZF1659U,2117944,찬성,2022-10-27
21,5765663F,2117944,찬성,2022-10-27
21,MY318392,2117944,찬성,2022-10-27
21,6MO8786S,2117944,불참,2022-10-27
21,OW53107J,2117944,찬성,2022-10-27
21,IOW8224X,2117944,찬성,2022-10-27
21,Z7Y7827F,2117944,찬성,2022-10-27
21,GD131760,2117944,불참,2022-10-27
21,7JC3239L,2117944,불참,2022-10-27
21,8P37634C,2117944,찬성,2022-10-27
21,O7R5461J,2117944,찬성,2022-10-27
21,6AR6743G,2117944,찬성,2022-10-27
21,LH97552Q,2117944,찬성,2022-10-27
21,DPZ7685X,2117944,찬성,2022-10-27
21,16D7652C,2117944,찬성,2022-10-27
21,LT72093S,2117944,찬성,2022-10-27
21,17M85910,2117944,찬성,2022-10-27
21,9LD2641Q,2117944,찬성,2022-10-27
21,BT62420K,2117944,찬성,2022-10-27
21,S741317G,2117944,찬성,2022-10-27
21,F5U2979W,2117949,찬성,2022-10-27
21,YOG1280B,2117949,불참,2022-10-27
21,DWK26447,2117949,찬성,2022-10-27
21,NUB4941Z,2117949,찬성,2022-10-27
21,NLR6572J,2117949,찬성,2022-10-27
21,YTA7297R,2117949,찬성,2022-10-27
21,JNL7001A,2117949,찬성,2022-10-27
21,L7T64271,2117949,찬성,2022-10-27
21,GKD32201,2117949,불참,2022-10-27
21,G7512472,2117949,찬성,2022-10-27
21,3TO11703,2117949,찬성,2022-10-27
21,CCU1009B,2117949,찬성,2022-10-27
21,MU69217P,2117949,찬성,2022-10-27
21,66W6739S,2117949,찬성,2022-10-27
21,LM13674V,2117949,찬성,2022-10-27
21,QD25323M,2117949,불참,2022-10-27
21,JVB6983V,2117949,찬성,2022-10-27
21,DAY6557K,2117949,찬성,2022-10-27
21,GP07421U,2117949,찬성,2022-10-27
21,FGI27280,2117949,불참,2022-10-27
21,4XG1439M,2117949,불참,2022-10-27
21,P2N50879,2117949,찬성,2022-10-27
21,A0P4646G,2117949,불참,2022-10-27
21,A2V51235,2117949,찬성,2022-10-27
21,7I09543O,2117949,찬성,2022-10-27
21,3DK8989T,2117949,찬성,2022-10-27
21,7469929V,2117949,찬성,2022-10-27
21,D4L60530,2117949,찬성,2022-10-27
21,M6H1705E,2117949,불참,2022-10-27
21,OFE45081,2117949,찬성,2022-10-27
21,09I2323E,2117949,찬성,2022-10-27
21,NTT8182Q,2117949,찬성,2022-10-27
21,ZYH1940A,2117949,찬성,2022-10-27
21,0VU8517U,2117949,불참,2022-10-27
21,M0A1658U,2117949,찬성,2022-10-27
21,WDS6044S,2117949,찬성,2022-10-27
21,3BC6890E,2117949,찬성,2022-10-27
21,ZDR63255,2117949,찬성,2022-10-27
21,KR14136C,2117949,찬성,2022-10-27
21,SRP7336N,2117949,찬성,2022-10-27
21,GFF1986K,2117949,찬성,2022-10-27
21,ZKU88693,2117949,찬성,2022-10-27
21,5KV96424,2117949,불참,2022-10-27
21,60490713,2117949,찬성,2022-10-27
21,UM51067K,2117949,찬성,2022-10-27
21,HKJ99607,2117949,찬성,2022-10-27
21,1WE5693J,2117949,불참,2022-10-27
21,X3170462,2117949,찬성,2022-10-27
21,8FB1535Y,2117949,불참,2022-10-27
21,4T026790,2117949,찬성,2022-10-27
21,WFU14784,2117949,찬성,2022-10-27
21,SU53086M,2117949,찬성,2022-10-27
21,PZA4062H,2117949,불참,2022-10-27
21,MR210505,2117949,불참,2022-10-27
21,GF286398,2117949,찬성,2022-10-27
21,8348421R,2117949,찬성,2022-10-27
21,H5476989,2117949,찬성,2022-10-27
21,JQA21112,2117949,찬성,2022-10-27
21,4L695580,2117949,찬성,2022-10-27
21,40E3739H,2117949,불참,2022-10-27
21,HXT76735,2117949,찬성,2022-10-27
21,RPN2293B,2117949,불참,2022-10-27
21,0R68099X,2117949,찬성,2022-10-27
21,6RM29022,2117949,찬성,2022-10-27
21,MQU41854,2117949,불참,2022-10-27
21,V429892C,2117949,찬성,2022-10-27
21,2385336L,2117949,찬성,2022-10-27
21,IN328264,2117949,불참,2022-10-27
21,XBT9550Q,2117949,불참,2022-10-27
21,ZA54991S,2117949,찬성,2022-10-27
21,0827740Q,2117949,찬성,2022-10-27
21,0W194007,2117949,불참,2022-10-27
21,X1K3667J,2117949,찬성,2022-10-27
21,WMG57662,2117949,찬성,2022-10-27
21,NCP9875N,2117949,찬성,2022-10-27
21,I5I2468R,2117949,찬성,2022-10-27
21,WTR5885Y,2117949,찬성,2022-10-27
21,3425169D,2117949,찬성,2022-10-27
21,IOW1101J,2117949,불참,2022-10-27
21,ICH23251,2117949,찬성,2022-10-27
21,25I8709Q,2117949,찬성,2022-10-27
21,OIA3741M,2117949,찬성,2022-10-27
21,XWX1513T,2117949,불참,2022-10-27
21,CT85313K,2117949,불참,2022-10-27
21,BLC8630L,2117949,찬성,2022-10-27
21,NQR1206Q,2117949,찬성,2022-10-27
21,LG63087O,2117949,불참,2022-10-27
21,PEP6922S,2117949,찬성,2022-10-27
21,DAN6731C,2117949,불참,2022-10-27
21,VG24001G,2117949,찬성,2022-10-27
21,L2I9861C,2117949,불참,2022-10-27
21,WCD5518S,2117949,찬성,2022-10-27
21,SVH3899R,2117949,찬성,2022-10-27
21,9JF4562W,2117949,찬성,2022-10-27
21,Y7K5946R,2117949,찬성,2022-10-27
21,ATB59635,2117949,찬성,2022-10-27
21,SBK1544B,2117949,불참,2022-10-27
21,KUO3574J,2117949,불참,2022-10-27
21,D6U6678O,2117949,찬성,2022-10-27
21,FU87526G,2117949,찬성,2022-10-27
21,S9U45255,2117949,찬성,2022-10-27
21,8SV6917G,2117949,찬성,2022-10-27
21,QKO6165V,2117949,불참,2022-10-27
21,ZRF3039U,2117949,찬성,2022-10-27
21,V0O5343U,2117949,찬성,2022-10-27
21,68P7228G,2117949,찬성,2022-10-27
21,P0F1530P,2117949,불참,2022-10-27
21,FRN1867O,2117949,찬성,2022-10-27
21,LQW3652K,2117949,찬성,2022-10-27
21,PFG2137X,2117949,찬성,2022-10-27
21,UB114374,2117949,찬성,2022-10-27
21,GAV6441G,2117949,불참,2022-10-27
21,0YT3774N,2117949,찬성,2022-10-27
21,40S1959J,2117949,찬성,2022-10-27
21,IL74008M,2117949,찬성,2022-10-27
21,8KF7223D,2117949,기권,2022-10-27
21,CNZ51556,2117949,찬성,2022-10-27
21,N4R2421C,2117949,찬성,2022-10-27
21,3C23171A,2117949,찬성,2022-10-27
21,GDG1847Z,2117949,찬성,2022-10-27
21,P2N4585G,2117949,찬성,2022-10-27
21,JMY9959W,2117949,찬성,2022-10-27
21,7R156073,2117949,찬성,2022-10-27
21,J2O8643H,2117949,찬성,2022-10-27
21,VCP96419,2117949,찬성,2022-10-27
21,6AU2417B,2117949,불참,2022-10-27
21,8VJ8533R,2117949,찬성,2022-10-27
21,GX22581L,2117949,불참,2022-10-27
21,SE233396,2117949,찬성,2022-10-27
21,AFH96856,2117949,불참,2022-10-27
21,52P3934K,2117949,찬성,2022-10-27
21,B7H6207C,2117949,불참,2022-10-27
21,6399076T,2117949,찬성,2022-10-27
21,4U29186R,2117949,찬성,2022-10-27
21,F5Y4026Q,2117949,찬성,2022-10-27
21,WHV3448W,2117949,불참,2022-10-27
21,6RD62559,2117949,찬성,2022-10-27
21,1Y73132H,2117949,찬성,2022-10-27
21,I0S53762,2117949,불참,2022-10-27
21,TKJ4800F,2117949,찬성,2022-10-27
21,O6D8329R,2117949,찬성,2022-10-27
21,04T3751T,2117949,찬성,2022-10-27
21,MSY7784L,2117949,불참,2022-10-27
21,EVH1507C,2117949,찬성,2022-10-27
21,14M56632,2117949,불참,2022-10-27
21,N9X9673B,2117949,찬성,2022-10-27
21,5MD4184K,2117949,불참,2022-10-27
21,5K93695T,2117949,찬성,2022-10-27
21,6U243644,2117949,찬성,2022-10-27
21,E9R4507P,2117949,찬성,2022-10-27
21,UHB5553T,2117949,찬성,2022-10-27
21,KFS1358P,2117949,찬성,2022-10-27
21,J9S37905,2117949,찬성,2022-10-27
21,A494529E,2117949,불참,2022-10-27
21,VRY5522V,2117949,찬성,2022-10-27
21,CAA7713A,2117949,찬성,2022-10-27
21,0PK7354M,2117949,찬성,2022-10-27
21,O0I2045I,2117949,찬성,2022-10-27
21,CZB4125D,2117949,불참,2022-10-27
21,Z6R3959C,2117949,불참,2022-10-27
21,UGH6481E,2117949,찬성,2022-10-27
21,S824682L,2117949,찬성,2022-10-27
21,W4X85128,2117949,불참,2022-10-27
21,Q9H5708M,2117949,찬성,2022-10-27
21,JZY9937U,2117949,찬성,2022-10-27
21,MRK4871S,2117949,찬성,2022-10-27
21,YKW37422,2117949,불참,2022-10-27
21,2NV6751W,2117949,찬성,2022-10-27
21,BM63269Y,2117949,불참,2022-10-27
21,M7O7878U,2117949,찬성,2022-10-27
21,YLS4431M,2117949,찬성,2022-10-27
21,MNZ4401T,2117949,불참,2022-10-27
21,3ZR4438W,2117949,찬성,2022-10-27
21,HSS7466Y,2117949,찬성,2022-10-27
21,KB04377U,2117949,불참,2022-10-27
21,FU53642G,2117949,찬성,2022-10-27
21,MLH1404S,2117949,찬성,2022-10-27
21,8VY63414,2117949,불참,2022-10-27
21,XR24352K,2117949,찬성,2022-10-27
21,QQP4727N,2117949,불참,2022-10-27
21,JEZ3130Q,2117949,찬성,2022-10-27
21,BCQ55105,2117949,찬성,2022-10-27
21,9L57027L,2117949,찬성,2022-10-27
21,GOC54665,2117949,찬성,2022-10-27
21,5UN9725L,2117949,찬성,2022-10-27
21,LJK4960Z,2117949,찬성,2022-10-27
21,IUD9392R,2117949,찬성,2022-10-27
21,K3W33496,2117949,불참,2022-10-27
21,M2Q9024I,2117949,찬성,2022-10-27
21,DBA1057Z,2117949,찬성,2022-10-27
21,CI15627C,2117949,불참,2022-10-27
21,C7E79345,2117949,불참,2022-10-27
21,4019850M,2117949,찬성,2022-10-27
21,UQ282145,2117949,불참,2022-10-27
21,9YO73104,2117949,찬성,2022-10-27
21,TRE2429O,2117949,찬성,2022-10-27
21,E6U4345C,2117949,찬성,2022-10-27
21,7BM2933Y,2117949,찬성,2022-10-27
21,CDL93608,2117949,불참,2022-10-27
21,2UD1340H,2117949,찬성,2022-10-27
21,9VR65006,2117949,찬성,2022-10-27
21,X7I4680R,2117949,불참,2022-10-27
21,EMC8812P,2117949,불참,2022-10-27
21,XSP20229,2117949,찬성,2022-10-27
21,T465023H,2117949,찬성,2022-10-27
21,3RW63706,2117949,찬성,2022-10-27
21,RQQ3807K,2117949,찬성,2022-10-27
21,FH777496,2117949,찬성,2022-10-27
21,FYI20317,2117949,찬성,2022-10-27
21,8X15119P,2117949,불참,2022-10-27
21,ZYP7962W,2117949,불참,2022-10-27
21,CNW5754J,2117949,찬성,2022-10-27
21,3249208I,2117949,찬성,2022-10-27
21,GX38539O,2117949,찬성,2022-10-27
21,8Q88373R,2117949,불참,2022-10-27
21,XEF29171,2117949,찬성,2022-10-27
21,WVU2479T,2117949,찬성,2022-10-27
21,9D939735,2117949,불참,2022-10-27
21,QTW6852F,2117949,찬성,2022-10-27
21,7XY7109I,2117949,찬성,2022-10-27
21,TST4507I,2117949,찬성,2022-10-27
21,JC14718Q,2117949,찬성,2022-10-27
21,5KV82250,2117949,찬성,2022-10-27
21,L7J93733,2117949,찬성,2022-10-27
21,GE71932C,2117949,찬성,2022-10-27
21,6YT83269,2117949,찬성,2022-10-27
21,FDC3144T,2117949,찬성,2022-10-27
21,I7R13867,2117949,찬성,2022-10-27
21,SQ36001H,2117949,불참,2022-10-27
21,G1570880,2117949,불참,2022-10-27
21,FOK3459D,2117949,찬성,2022-10-27
21,QUO78839,2117949,찬성,2022-10-27
21,LPB30152,2117949,불참,2022-10-27
21,MD083627,2117949,찬성,2022-10-27
21,TZP9391O,2117949,불참,2022-10-27
21,6V37131U,2117949,찬성,2022-10-27
21,OSV9142K,2117949,찬성,2022-10-27
21,B7R2742J,2117949,찬성,2022-10-27
21,FJK3396E,2117949,찬성,2022-10-27
21,71J2365L,2117949,찬성,2022-10-27
21,7O71647Z,2117949,찬성,2022-10-27
21,W1Q6753M,2117949,찬성,2022-10-27
21,E1J8836Y,2117949,불참,2022-10-27
21,RD42006Y,2117949,불참,2022-10-27
21,6EN68926,2117949,찬성,2022-10-27
21,QHL3248U,2117949,찬성,2022-10-27
21,TJW93720,2117949,찬성,2022-10-27
21,9S151177,2117949,찬성,2022-10-27
21,TZ228122,2117949,찬성,2022-10-27
21,9V18755A,2117949,찬성,2022-10-27
21,XA42275R,2117949,찬성,2022-10-27
21,PO64874I,2117949,찬성,2022-10-27
21,VHK3402G,2117949,불참,2022-10-27
21,FIC9046Z,2117949,불참,2022-10-27
21,LBC8144B,2117949,찬성,2022-10-27
21,4X525582,2117949,불참,2022-10-27
21,S741317G,2117949,찬성,2022-10-27
21,2N793392,2117949,찬성,2022-10-27
21,USR7059P,2117949,찬성,2022-10-27
21,A3H7195R,2117949,찬성,2022-10-27
21,HSW1214Q,2117949,불참,2022-10-27
21,NZF1659U,2117949,찬성,2022-10-27
21,5765663F,2117949,찬성,2022-10-27
21,WJL30106,2117949,불참,2022-10-27
21,KNM3215T,2117949,찬성,2022-10-27
21,M7T9712V,2117949,찬성,2022-10-27
21,MY318392,2117949,찬성,2022-10-27
21,EH27538E,2117949,찬성,2022-10-27
21,0WL9321T,2117949,찬성,2022-10-27
21,MO52543L,2117949,찬성,2022-10-27
21,6MO8786S,2117949,불참,2022-10-27
21,OW53107J,2117949,찬성,2022-10-27
21,IOW8224X,2117949,찬성,2022-10-27
21,Z7Y7827F,2117949,찬성,2022-10-27
21,8FC9697X,2117949,찬성,2022-10-27
21,GD131760,2117949,불참,2022-10-27
21,XPP2564T,2117949,찬성,2022-10-27
21,RO593601,2117949,찬성,2022-10-27
21,7JC3239L,2117949,불참,2022-10-27
21,8P37634C,2117949,찬성,2022-10-27
21,O7R5461J,2117949,찬성,2022-10-27
21,6AR6743G,2117949,찬성,2022-10-27
21,B7D7534L,2117949,찬성,2022-10-27
21,LH97552Q,2117949,찬성,2022-10-27
21,K5F2023J,2117949,찬성,2022-10-27
21,DPZ7685X,2117949,찬성,2022-10-27
21,QUM8288K,2117949,찬성,2022-10-27
21,16D7652C,2117949,찬성,2022-10-27
21,XJC13432,2117949,불참,2022-10-27
21,DAV7257X,2117949,찬성,2022-10-27
21,LT72093S,2117949,찬성,2022-10-27
21,1MU99298,2117949,찬성,2022-10-27
21,17M85910,2117949,찬성,2022-10-27
21,G152611B,2117949,불참,2022-10-27
21,9LD2641Q,2117949,찬성,2022-10-27
21,BT62420K,2117949,찬성,2022-10-27
21,ZDP5704Q,2117949,찬성,2022-10-27
21,1BX7234U,2117949,찬성,2022-10-27
21,KFM1081G,2117949,찬성,2022-10-27
21,66W6739S,2119469,찬성,2023-08-24
21,9S151177,2119469,찬성,2023-08-24
21,7469929V,2119469,불참,2023-08-24
21,M7T9712V,2119469,불참,2023-08-24
21,1WE5693J,2119469,불참,2023-08-24
21,MR210505,2119469,불참,2023-08-24
21,ZA54991S,2119469,찬성,2023-08-24
21,CT85313K,2119469,찬성,2023-08-24
21,KUO3574J,2119469,찬성,2023-08-24
21,8FC9697X,2119469,불참,2023-08-24
21,ZRF3039U,2119469,불참,2023-08-24
21,8KF7223D,2119469,불참,2023-08-24
21,P2N4585G,2119469,찬성,2023-08-24
21,N9X9673B,2119469,찬성,2023-08-24
21,CAA7713A,2119469,불참,2023-08-24
21,YKW37422,2119469,불참,2023-08-24
21,FU53642G,2119469,찬성,2023-08-24
21,MLH1404S,2119469,불참,2023-08-24
21,DBA1057Z,2119469,찬성,2023-08-24
21,CI15627C,2119469,불참,2023-08-24
21,T465023H,2119469,찬성,2023-08-24
21,CNW5754J,2119469,불참,2023-08-24
21,8Q88373R,2119469,찬성,2023-08-24
21,FDC3144T,2119469,찬성,2023-08-24
21,OSV9142K,2119469,찬성,2023-08-24
21,B7R2742J,2119469,찬성,2023-08-24
21,ZDP5704Q,2119469,찬성,2023-08-24
21,A2V51235,2119469,찬성,2023-08-24
21,F5U2979W,2119469,불참,2023-08-24
21,YOG1280B,2119469,찬성,2023-08-24
21,FIC9046Z,2119469,찬성,2023-08-24
21,DWK26447,2119469,찬성,2023-08-24
21,NUB4941Z,2119469,불참,2023-08-24
21,KFM1081G,2119469,불참,2023-08-24
21,NLR6572J,2119469,찬성,2023-08-24
21,YTA7297R,2119469,찬성,2023-08-24
21,L7T64271,2119469,찬성,2023-08-24
21,4X525582,2119469,불참,2023-08-24
21,GKD32201,2119469,찬성,2023-08-24
21,G7512472,2119469,찬성,2023-08-24
21,3TO11703,2119469,찬성,2023-08-24
21,S741317G,2119469,찬성,2023-08-24
21,CCU1009B,2119469,찬성,2023-08-24
21,MU69217P,2119469,불참,2023-08-24
21,2N793392,2119469,찬성,2023-08-24
21,LM13674V,2119469,찬성,2023-08-24
21,QD25323M,2119469,불참,2023-08-24
21,JVB6983V,2119469,불참,2023-08-24
21,DAY6557K,2119469,찬성,2023-08-24
21,GP07421U,2119469,찬성,2023-08-24
21,FGI27280,2119469,불참,2023-08-24
21,USR7059P,2119469,불참,2023-08-24
21,4XG1439M,2119469,찬성,2023-08-24
21,P2N50879,2119469,기권,2023-08-24
21,A0P4646G,2119469,찬성,2023-08-24
21,7I09543O,2119469,찬성,2023-08-24
21,3DK8989T,2119469,찬성,2023-08-24
21,D4L60530,2119469,찬성,2023-08-24
21,M6H1705E,2119469,찬성,2023-08-24
21,OFE45081,2119469,찬성,2023-08-24
21,09I2323E,2119469,찬성,2023-08-24
21,NTT8182Q,2119469,찬성,2023-08-24
21,A3H7195R,2119469,불참,2023-08-24
21,ZYH1940A,2119469,찬성,2023-08-24
21,0VU8517U,2119469,찬성,2023-08-24
21,M0A1658U,2119469,불참,2023-08-24
21,HSW1214Q,2119469,찬성,2023-08-24
21,NZF1659U,2119469,찬성,2023-08-24
21,WDS6044S,2119469,찬성,2023-08-24
21,3BC6890E,2119469,불참,2023-08-24
21,ZDR63255,2119469,찬성,2023-08-24
21,KR14136C,2119469,불참,2023-08-24
21,SRP7336N,2119469,찬성,2023-08-24
21,5765663F,2119469,불참,2023-08-24
21,GFF1986K,2119469,찬성,2023-08-24
21,ZKU88693,2119469,찬성,2023-08-24
21,WJL30106,2119469,불참,2023-08-24
21,5KV96424,2119469,찬성,2023-08-24
21,KNM3215T,2119469,찬성,2023-08-24
21,60490713,2119469,불참,2023-08-24
21,UM51067K,2119469,찬성,2023-08-24
21,HKJ99607,2119469,불참,2023-08-24
21,X3170462,2119469,불참,2023-08-24
21,MY318392,2119469,찬성,2023-08-24
21,8FB1535Y,2119469,찬성,2023-08-24
21,4T026790,2119469,불참,2023-08-24
21,EH27538E,2119469,찬성,2023-08-24
21,WFU14784,2119469,불참,2023-08-24
21,SU53086M,2119469,찬성,2023-08-24
21,0WL9321T,2119469,찬성,2023-08-24
21,PZA4062H,2119469,찬성,2023-08-24
21,GF286398,2119469,찬성,2023-08-24
21,8348421R,2119469,불참,2023-08-24
21,H5476989,2119469,찬성,2023-08-24
21,JQA21112,2119469,찬성,2023-08-24
21,4L695580,2119469,찬성,2023-08-24
21,40E3739H,2119469,찬성,2023-08-24
21,6FS10566,2119469,찬성,2023-08-24
21,HXT76735,2119469,찬성,2023-08-24
21,RPN2293B,2119469,불참,2023-08-24
21,0R68099X,2119469,찬성,2023-08-24
21,6RM29022,2119469,찬성,2023-08-24
21,MQU41854,2119469,불참,2023-08-24
21,V429892C,2119469,찬성,2023-08-24
21,2385336L,2119469,찬성,2023-08-24
21,IN328264,2119469,불참,2023-08-24
21,XBT9550Q,2119469,찬성,2023-08-24
21,MO52543L,2119469,불참,2023-08-24
21,0827740Q,2119469,찬성,2023-08-24
21,0W194007,2119469,찬성,2023-08-24
21,X1K3667J,2119469,찬성,2023-08-24
21,WMG57662,2119469,찬성,2023-08-24
21,NCP9875N,2119469,찬성,2023-08-24
21,I5I2468R,2119469,찬성,2023-08-24
21,WTR5885Y,2119469,찬성,2023-08-24
21,3425169D,2119469,찬성,2023-08-24
21,IOW1101J,2119469,찬성,2023-08-24
21,ICH23251,2119469,찬성,2023-08-24
21,25I8709Q,2119469,불참,2023-08-24
21,OIA3741M,2119469,찬성,2023-08-24
21,6MO8786S,2119469,찬성,2023-08-24
21,XWX1513T,2119469,찬성,2023-08-24
21,BLC8630L,2119469,찬성,2023-08-24
21,NQR1206Q,2119469,찬성,2023-08-24
21,LG63087O,2119469,찬성,2023-08-24
21,OW53107J,2119469,찬성,2023-08-24
21,PEP6922S,2119469,찬성,2023-08-24
21,DAN6731C,2119469,찬성,2023-08-24
21,VG24001G,2119469,찬성,2023-08-24
21,L2I9861C,2119469,찬성,2023-08-24
21,WCD5518S,2119469,찬성,2023-08-24
21,SVH3899R,2119469,찬성,2023-08-24
21,IOW8224X,2119469,찬성,2023-08-24
21,9JF4562W,2119469,찬성,2023-08-24
21,Y7K5946R,2119469,찬성,2023-08-24
21,Z7Y7827F,2119469,찬성,2023-08-24
21,ATB59635,2119469,불참,2023-08-24
21,D6U6678O,2119469,찬성,2023-08-24
21,FU87526G,2119469,불참,2023-08-24
21,S9U45255,2119469,찬성,2023-08-24
21,8SV6917G,2119469,찬성,2023-08-24
21,QKO6165V,2119469,불참,2023-08-24
21,GD131760,2119469,찬성,2023-08-24
21,V0O5343U,2119469,찬성,2023-08-24
21,68P7228G,2119469,불참,2023-08-24
21,P0F1530P,2119469,불참,2023-08-24
21,XPP2564T,2119469,불참,2023-08-24
21,FRN1867O,2119469,불참,2023-08-24
21,LQW3652K,2119469,찬성,2023-08-24
21,RO593601,2119469,찬성,2023-08-24
21,PFG2137X,2119469,불참,2023-08-24
21,UB114374,2119469,찬성,2023-08-24
21,GAV6441G,2119469,찬성,2023-08-24
21,0YT3774N,2119469,찬성,2023-08-24
21,7JC3239L,2119469,찬성,2023-08-24
21,40S1959J,2119469,찬성,2023-08-24
21,IL74008M,2119469,찬성,2023-08-24
21,8P37634C,2119469,찬성,2023-08-24
21,CNZ51556,2119469,찬성,2023-08-24
21,N4R2421C,2119469,불참,2023-08-24
21,3C23171A,2119469,불참,2023-08-24
21,GDG1847Z,2119469,찬성,2023-08-24
21,O7R5461J,2119469,찬성,2023-08-24
21,JMY9959W,2119469,불참,2023-08-24
21,7R156073,2119469,찬성,2023-08-24
21,6AR6743G,2119469,불참,2023-08-24
21,J2O8643H,2119469,찬성,2023-08-24
21,VCP96419,2119469,찬성,2023-08-24
21,6AU2417B,2119469,불참,2023-08-24
21,8VJ8533R,2119469,불참,2023-08-24
21,B7D7534L,2119469,찬성,2023-08-24
21,GX22581L,2119469,찬성,2023-08-24
21,SE233396,2119469,찬성,2023-08-24
21,AFH96856,2119469,찬성,2023-08-24
21,52P3934K,2119469,불참,2023-08-24
21,B7H6207C,2119469,찬성,2023-08-24
21,6399076T,2119469,찬성,2023-08-24
21,4U29186R,2119469,찬성,2023-08-24
21,F5Y4026Q,2119469,찬성,2023-08-24
21,WHV3448W,2119469,불참,2023-08-24
21,6RD62559,2119469,찬성,2023-08-24
21,1Y73132H,2119469,찬성,2023-08-24
21,I0S53762,2119469,불참,2023-08-24
21,LH97552Q,2119469,찬성,2023-08-24
21,TKJ4800F,2119469,찬성,2023-08-24
21,O6D8329R,2119469,찬성,2023-08-24
21,04T3751T,2119469,찬성,2023-08-24
21,MSY7784L,2119469,찬성,2023-08-24
21,EVH1507C,2119469,찬성,2023-08-24
21,K5F2023J,2119469,찬성,2023-08-24
21,14M56632,2119469,찬성,2023-08-24
21,5MD4184K,2119469,찬성,2023-08-24
21,5K93695T,2119469,불참,2023-08-24
21,DPZ7685X,2119469,찬성,2023-08-24
21,6U243644,2119469,찬성,2023-08-24
21,E9R4507P,2119469,찬성,2023-08-24
21,UHB5553T,2119469,찬성,2023-08-24
21,KFS1358P,2119469,불참,2023-08-24
21,J9S37905,2119469,찬성,2023-08-24
21,A494529E,2119469,불참,2023-08-24
21,VRY5522V,2119469,찬성,2023-08-24
21,0PK7354M,2119469,기권,2023-08-24
21,O0I2045I,2119469,찬성,2023-08-24
21,CZB4125D,2119469,불참,2023-08-24
21,Z6R3959C,2119469,찬성,2023-08-24
21,QUM8288K,2119469,불참,2023-08-24
21,UGH6481E,2119469,찬성,2023-08-24
21,S824682L,2119469,찬성,2023-08-24
21,W4X85128,2119469,찬성,2023-08-24
21,Q9H5708M,2119469,불참,2023-08-24
21,JZY9937U,2119469,찬성,2023-08-24
21,MRK4871S,2119469,찬성,2023-08-24
21,2NV6751W,2119469,찬성,2023-08-24
21,BM63269Y,2119469,찬성,2023-08-24
21,M7O7878U,2119469,찬성,2023-08-24
21,YLS4431M,2119469,찬성,2023-08-24
21,MNZ4401T,2119469,찬성,2023-08-24
21,3ZR4438W,2119469,불참,2023-08-24
21,HSS7466Y,2119469,찬성,2023-08-24
21,16D7652C,2119469,찬성,2023-08-24
21,KB04377U,2119469,불참,2023-08-24
21,8VY63414,2119469,찬성,2023-08-24
21,XR24352K,2119469,찬성,2023-08-24
21,QQP4727N,2119469,찬성,2023-08-24
21,JEZ3130Q,2119469,찬성,2023-08-24
21,BCQ55105,2119469,불참,2023-08-24
21,9L57027L,2119469,불참,2023-08-24
21,GOC54665,2119469,불참,2023-08-24
21,5UN9725L,2119469,불참,2023-08-24
21,LJK4960Z,2119469,찬성,2023-08-24
21,IUD9392R,2119469,불참,2023-08-24
21,K3W33496,2119469,찬성,2023-08-24
21,M2Q9024I,2119469,불참,2023-08-24
21,C7E79345,2119469,불참,2023-08-24
21,4019850M,2119469,찬성,2023-08-24
21,UQ282145,2119469,불참,2023-08-24
21,9YO73104,2119469,찬성,2023-08-24
21,TRE2429O,2119469,찬성,2023-08-24
21,E6U4345C,2119469,불참,2023-08-24
21,7BM2933Y,2119469,찬성,2023-08-24
21,CDL93608,2119469,불참,2023-08-24
21,2UD1340H,2119469,찬성,2023-08-24
21,9VR65006,2119469,찬성,2023-08-24
21,X7I4680R,2119469,불참,2023-08-24
21,EMC8812P,2119469,찬성,2023-08-24
21,XJC13432,2119469,찬성,2023-08-24
21,XSP20229,2119469,찬성,2023-08-24
21,3RW63706,2119469,찬성,2023-08-24
21,RQQ3807K,2119469,찬성,2023-08-24
21,FH777496,2119469,찬성,2023-08-24
21,FYI20317,2119469,불참,2023-08-24
21,8X15119P,2119469,불참,2023-08-24
21,ZYP7962W,2119469,찬성,2023-08-24
21,3249208I,2119469,찬성,2023-08-24
21,GX38539O,2119469,찬성,2023-08-24
21,XEF29171,2119469,찬성,2023-08-24
21,WVU2479T,2119469,찬성,2023-08-24
21,9D939735,2119469,불참,2023-08-24
21,QTW6852F,2119469,찬성,2023-08-24
21,7XY7109I,2119469,불참,2023-08-24
21,TST4507I,2119469,찬성,2023-08-24
21,JC14718Q,2119469,찬성,2023-08-24
21,5KV82250,2119469,찬성,2023-08-24
21,L7J93733,2119469,찬성,2023-08-24
21,DAV7257X,2119469,찬성,2023-08-24
21,LT72093S,2119469,불참,2023-08-24
21,GE71932C,2119469,찬성,2023-08-24
21,6YT83269,2119469,찬성,2023-08-24
21,1MU99298,2119469,불참,2023-08-24
21,17M85910,2119469,불참,2023-08-24
21,G152611B,2119469,불참,2023-08-24
21,I7R13867,2119469,찬성,2023-08-24
21,SQ36001H,2119469,불참,2023-08-24
21,G1570880,2119469,찬성,2023-08-24
21,9LD2641Q,2119469,찬성,2023-08-24
21,FOK3459D,2119469,찬성,2023-08-24
21,QUO78839,2119469,찬성,2023-08-24
21,BT62420K,2119469,찬성,2023-08-24
21,LPB30152,2119469,불참,2023-08-24
21,MD083627,2119469,찬성,2023-08-24
21,TZP9391O,2119469,불참,2023-08-24
21,6V37131U,2119469,불참,2023-08-24
21,FJK3396E,2119469,찬성,2023-08-24
21,71J2365L,2119469,찬성,2023-08-24
21,7O71647Z,2119469,찬성,2023-08-24
21,W1Q6753M,2119469,찬성,2023-08-24
21,E1J8836Y,2119469,찬성,2023-08-24
21,RD42006Y,2119469,불참,2023-08-24
21,6EN68926,2119469,찬성,2023-08-24
21,1BX7234U,2119469,찬성,2023-08-24
21,QHL3248U,2119469,불참,2023-08-24
21,TJW93720,2119469,찬성,2023-08-24
21,TZ228122,2119469,찬성,2023-08-24
21,9V18755A,2119469,찬성,2023-08-24
21,XA42275R,2119469,찬성,2023-08-24
21,PO64874I,2119469,불참,2023-08-24
21,LBC8144B,2119469,기권,2023-08-24
21,VHK3402G,2119469,찬성,2023-08-24
21,FIC9046Z,2113805,불참,2021-12-09
21,PO64874I,2113805,찬성,2021-12-09
21,2N793392,2113805,찬성,2021-12-09
21,DAY6557K,2113805,찬성,2021-12-09
21,GP07421U,2113805,불참,2021-12-09
21,FGI27280,2113805,찬성,2021-12-09
21,ZDR63255,2113805,찬성,2021-12-09
21,GFF1986K,2113805,찬성,2021-12-09
21,WJL30106,2113805,찬성,2021-12-09
21,EH27538E,2113805,찬성,2021-12-09
21,JQA21112,2113805,찬성,2021-12-09
21,4L695580,2113805,불참,2021-12-09
21,RPN2293B,2113805,불참,2021-12-09
21,V429892C,2113805,찬성,2021-12-09
21,4A067125,2113805,불참,2021-12-09
21,L5P27909,2113805,불참,2021-12-09
21,IOW1101J,2113805,불참,2021-12-09
21,CT85313K,2113805,찬성,2021-12-09
21,PAO22428,2113805,불참,2021-12-09
21,BLC8630L,2113805,불참,2021-12-09
21,LG63087O,2113805,불참,2021-12-09
21,VG24001G,2113805,찬성,2021-12-09
21,I434361W,2113805,찬성,2021-12-09
21,KUO3574J,2113805,찬성,2021-12-09
21,FU87526G,2113805,찬성,2021-12-09
21,V0O5343U,2113805,찬성,2021-12-09
21,FRN1867O,2113805,찬성,2021-12-09
21,RO593601,2113805,찬성,2021-12-09
21,UB114374,2113805,찬성,2021-12-09
21,CNZ51556,2113805,불참,2021-12-09
21,O7R5461J,2113805,찬성,2021-12-09
21,J2O8643H,2113805,찬성,2021-12-09
21,6AU2417B,2113805,불참,2021-12-09
21,4U29186R,2113805,찬성,2021-12-09
21,F5Y4026Q,2113805,불참,2021-12-09
21,I0S53762,2113805,불참,2021-12-09
21,N9X9673B,2113805,불참,2021-12-09
21,E9R4507P,2113805,불참,2021-12-09
21,KFS1358P,2113805,찬성,2021-12-09
21,J9S37905,2113805,찬성,2021-12-09
21,VRY5522V,2113805,찬성,2021-12-09
21,Q9H5708M,2113805,찬성,2021-12-09
21,CFE3998F,2113805,불참,2021-12-09
21,BM63269Y,2113805,불참,2021-12-09
21,XR24352K,2113805,찬성,2021-12-09
21,GOC54665,2113805,찬성,2021-12-09
21,DBA1057Z,2113805,불참,2021-12-09
21,9VR65006,2113805,불참,2021-12-09
21,X7I4680R,2113805,찬성,2021-12-09
21,D0C85236,2113805,불참,2021-12-09
21,T465023H,2113805,찬성,2021-12-09
21,3RW63706,2113805,찬성,2021-12-09
21,8X15119P,2113805,불참,2021-12-09
21,9D939735,2113805,기권,2021-12-09
21,FDC3144T,2113805,찬성,2021-12-09
21,9LD2641Q,2113805,찬성,2021-12-09
21,FOK3459D,2113805,찬성,2021-12-09
21,LPB30152,2113805,찬성,2021-12-09
21,6V37131U,2113805,찬성,2021-12-09
21,1BX7234U,2113805,찬성,2021-12-09
21,QHL3248U,2113805,찬성,2021-12-09
21,9V18755A,2113805,찬성,2021-12-09
21,GKD32201,2113805,찬성,2021-12-09
21,JNL7001A,2113805,찬성,2021-12-09
21,L7T64271,2113805,찬성,2021-12-09
21,4X525582,2113805,불참,2021-12-09
21,G7512472,2113805,불참,2021-12-09
21,3TO11703,2113805,찬성,2021-12-09
21,S741317G,2113805,불참,2021-12-09
21,CCU1009B,2113805,찬성,2021-12-09
21,MU69217P,2113805,불참,2021-12-09
21,66W6739S,2113805,불참,2021-12-09
21,LM13674V,2113805,찬성,2021-12-09
21,QD25323M,2113805,찬성,2021-12-09
21,USR7059P,2113805,불참,2021-12-09
21,4XG1439M,2113805,찬성,2021-12-09
21,P2N50879,2113805,찬성,2021-12-09
21,A0P4646G,2113805,찬성,2021-12-09
21,A2V51235,2113805,불참,2021-12-09
21,7I09543O,2113805,찬성,2021-12-09
21,1X376850,2113805,찬성,2021-12-09
21,3DK8989T,2113805,찬성,2021-12-09
21,7469929V,2113805,불참,2021-12-09
21,D4L60530,2113805,찬성,2021-12-09
21,M6H1705E,2113805,찬성,2021-12-09
21,OFE45081,2113805,불참,2021-12-09
21,09I2323E,2113805,불참,2021-12-09
21,NTT8182Q,2113805,찬성,2021-12-09
21,A3H7195R,2113805,찬성,2021-12-09
21,ZYH1940A,2113805,찬성,2021-12-09
21,0VU8517U,2113805,불참,2021-12-09
21,M0A1658U,2113805,찬성,2021-12-09
21,HSW1214Q,2113805,찬성,2021-12-09
21,NZF1659U,2113805,불참,2021-12-09
21,WDS6044S,2113805,불참,2021-12-09
21,3BC6890E,2113805,찬성,2021-12-09
21,KR14136C,2113805,찬성,2021-12-09
21,SRP7336N,2113805,찬성,2021-12-09
21,5765663F,2113805,찬성,2021-12-09
21,ZKU88693,2113805,찬성,2021-12-09
21,5KV96424,2113805,찬성,2021-12-09
21,KNM3215T,2113805,찬성,2021-12-09
21,M7T9712V,2113805,찬성,2021-12-09
21,60490713,2113805,찬성,2021-12-09
21,UM51067K,2113805,찬성,2021-12-09
21,HKJ99607,2113805,찬성,2021-12-09
21,1WE5693J,2113805,불참,2021-12-09
21,X3170462,2113805,불참,2021-12-09
21,MY318392,2113805,찬성,2021-12-09
21,8FB1535Y,2113805,찬성,2021-12-09
21,4T026790,2113805,찬성,2021-12-09
21,WFU14784,2113805,불참,2021-12-09
21,SU53086M,2113805,불참,2021-12-09
21,0WL9321T,2113805,찬성,2021-12-09
21,PZA4062H,2113805,찬성,2021-12-09
21,MR210505,2113805,불참,2021-12-09
21,GF286398,2113805,찬성,2021-12-09
21,8348421R,2113805,불참,2021-12-09
21,H5476989,2113805,찬성,2021-12-09
21,40E3739H,2113805,찬성,2021-12-09
21,HXT76735,2113805,찬성,2021-12-09
21,0R68099X,2113805,찬성,2021-12-09
21,2385336L,2113805,찬성,2021-12-09
21,IN328264,2113805,찬성,2021-12-09
21,XBT9550Q,2113805,찬성,2021-12-09
21,ZA54991S,2113805,찬성,2021-12-09
21,MO52543L,2113805,불참,2021-12-09
21,0827740Q,2113805,찬성,2021-12-09
21,0W194007,2113805,찬성,2021-12-09
21,X1K3667J,2113805,찬성,2021-12-09
21,WMG57662,2113805,불참,2021-12-09
21,NCP9875N,2113805,찬성,2021-12-09
21,I5I2468R,2113805,찬성,2021-12-09
21,WTR5885Y,2113805,불참,2021-12-09
21,3425169D,2113805,찬성,2021-12-09
21,ICH23251,2113805,찬성,2021-12-09
21,25I8709Q,2113805,찬성,2021-12-09
21,OIA3741M,2113805,찬성,2021-12-09
21,6MO8786S,2113805,불참,2021-12-09
21,XWX1513T,2113805,불참,2021-12-09
21,NQR1206Q,2113805,찬성,2021-12-09
21,NAL4555X,2113805,불참,2021-12-09
21,OW53107J,2113805,찬성,2021-12-09
21,PEP6922S,2113805,찬성,2021-12-09
21,DAN6731C,2113805,불참,2021-12-09
21,L2I9861C,2113805,불참,2021-12-09
21,WCD5518S,2113805,불참,2021-12-09
21,SVH3899R,2113805,불참,2021-12-09
21,IOW8224X,2113805,찬성,2021-12-09
21,9JF4562W,2113805,찬성,2021-12-09
21,Y7K5946R,2113805,불참,2021-12-09
21,Z7Y7827F,2113805,찬성,2021-12-09
21,ATB59635,2113805,찬성,2021-12-09
21,SBK1544B,2113805,불참,2021-12-09
21,D6U6678O,2113805,찬성,2021-12-09
21,S9U45255,2113805,불참,2021-12-09
21,8SV6917G,2113805,불참,2021-12-09
21,8FC9697X,2113805,찬성,2021-12-09
21,QKO6165V,2113805,찬성,2021-12-09
21,GD131760,2113805,불참,2021-12-09
21,ZRF3039U,2113805,불참,2021-12-09
21,68P7228G,2113805,찬성,2021-12-09
21,P0F1530P,2113805,불참,2021-12-09
21,XPP2564T,2113805,불참,2021-12-09
21,LQW3652K,2113805,불참,2021-12-09
21,PFG2137X,2113805,찬성,2021-12-09
21,GAV6441G,2113805,찬성,2021-12-09
21,0YT3774N,2113805,찬성,2021-12-09
21,7JC3239L,2113805,기권,2021-12-09
21,40S1959J,2113805,찬성,2021-12-09
21,IL74008M,2113805,찬성,2021-12-09
21,8KF7223D,2113805,찬성,2021-12-09
21,8P37634C,2113805,찬성,2021-12-09
21,N4R2421C,2113805,불참,2021-12-09
21,3C23171A,2113805,불참,2021-12-09
21,GDG1847Z,2113805,불참,2021-12-09
21,P2N4585G,2113805,찬성,2021-12-09
21,TVF3669B,2113805,찬성,2021-12-09
21,JMY9959W,2113805,찬성,2021-12-09
21,7R156073,2113805,불참,2021-12-09
21,6AR6743G,2113805,찬성,2021-12-09
21,VCP96419,2113805,찬성,2021-12-09
21,8VJ8533R,2113805,불참,2021-12-09
21,B7D7534L,2113805,찬성,2021-12-09
21,GX22581L,2113805,불참,2021-12-09
21,SE233396,2113805,찬성,2021-12-09
21,AFH96856,2113805,불참,2021-12-09
21,52P3934K,2113805,불참,2021-12-09
21,B7H6207C,2113805,찬성,2021-12-09
21,6399076T,2113805,찬성,2021-12-09
21,WHV3448W,2113805,찬성,2021-12-09
21,1Y73132H,2113805,찬성,2021-12-09
21,LH97552Q,2113805,찬성,2021-12-09
21,TKJ4800F,2113805,찬성,2021-12-09
21,O6D8329R,2113805,찬성,2021-12-09
21,04T3751T,2113805,불참,2021-12-09
21,MSY7784L,2113805,불참,2021-12-09
21,EVH1507C,2113805,찬성,2021-12-09
21,K5F2023J,2113805,불참,2021-12-09
21,14M56632,2113805,불참,2021-12-09
21,5MD4184K,2113805,찬성,2021-12-09
21,5K93695T,2113805,반대,2021-12-09
21,DPZ7685X,2113805,찬성,2021-12-09
21,6U243644,2113805,찬성,2021-12-09
21,UHB5553T,2113805,찬성,2021-12-09
21,A494529E,2113805,불참,2021-12-09
21,CAA7713A,2113805,불참,2021-12-09
21,0PK7354M,2113805,찬성,2021-12-09
21,O0I2045I,2113805,불참,2021-12-09
21,CZB4125D,2113805,불참,2021-12-09
21,Z6R3959C,2113805,불참,2021-12-09
21,QUM8288K,2113805,불참,2021-12-09
21,UGH6481E,2113805,불참,2021-12-09
21,S824682L,2113805,찬성,2021-12-09
21,W4X85128,2113805,불참,2021-12-09
21,JZY9937U,2113805,찬성,2021-12-09
21,MRK4871S,2113805,불참,2021-12-09
21,YKW37422,2113805,불참,2021-12-09
21,2NV6751W,2113805,찬성,2021-12-09
21,M7O7878U,2113805,찬성,2021-12-09
21,YLS4431M,2113805,불참,2021-12-09
21,MNZ4401T,2113805,찬성,2021-12-09
21,3ZR4438W,2113805,불참,2021-12-09
21,HSS7466Y,2113805,찬성,2021-12-09
21,16D7652C,2113805,불참,2021-12-09
21,KB04377U,2113805,찬성,2021-12-09
21,FU53642G,2113805,찬성,2021-12-09
21,MLH1404S,2113805,불참,2021-12-09
21,8VY63414,2113805,찬성,2021-12-09
21,QQP4727N,2113805,찬성,2021-12-09
21,JEZ3130Q,2113805,불참,2021-12-09
21,BCQ55105,2113805,불참,2021-12-09
21,9L57027L,2113805,불참,2021-12-09
21,5UN9725L,2113805,불참,2021-12-09
21,LJK4960Z,2113805,찬성,2021-12-09
21,K3W33496,2113805,찬성,2021-12-09
21,M2Q9024I,2113805,불참,2021-12-09
21,CI15627C,2113805,불참,2021-12-09
21,21N57758,2113805,불참,2021-12-09
21,C7E79345,2113805,불참,2021-12-09
21,4019850M,2113805,찬성,2021-12-09
21,UQ282145,2113805,불참,2021-12-09
21,9YO73104,2113805,찬성,2021-12-09
21,TRE2429O,2113805,불참,2021-12-09
21,E6U4345C,2113805,불참,2021-12-09
21,7BM2933Y,2113805,찬성,2021-12-09
21,CDL93608,2113805,불참,2021-12-09
21,2UD1340H,2113805,불참,2021-12-09
21,EMC8812P,2113805,찬성,2021-12-09
21,XJC13432,2113805,불참,2021-12-09
21,XSP20229,2113805,찬성,2021-12-09
21,RQQ3807K,2113805,찬성,2021-12-09
21,FH777496,2113805,찬성,2021-12-09
21,FYI20317,2113805,찬성,2021-12-09
21,ZYP7962W,2113805,불참,2021-12-09
21,CNW5754J,2113805,불참,2021-12-09
21,3249208I,2113805,찬성,2021-12-09
21,GX38539O,2113805,찬성,2021-12-09
21,8Q88373R,2113805,불참,2021-12-09
21,XEF29171,2113805,찬성,2021-12-09
21,WVU2479T,2113805,불참,2021-12-09
21,QTW6852F,2113805,불참,2021-12-09
21,7XY7109I,2113805,불참,2021-12-09
21,TST4507I,2113805,찬성,2021-12-09
21,JC14718Q,2113805,찬성,2021-12-09
21,5KV82250,2113805,찬성,2021-12-09
21,L7J93733,2113805,찬성,2021-12-09
21,DAV7257X,2113805,찬성,2021-12-09
21,LT72093S,2113805,찬성,2021-12-09
21,GE71932C,2113805,찬성,2021-12-09
21,6YT83269,2113805,찬성,2021-12-09
21,1MU99298,2113805,찬성,2021-12-09
21,17M85910,2113805,찬성,2021-12-09
21,G152611B,2113805,불참,2021-12-09
21,I7R13867,2113805,찬성,2021-12-09
21,SQ36001H,2113805,불참,2021-12-09
21,G1570880,2113805,찬성,2021-12-09
21,QUO78839,2113805,찬성,2021-12-09
21,BT62420K,2113805,찬성,2021-12-09
21,MD083627,2113805,찬성,2021-12-09
21,TZP9391O,2113805,찬성,2021-12-09
21,OSV9142K,2113805,불참,2021-12-09
21,B7R2742J,2113805,찬성,2021-12-09
21,FJK3396E,2113805,불참,2021-12-09
21,ZDP5704Q,2113805,찬성,2021-12-09
21,71J2365L,2113805,불참,2021-12-09
21,7O71647Z,2113805,불참,2021-12-09
21,W1Q6753M,2113805,찬성,2021-12-09
21,E1J8836Y,2113805,불참,2021-12-09
21,RD42006Y,2113805,불참,2021-12-09
21,6EN68926,2113805,불참,2021-12-09
21,TJW93720,2113805,찬성,2021-12-09
21,9S151177,2113805,불참,2021-12-09
21,TZ228122,2113805,찬성,2021-12-09
21,XA42275R,2113805,불참,2021-12-09
21,T465023H,2112398,찬성,2021-12-02
21,3RW63706,2112398,찬성,2021-12-02
21,8X15119P,2112398,불참,2021-12-02
21,9D939735,2112398,불참,2021-12-02
21,TST4507I,2112398,찬성,2021-12-02
21,JC14718Q,2112398,찬성,2021-12-02
21,5KV82250,2112398,찬성,2021-12-02
21,1MU99298,2112398,찬성,2021-12-02
21,FDC3144T,2112398,찬성,2021-12-02
21,9LD2641Q,2112398,찬성,2021-12-02
21,FOK3459D,2112398,찬성,2021-12-02
21,LPB30152,2112398,찬성,2021-12-02
21,6V37131U,2112398,찬성,2021-12-02
21,E1J8836Y,2112398,찬성,2021-12-02
21,1BX7234U,2112398,찬성,2021-12-02
21,QHL3248U,2112398,불참,2021-12-02
21,9V18755A,2112398,찬성,2021-12-02
21,XA42275R,2112398,찬성,2021-12-02
21,PO64874I,2112398,찬성,2021-12-02
21,FIC9046Z,2112398,찬성,2021-12-02
21,GKD32201,2112398,찬성,2021-12-02
21,2N793392,2112398,기권,2021-12-02
21,QD25323M,2112398,찬성,2021-12-02
21,DAY6557K,2112398,찬성,2021-12-02
21,GP07421U,2112398,찬성,2021-12-02
21,FGI27280,2112398,찬성,2021-12-02
21,A3H7195R,2112398,불참,2021-12-02
21,3BC6890E,2112398,불참,2021-12-02
21,ZDR63255,2112398,찬성,2021-12-02
21,GFF1986K,2112398,찬성,2021-12-02
21,WJL30106,2112398,불참,2021-12-02
21,HKJ99607,2112398,찬성,2021-12-02
21,MY318392,2112398,찬성,2021-12-02
21,EH27538E,2112398,찬성,2021-12-02
21,MR210505,2112398,불참,2021-12-02
21,JQA21112,2112398,찬성,2021-12-02
21,4L695580,2112398,찬성,2021-12-02
21,HXT76735,2112398,찬성,2021-12-02
21,RPN2293B,2112398,불참,2021-12-02
21,V429892C,2112398,불참,2021-12-02
21,4A067125,2112398,불참,2021-12-02
21,L5P27909,2112398,불참,2021-12-02
21,IOW1101J,2112398,찬성,2021-12-02
21,CT85313K,2112398,찬성,2021-12-02
21,PAO22428,2112398,불참,2021-12-02
21,BLC8630L,2112398,찬성,2021-12-02
21,LG63087O,2112398,불참,2021-12-02
21,VG24001G,2112398,찬성,2021-12-02
21,WCD5518S,2112398,찬성,2021-12-02
21,I434361W,2112398,찬성,2021-12-02
21,KUO3574J,2112398,찬성,2021-12-02
21,FU87526G,2112398,찬성,2021-12-02
21,8FC9697X,2112398,찬성,2021-12-02
21,V0O5343U,2112398,찬성,2021-12-02
21,FRN1867O,2112398,찬성,2021-12-02
21,RO593601,2112398,찬성,2021-12-02
21,UB114374,2112398,찬성,2021-12-02
21,CNZ51556,2112398,불참,2021-12-02
21,O7R5461J,2112398,찬성,2021-12-02
21,J2O8643H,2112398,불참,2021-12-02
21,6AU2417B,2112398,불참,2021-12-02
21,B7H6207C,2112398,찬성,2021-12-02
21,4U29186R,2112398,찬성,2021-12-02
21,F5Y4026Q,2112398,찬성,2021-12-02
21,1Y73132H,2112398,불참,2021-12-02
21,I0S53762,2112398,찬성,2021-12-02
21,N9X9673B,2112398,불참,2021-12-02
21,E9R4507P,2112398,찬성,2021-12-02
21,KFS1358P,2112398,찬성,2021-12-02
21,J9S37905,2112398,불참,2021-12-02
21,VRY5522V,2112398,찬성,2021-12-02
21,W4X85128,2112398,찬성,2021-12-02
21,Q9H5708M,2112398,찬성,2021-12-02
21,CFE3998F,2112398,불참,2021-12-02
21,2NV6751W,2112398,찬성,2021-12-02
21,BM63269Y,2112398,불참,2021-12-02
21,XR24352K,2112398,찬성,2021-12-02
21,GOC54665,2112398,찬성,2021-12-02
21,DBA1057Z,2112398,찬성,2021-12-02
21,2UD1340H,2112398,찬성,2021-12-02
21,9VR65006,2112398,불참,2021-12-02
21,X7I4680R,2112398,찬성,2021-12-02
21,D0C85236,2112398,찬성,2021-12-02
21,JNL7001A,2112398,불참,2021-12-02
21,L7T64271,2112398,찬성,2021-12-02
21,4X525582,2112398,불참,2021-12-02
21,G7512472,2112398,찬성,2021-12-02
21,3TO11703,2112398,찬성,2021-12-02
21,S741317G,2112398,불참,2021-12-02
21,CCU1009B,2112398,찬성,2021-12-02
21,MU69217P,2112398,찬성,2021-12-02
21,66W6739S,2112398,불참,2021-12-02
21,LM13674V,2112398,찬성,2021-12-02
21,USR7059P,2112398,불참,2021-12-02
21,4XG1439M,2112398,찬성,2021-12-02
21,P2N50879,2112398,찬성,2021-12-02
21,A0P4646G,2112398,찬성,2021-12-02
21,A2V51235,2112398,찬성,2021-12-02
21,7I09543O,2112398,찬성,2021-12-02
21,1X376850,2112398,찬성,2021-12-02
21,3DK8989T,2112398,불참,2021-12-02
21,7469929V,2112398,찬성,2021-12-02
21,D4L60530,2112398,찬성,2021-12-02
21,M6H1705E,2112398,찬성,2021-12-02
21,OFE45081,2112398,찬성,2021-12-02
21,09I2323E,2112398,찬성,2021-12-02
21,NTT8182Q,2112398,찬성,2021-12-02
21,ZYH1940A,2112398,찬성,2021-12-02
21,0VU8517U,2112398,불참,2021-12-02
21,M0A1658U,2112398,찬성,2021-12-02
21,HSW1214Q,2112398,찬성,2021-12-02
21,NZF1659U,2112398,찬성,2021-12-02
21,WDS6044S,2112398,불참,2021-12-02
21,KR14136C,2112398,찬성,2021-12-02
21,SRP7336N,2112398,불참,2021-12-02
21,5765663F,2112398,찬성,2021-12-02
21,ZKU88693,2112398,찬성,2021-12-02
21,5KV96424,2112398,찬성,2021-12-02
21,KNM3215T,2112398,찬성,2021-12-02
21,M7T9712V,2112398,찬성,2021-12-02
21,60490713,2112398,불참,2021-12-02
21,UM51067K,2112398,찬성,2021-12-02
21,1WE5693J,2112398,찬성,2021-12-02
21,X3170462,2112398,찬성,2021-12-02
21,8FB1535Y,2112398,찬성,2021-12-02
21,4T026790,2112398,찬성,2021-12-02
21,WFU14784,2112398,불참,2021-12-02
21,SU53086M,2112398,불참,2021-12-02
21,0WL9321T,2112398,찬성,2021-12-02
21,PZA4062H,2112398,찬성,2021-12-02
21,GF286398,2112398,찬성,2021-12-02
21,8348421R,2112398,불참,2021-12-02
21,H5476989,2112398,찬성,2021-12-02
21,40E3739H,2112398,찬성,2021-12-02
21,0R68099X,2112398,찬성,2021-12-02
21,2385336L,2112398,찬성,2021-12-02
21,IN328264,2112398,찬성,2021-12-02
21,XBT9550Q,2112398,찬성,2021-12-02
21,ZA54991S,2112398,찬성,2021-12-02
21,MO52543L,2112398,찬성,2021-12-02
21,0827740Q,2112398,찬성,2021-12-02
21,0W194007,2112398,찬성,2021-12-02
21,X1K3667J,2112398,찬성,2021-12-02
21,WMG57662,2112398,찬성,2021-12-02
21,NCP9875N,2112398,찬성,2021-12-02
21,I5I2468R,2112398,찬성,2021-12-02
21,WTR5885Y,2112398,찬성,2021-12-02
21,3425169D,2112398,찬성,2021-12-02
21,ICH23251,2112398,찬성,2021-12-02
21,25I8709Q,2112398,찬성,2021-12-02
21,OIA3741M,2112398,찬성,2021-12-02
21,6MO8786S,2112398,찬성,2021-12-02
21,XWX1513T,2112398,찬성,2021-12-02
21,NQR1206Q,2112398,불참,2021-12-02
21,NAL4555X,2112398,불참,2021-12-02
21,OW53107J,2112398,찬성,2021-12-02
21,PEP6922S,2112398,찬성,2021-12-02
21,DAN6731C,2112398,찬성,2021-12-02
21,L2I9861C,2112398,기권,2021-12-02
21,SVH3899R,2112398,찬성,2021-12-02
21,IOW8224X,2112398,찬성,2021-12-02
21,9JF4562W,2112398,찬성,2021-12-02
21,Y7K5946R,2112398,찬성,2021-12-02
21,Z7Y7827F,2112398,찬성,2021-12-02
21,ATB59635,2112398,찬성,2021-12-02
21,SBK1544B,2112398,불참,2021-12-02
21,D6U6678O,2112398,찬성,2021-12-02
21,S9U45255,2112398,불참,2021-12-02
21,8SV6917G,2112398,찬성,2021-12-02
21,QKO6165V,2112398,불참,2021-12-02
21,GD131760,2112398,찬성,2021-12-02
21,ZRF3039U,2112398,찬성,2021-12-02
21,68P7228G,2112398,불참,2021-12-02
21,P0F1530P,2112398,불참,2021-12-02
21,XPP2564T,2112398,불참,2021-12-02
21,LQW3652K,2112398,찬성,2021-12-02
21,PFG2137X,2112398,찬성,2021-12-02
21,GAV6441G,2112398,찬성,2021-12-02
21,0YT3774N,2112398,불참,2021-12-02
21,7JC3239L,2112398,찬성,2021-12-02
21,40S1959J,2112398,찬성,2021-12-02
21,IL74008M,2112398,찬성,2021-12-02
21,8KF7223D,2112398,찬성,2021-12-02
21,8P37634C,2112398,찬성,2021-12-02
21,N4R2421C,2112398,불참,2021-12-02
21,3C23171A,2112398,찬성,2021-12-02
21,GDG1847Z,2112398,불참,2021-12-02
21,P2N4585G,2112398,찬성,2021-12-02
21,TVF3669B,2112398,찬성,2021-12-02
21,JMY9959W,2112398,찬성,2021-12-02
21,7R156073,2112398,불참,2021-12-02
21,6AR6743G,2112398,찬성,2021-12-02
21,VCP96419,2112398,찬성,2021-12-02
21,8VJ8533R,2112398,찬성,2021-12-02
21,B7D7534L,2112398,불참,2021-12-02
21,GX22581L,2112398,찬성,2021-12-02
21,SE233396,2112398,찬성,2021-12-02
21,AFH96856,2112398,찬성,2021-12-02
21,52P3934K,2112398,찬성,2021-12-02
21,6399076T,2112398,찬성,2021-12-02
21,WHV3448W,2112398,찬성,2021-12-02
21,LH97552Q,2112398,찬성,2021-12-02
21,TKJ4800F,2112398,불참,2021-12-02
21,O6D8329R,2112398,찬성,2021-12-02
21,04T3751T,2112398,불참,2021-12-02
21,MSY7784L,2112398,불참,2021-12-02
21,EVH1507C,2112398,찬성,2021-12-02
21,K5F2023J,2112398,찬성,2021-12-02
21,14M56632,2112398,불참,2021-12-02
21,5MD4184K,2112398,불참,2021-12-02
21,5K93695T,2112398,찬성,2021-12-02
21,DPZ7685X,2112398,찬성,2021-12-02
21,6U243644,2112398,찬성,2021-12-02
21,UHB5553T,2112398,찬성,2021-12-02
21,A494529E,2112398,불참,2021-12-02
21,CAA7713A,2112398,찬성,2021-12-02
21,0PK7354M,2112398,찬성,2021-12-02
21,O0I2045I,2112398,찬성,2021-12-02
21,CZB4125D,2112398,불참,2021-12-02
21,Z6R3959C,2112398,찬성,2021-12-02
21,QUM8288K,2112398,찬성,2021-12-02
21,UGH6481E,2112398,찬성,2021-12-02
21,S824682L,2112398,찬성,2021-12-02
21,JZY9937U,2112398,찬성,2021-12-02
21,MRK4871S,2112398,불참,2021-12-02
21,YKW37422,2112398,불참,2021-12-02
21,M7O7878U,2112398,불참,2021-12-02
21,YLS4431M,2112398,불참,2021-12-02
21,MNZ4401T,2112398,찬성,2021-12-02
21,3ZR4438W,2112398,불참,2021-12-02
21,HSS7466Y,2112398,불참,2021-12-02
21,16D7652C,2112398,찬성,2021-12-02
21,KB04377U,2112398,찬성,2021-12-02
21,FU53642G,2112398,찬성,2021-12-02
21,MLH1404S,2112398,찬성,2021-12-02
21,8VY63414,2112398,불참,2021-12-02
21,QQP4727N,2112398,찬성,2021-12-02
21,JEZ3130Q,2112398,찬성,2021-12-02
21,BCQ55105,2112398,찬성,2021-12-02
21,9L57027L,2112398,찬성,2021-12-02
21,5UN9725L,2112398,불참,2021-12-02
21,LJK4960Z,2112398,찬성,2021-12-02
21,K3W33496,2112398,찬성,2021-12-02
21,M2Q9024I,2112398,찬성,2021-12-02
21,CI15627C,2112398,찬성,2021-12-02
21,21N57758,2112398,불참,2021-12-02
21,C7E79345,2112398,불참,2021-12-02
21,4019850M,2112398,찬성,2021-12-02
21,UQ282145,2112398,찬성,2021-12-02
21,9YO73104,2112398,찬성,2021-12-02
21,TRE2429O,2112398,찬성,2021-12-02
21,E6U4345C,2112398,찬성,2021-12-02
21,7BM2933Y,2112398,찬성,2021-12-02
21,CDL93608,2112398,찬성,2021-12-02
21,EMC8812P,2112398,기권,2021-12-02
21,XJC13432,2112398,불참,2021-12-02
21,XSP20229,2112398,찬성,2021-12-02
21,RQQ3807K,2112398,찬성,2021-12-02
21,FH777496,2112398,불참,2021-12-02
21,FYI20317,2112398,찬성,2021-12-02
21,ZYP7962W,2112398,불참,2021-12-02
21,CNW5754J,2112398,찬성,2021-12-02
21,3249208I,2112398,찬성,2021-12-02
21,GX38539O,2112398,찬성,2021-12-02
21,8Q88373R,2112398,찬성,2021-12-02
21,XEF29171,2112398,찬성,2021-12-02
21,WVU2479T,2112398,불참,2021-12-02
21,QTW6852F,2112398,찬성,2021-12-02
21,7XY7109I,2112398,불참,2021-12-02
21,L7J93733,2112398,찬성,2021-12-02
21,DAV7257X,2112398,찬성,2021-12-02
21,LT72093S,2112398,찬성,2021-12-02
21,GE71932C,2112398,찬성,2021-12-02
21,6YT83269,2112398,찬성,2021-12-02
21,17M85910,2112398,찬성,2021-12-02
21,G152611B,2112398,찬성,2021-12-02
21,I7R13867,2112398,찬성,2021-12-02
21,SQ36001H,2112398,찬성,2021-12-02
21,G1570880,2112398,찬성,2021-12-02
21,QUO78839,2112398,찬성,2021-12-02
21,BT62420K,2112398,불참,2021-12-02
21,MD083627,2112398,찬성,2021-12-02
21,TZP9391O,2112398,찬성,2021-12-02
21,OSV9142K,2112398,찬성,2021-12-02
21,B7R2742J,2112398,찬성,2021-12-02
21,FJK3396E,2112398,불참,2021-12-02
21,ZDP5704Q,2112398,찬성,2021-12-02
21,71J2365L,2112398,불참,2021-12-02
21,7O71647Z,2112398,찬성,2021-12-02
21,W1Q6753M,2112398,찬성,2021-12-02
21,RD42006Y,2112398,찬성,2021-12-02
21,6EN68926,2112398,불참,2021-12-02
21,TJW93720,2112398,찬성,2021-12-02
21,9S151177,2112398,불참,2021-12-02
21,TZ228122,2112398,찬성,2021-12-02
21,F5U2979W,2116766,불참,2023-02-27
21,YOG1280B,2116766,불참,2023-02-27
21,DWK26447,2116766,불참,2023-02-27
21,NUB4941Z,2116766,찬성,2023-02-27
21,NLR6572J,2116766,찬성,2023-02-27
21,YTA7297R,2116766,찬성,2023-02-27
21,JNL7001A,2116766,찬성,2023-02-27
21,L7T64271,2116766,찬성,2023-02-27
21,GKD32201,2116766,불참,2023-02-27
21,G7512472,2116766,불참,2023-02-27
21,3TO11703,2116766,찬성,2023-02-27
21,CCU1009B,2116766,찬성,2023-02-27
21,MU69217P,2116766,불참,2023-02-27
21,66W6739S,2116766,불참,2023-02-27
21,LM13674V,2116766,찬성,2023-02-27
21,QD25323M,2116766,불참,2023-02-27
21,JVB6983V,2116766,찬성,2023-02-27
21,DAY6557K,2116766,찬성,2023-02-27
21,GP07421U,2116766,찬성,2023-02-27
21,FGI27280,2116766,불참,2023-02-27
21,4XG1439M,2116766,불참,2023-02-27
21,P2N50879,2116766,기권,2023-02-27
21,A0P4646G,2116766,찬성,2023-02-27
21,A2V51235,2116766,찬성,2023-02-27
21,7I09543O,2116766,찬성,2023-02-27
21,3DK8989T,2116766,찬성,2023-02-27
21,7469929V,2116766,찬성,2023-02-27
21,D4L60530,2116766,찬성,2023-02-27
21,M6H1705E,2116766,찬성,2023-02-27
21,OFE45081,2116766,불참,2023-02-27
21,09I2323E,2116766,찬성,2023-02-27
21,NTT8182Q,2116766,반대,2023-02-27
21,ZYH1940A,2116766,불참,2023-02-27
21,0VU8517U,2116766,찬성,2023-02-27
21,M0A1658U,2116766,불참,2023-02-27
21,HSW1214Q,2116766,찬성,2023-02-27
21,WDS6044S,2116766,찬성,2023-02-27
21,3BC6890E,2116766,찬성,2023-02-27
21,ZDR63255,2116766,찬성,2023-02-27
21,KR14136C,2116766,찬성,2023-02-27
21,SRP7336N,2116766,찬성,2023-02-27
21,GFF1986K,2116766,찬성,2023-02-27
21,ZKU88693,2116766,불참,2023-02-27
21,WJL30106,2116766,불참,2023-02-27
21,5KV96424,2116766,찬성,2023-02-27
21,60490713,2116766,불참,2023-02-27
21,UM51067K,2116766,찬성,2023-02-27
21,HKJ99607,2116766,찬성,2023-02-27
21,1WE5693J,2116766,찬성,2023-02-27
21,X3170462,2116766,불참,2023-02-27
21,8FB1535Y,2116766,찬성,2023-02-27
21,4T026790,2116766,찬성,2023-02-27
21,EH27538E,2116766,찬성,2023-02-27
21,WFU14784,2116766,불참,2023-02-27
21,SU53086M,2116766,찬성,2023-02-27
21,PZA4062H,2116766,찬성,2023-02-27
21,MR210505,2116766,불참,2023-02-27
21,GF286398,2116766,찬성,2023-02-27
21,8348421R,2116766,찬성,2023-02-27
21,H5476989,2116766,찬성,2023-02-27
21,JQA21112,2116766,찬성,2023-02-27
21,4L695580,2116766,불참,2023-02-27
21,40E3739H,2116766,찬성,2023-02-27
21,HXT76735,2116766,불참,2023-02-27
21,RPN2293B,2116766,불참,2023-02-27
21,0R68099X,2116766,불참,2023-02-27
21,6RM29022,2116766,찬성,2023-02-27
21,MQU41854,2116766,불참,2023-02-27
21,V429892C,2116766,찬성,2023-02-27
21,2385336L,2116766,찬성,2023-02-27
21,IN328264,2116766,불참,2023-02-27
21,XBT9550Q,2116766,불참,2023-02-27
21,ZA54991S,2116766,찬성,2023-02-27
21,MO52543L,2116766,찬성,2023-02-27
21,0827740Q,2116766,찬성,2023-02-27
21,0W194007,2116766,찬성,2023-02-27
21,X1K3667J,2116766,불참,2023-02-27
21,WMG57662,2116766,찬성,2023-02-27
21,NCP9875N,2116766,찬성,2023-02-27
21,I5I2468R,2116766,찬성,2023-02-27
21,WTR5885Y,2116766,불참,2023-02-27
21,3425169D,2116766,찬성,2023-02-27
21,IOW1101J,2116766,불참,2023-02-27
21,ICH23251,2116766,불참,2023-02-27
21,25I8709Q,2116766,찬성,2023-02-27
21,OIA3741M,2116766,불참,2023-02-27
21,XWX1513T,2116766,불참,2023-02-27
21,CT85313K,2116766,찬성,2023-02-27
21,BLC8630L,2116766,찬성,2023-02-27
21,NQR1206Q,2116766,찬성,2023-02-27
21,LG63087O,2116766,불참,2023-02-27
21,PEP6922S,2116766,불참,2023-02-27
21,DAN6731C,2116766,불참,2023-02-27
21,VG24001G,2116766,찬성,2023-02-27
21,L2I9861C,2116766,기권,2023-02-27
21,WCD5518S,2116766,불참,2023-02-27
21,SVH3899R,2116766,불참,2023-02-27
21,9JF4562W,2116766,찬성,2023-02-27
21,Y7K5946R,2116766,찬성,2023-02-27
21,ATB59635,2116766,불참,2023-02-27
21,SBK1544B,2116766,불참,2023-02-27
21,KUO3574J,2116766,찬성,2023-02-27
21,D6U6678O,2116766,찬성,2023-02-27
21,FU87526G,2116766,기권,2023-02-27
21,S9U45255,2116766,찬성,2023-02-27
21,8SV6917G,2116766,찬성,2023-02-27
21,8FC9697X,2116766,불참,2023-02-27
21,QKO6165V,2116766,불참,2023-02-27
21,ZRF3039U,2116766,찬성,2023-02-27
21,V0O5343U,2116766,불참,2023-02-27
21,68P7228G,2116766,찬성,2023-02-27
21,P0F1530P,2116766,불참,2023-02-27
21,XPP2564T,2116766,불참,2023-02-27
21,FRN1867O,2116766,찬성,2023-02-27
21,LQW3652K,2116766,찬성,2023-02-27
21,RO593601,2116766,찬성,2023-02-27
21,PFG2137X,2116766,찬성,2023-02-27
21,UB114374,2116766,불참,2023-02-27
21,GAV6441G,2116766,찬성,2023-02-27
21,0YT3774N,2116766,찬성,2023-02-27
21,40S1959J,2116766,불참,2023-02-27
21,IL74008M,2116766,불참,2023-02-27
21,8KF7223D,2116766,찬성,2023-02-27
21,CNZ51556,2116766,찬성,2023-02-27
21,N4R2421C,2116766,찬성,2023-02-27
21,3C23171A,2116766,찬성,2023-02-27
21,GDG1847Z,2116766,찬성,2023-02-27
21,P2N4585G,2116766,찬성,2023-02-27
21,JMY9959W,2116766,찬성,2023-02-27
21,7R156073,2116766,찬성,2023-02-27
21,J2O8643H,2116766,찬성,2023-02-27
21,VCP96419,2116766,불참,2023-02-27
21,6AU2417B,2116766,찬성,2023-02-27
21,8VJ8533R,2116766,찬성,2023-02-27
21,B7D7534L,2116766,찬성,2023-02-27
21,GX22581L,2116766,찬성,2023-02-27
21,SE233396,2116766,찬성,2023-02-27
21,AFH96856,2116766,찬성,2023-02-27
21,52P3934K,2116766,찬성,2023-02-27
21,B7H6207C,2116766,찬성,2023-02-27
21,6399076T,2116766,찬성,2023-02-27
21,4U29186R,2116766,불참,2023-02-27
21,F5Y4026Q,2116766,찬성,2023-02-27
21,WHV3448W,2116766,찬성,2023-02-27
21,6RD62559,2116766,찬성,2023-02-27
21,1Y73132H,2116766,찬성,2023-02-27
21,I0S53762,2116766,찬성,2023-02-27
21,TKJ4800F,2116766,찬성,2023-02-27
21,O6D8329R,2116766,반대,2023-02-27
21,04T3751T,2116766,불참,2023-02-27
21,MSY7784L,2116766,찬성,2023-02-27
21,EVH1507C,2116766,찬성,2023-02-27
21,K5F2023J,2116766,찬성,2023-02-27
21,14M56632,2116766,불참,2023-02-27
21,N9X9673B,2116766,불참,2023-02-27
21,5MD4184K,2116766,찬성,2023-02-27
21,5K93695T,2116766,불참,2023-02-27
21,6U243644,2116766,불참,2023-02-27
21,E9R4507P,2116766,불참,2023-02-27
21,UHB5553T,2116766,찬성,2023-02-27
21,KFS1358P,2116766,찬성,2023-02-27
21,J9S37905,2116766,불참,2023-02-27
21,A494529E,2116766,불참,2023-02-27
21,VRY5522V,2116766,기권,2023-02-27
21,CAA7713A,2116766,찬성,2023-02-27
21,0PK7354M,2116766,불참,2023-02-27
21,O0I2045I,2116766,찬성,2023-02-27
21,CZB4125D,2116766,불참,2023-02-27
21,Z6R3959C,2116766,찬성,2023-02-27
21,UGH6481E,2116766,찬성,2023-02-27
21,S824682L,2116766,찬성,2023-02-27
21,W4X85128,2116766,불참,2023-02-27
21,Q9H5708M,2116766,불참,2023-02-27
21,JZY9937U,2116766,불참,2023-02-27
21,MRK4871S,2116766,불참,2023-02-27
21,YKW37422,2116766,불참,2023-02-27
21,2NV6751W,2116766,찬성,2023-02-27
21,BM63269Y,2116766,기권,2023-02-27
21,M7O7878U,2116766,찬성,2023-02-27
21,YLS4431M,2116766,불참,2023-02-27
21,MNZ4401T,2116766,찬성,2023-02-27
21,3ZR4438W,2116766,찬성,2023-02-27
21,HSS7466Y,2116766,불참,2023-02-27
21,KB04377U,2116766,불참,2023-02-27
21,FU53642G,2116766,기권,2023-02-27
21,MLH1404S,2116766,불참,2023-02-27
21,8VY63414,2116766,찬성,2023-02-27
21,XR24352K,2116766,찬성,2023-02-27
21,QQP4727N,2116766,불참,2023-02-27
21,JEZ3130Q,2116766,찬성,2023-02-27
21,BCQ55105,2116766,불참,2023-02-27
21,9L57027L,2116766,찬성,2023-02-27
21,GOC54665,2116766,불참,2023-02-27
21,5UN9725L,2116766,찬성,2023-02-27
21,LJK4960Z,2116766,찬성,2023-02-27
21,IUD9392R,2116766,찬성,2023-02-27
21,K3W33496,2116766,찬성,2023-02-27
21,M2Q9024I,2116766,찬성,2023-02-27
21,DBA1057Z,2116766,불참,2023-02-27
21,CI15627C,2116766,기권,2023-02-27
21,C7E79345,2116766,불참,2023-02-27
21,4019850M,2116766,불참,2023-02-27
21,UQ282145,2116766,불참,2023-02-27
21,9YO73104,2116766,찬성,2023-02-27
21,TRE2429O,2116766,찬성,2023-02-27
21,E6U4345C,2116766,찬성,2023-02-27
21,7BM2933Y,2116766,찬성,2023-02-27
21,CDL93608,2116766,불참,2023-02-27
21,2UD1340H,2116766,찬성,2023-02-27
21,9VR65006,2116766,불참,2023-02-27
21,X7I4680R,2116766,불참,2023-02-27
21,EMC8812P,2116766,찬성,2023-02-27
21,XJC13432,2116766,불참,2023-02-27
21,XSP20229,2116766,찬성,2023-02-27
21,T465023H,2116766,찬성,2023-02-27
21,3RW63706,2116766,찬성,2023-02-27
21,RQQ3807K,2116766,찬성,2023-02-27
21,FH777496,2116766,찬성,2023-02-27
21,FYI20317,2116766,불참,2023-02-27
21,8X15119P,2116766,불참,2023-02-27
21,ZYP7962W,2116766,불참,2023-02-27
21,CNW5754J,2116766,불참,2023-02-27
21,3249208I,2116766,불참,2023-02-27
21,GX38539O,2116766,찬성,2023-02-27
21,8Q88373R,2116766,불참,2023-02-27
21,XEF29171,2116766,불참,2023-02-27
21,WVU2479T,2116766,찬성,2023-02-27
21,9D939735,2116766,찬성,2023-02-27
21,QTW6852F,2116766,불참,2023-02-27
21,7XY7109I,2116766,찬성,2023-02-27
21,TST4507I,2116766,불참,2023-02-27
21,JC14718Q,2116766,찬성,2023-02-27
21,5KV82250,2116766,불참,2023-02-27
21,L7J93733,2116766,찬성,2023-02-27
21,GE71932C,2116766,불참,2023-02-27
21,6YT83269,2116766,불참,2023-02-27
21,FDC3144T,2116766,찬성,2023-02-27
21,I7R13867,2116766,찬성,2023-02-27
21,SQ36001H,2116766,불참,2023-02-27
21,G1570880,2116766,찬성,2023-02-27
21,FOK3459D,2116766,찬성,2023-02-27
21,QUO78839,2116766,불참,2023-02-27
21,LPB30152,2116766,찬성,2023-02-27
21,MD083627,2116766,불참,2023-02-27
21,TZP9391O,2116766,찬성,2023-02-27
21,6V37131U,2116766,불참,2023-02-27
21,OSV9142K,2116766,찬성,2023-02-27
21,B7R2742J,2116766,찬성,2023-02-27
21,FJK3396E,2116766,불참,2023-02-27
21,ZDP5704Q,2116766,찬성,2023-02-27
21,71J2365L,2116766,찬성,2023-02-27
21,7O71647Z,2116766,불참,2023-02-27
21,W1Q6753M,2116766,찬성,2023-02-27
21,E1J8836Y,2116766,불참,2023-02-27
21,RD42006Y,2116766,불참,2023-02-27
21,6EN68926,2116766,찬성,2023-02-27
21,QHL3248U,2116766,불참,2023-02-27
21,TJW93720,2116766,찬성,2023-02-27
21,9S151177,2116766,불참,2023-02-27
21,TZ228122,2116766,불참,2023-02-27
21,9V18755A,2116766,찬성,2023-02-27
21,XA42275R,2116766,찬성,2023-02-27
21,PO64874I,2116766,찬성,2023-02-27
21,LBC8144B,2116766,찬성,2023-02-27
21,VHK3402G,2116766,불참,2023-02-27
21,FIC9046Z,2116766,불참,2023-02-27
21,1BX7234U,2116766,찬성,2023-02-27
21,4X525582,2116766,찬성,2023-02-27
21,S741317G,2116766,불참,2023-02-27
21,2N793392,2116766,찬성,2023-02-27
21,USR7059P,2116766,불참,2023-02-27
21,A3H7195R,2116766,불참,2023-02-27
21,NZF1659U,2116766,불참,2023-02-27
21,5765663F,2116766,찬성,2023-02-27
21,KNM3215T,2116766,찬성,2023-02-27
21,M7T9712V,2116766,불참,2023-02-27
21,MY318392,2116766,찬성,2023-02-27
21,0WL9321T,2116766,찬성,2023-02-27
21,6MO8786S,2116766,찬성,2023-02-27
21,OW53107J,2116766,찬성,2023-02-27
21,IOW8224X,2116766,찬성,2023-02-27
21,Z7Y7827F,2116766,찬성,2023-02-27
21,GD131760,2116766,불참,2023-02-27
21,7JC3239L,2116766,찬성,2023-02-27
21,8P37634C,2116766,찬성,2023-02-27
21,O7R5461J,2116766,찬성,2023-02-27
21,6AR6743G,2116766,찬성,2023-02-27
21,LH97552Q,2116766,찬성,2023-02-27
21,DPZ7685X,2116766,찬성,2023-02-27
21,QUM8288K,2116766,불참,2023-02-27
21,16D7652C,2116766,불참,2023-02-27
21,DAV7257X,2116766,찬성,2023-02-27
21,LT72093S,2116766,불참,2023-02-27
21,1MU99298,2116766,불참,2023-02-27
21,17M85910,2116766,찬성,2023-02-27
21,G152611B,2116766,불참,2023-02-27
21,9LD2641Q,2116766,찬성,2023-02-27
21,BT62420K,2116766,찬성,2023-02-27
21,KFM1081G,2116766,불참,2023-02-27
21,F5U2979W,2122989,찬성,2023-06-30
21,YOG1280B,2122989,찬성,2023-06-30
21,DWK26447,2122989,찬성,2023-06-30
21,KFM1081G,2122989,찬성,2023-06-30
21,NLR6572J,2122989,찬성,2023-06-30
21,L7T64271,2122989,찬성,2023-06-30
21,G7512472,2122989,찬성,2023-06-30
21,S741317G,2122989,찬성,2023-06-30
21,CCU1009B,2122989,불참,2023-06-30
21,MU69217P,2122989,찬성,2023-06-30
21,2N793392,2122989,찬성,2023-06-30
21,66W6739S,2122989,찬성,2023-06-30
21,LM13674V,2122989,찬성,2023-06-30
21,QD25323M,2122989,찬성,2023-06-30
21,DAY6557K,2122989,찬성,2023-06-30
21,GP07421U,2122989,찬성,2023-06-30
21,USR7059P,2122989,찬성,2023-06-30
21,4XG1439M,2122989,찬성,2023-06-30
21,P2N50879,2122989,찬성,2023-06-30
21,A0P4646G,2122989,찬성,2023-06-30
21,A2V51235,2122989,찬성,2023-06-30
21,7I09543O,2122989,찬성,2023-06-30
21,3DK8989T,2122989,찬성,2023-06-30
21,7469929V,2122989,찬성,2023-06-30
21,D4L60530,2122989,찬성,2023-06-30
21,M6H1705E,2122989,찬성,2023-06-30
21,OFE45081,2122989,찬성,2023-06-30
21,09I2323E,2122989,찬성,2023-06-30
21,ZYH1940A,2122989,찬성,2023-06-30
21,HSW1214Q,2122989,찬성,2023-06-30
21,NZF1659U,2122989,불참,2023-06-30
21,WDS6044S,2122989,찬성,2023-06-30
21,ZDR63255,2122989,찬성,2023-06-30
21,KR14136C,2122989,불참,2023-06-30
21,SRP7336N,2122989,찬성,2023-06-30
21,5765663F,2122989,찬성,2023-06-30
21,GFF1986K,2122989,찬성,2023-06-30
21,ZKU88693,2122989,찬성,2023-06-30
21,M7T9712V,2122989,찬성,2023-06-30
21,60490713,2122989,찬성,2023-06-30
21,UM51067K,2122989,찬성,2023-06-30
21,HKJ99607,2122989,찬성,2023-06-30
21,1WE5693J,2122989,찬성,2023-06-30
21,X3170462,2122989,찬성,2023-06-30
21,MY318392,2122989,찬성,2023-06-30
21,8FB1535Y,2122989,찬성,2023-06-30
21,4T026790,2122989,찬성,2023-06-30
21,EH27538E,2122989,찬성,2023-06-30
21,WFU14784,2122989,찬성,2023-06-30
21,SU53086M,2122989,찬성,2023-06-30
21,0WL9321T,2122989,찬성,2023-06-30
21,PZA4062H,2122989,불참,2023-06-30
21,MR210505,2122989,불참,2023-06-30
21,GF286398,2122989,찬성,2023-06-30
21,8348421R,2122989,찬성,2023-06-30
21,4L695580,2122989,찬성,2023-06-30
21,40E3739H,2122989,찬성,2023-06-30
21,HXT76735,2122989,찬성,2023-06-30
21,RPN2293B,2122989,찬성,2023-06-30
21,0R68099X,2122989,찬성,2023-06-30
21,MQU41854,2122989,찬성,2023-06-30
21,V429892C,2122989,찬성,2023-06-30
21,2385336L,2122989,찬성,2023-06-30
21,IN328264,2122989,찬성,2023-06-30
21,XBT9550Q,2122989,찬성,2023-06-30
21,ZA54991S,2122989,찬성,2023-06-30
21,MO52543L,2122989,불참,2023-06-30
21,0827740Q,2122989,찬성,2023-06-30
21,0W194007,2122989,찬성,2023-06-30
21,X1K3667J,2122989,찬성,2023-06-30
21,WMG57662,2122989,찬성,2023-06-30
21,NCP9875N,2122989,찬성,2023-06-30
21,I5I2468R,2122989,찬성,2023-06-30
21,WTR5885Y,2122989,찬성,2023-06-30
21,3425169D,2122989,불참,2023-06-30
21,IOW1101J,2122989,찬성,2023-06-30
21,25I8709Q,2122989,찬성,2023-06-30
21,OIA3741M,2122989,찬성,2023-06-30
21,6MO8786S,2122989,찬성,2023-06-30
21,XWX1513T,2122989,찬성,2023-06-30
21,CT85313K,2122989,찬성,2023-06-30
21,BLC8630L,2122989,찬성,2023-06-30
21,NQR1206Q,2122989,찬성,2023-06-30
21,LG63087O,2122989,불참,2023-06-30
21,DAN6731C,2122989,찬성,2023-06-30
21,VG24001G,2122989,찬성,2023-06-30
21,L2I9861C,2122989,찬성,2023-06-30
21,WCD5518S,2122989,찬성,2023-06-30
21,SVH3899R,2122989,찬성,2023-06-30
21,9JF4562W,2122989,찬성,2023-06-30
21,Y7K5946R,2122989,찬성,2023-06-30
21,Z7Y7827F,2122989,찬성,2023-06-30
21,ATB59635,2122989,찬성,2023-06-30
21,SBK1544B,2122989,불참,2023-06-30
21,KUO3574J,2122989,찬성,2023-06-30
21,D6U6678O,2122989,찬성,2023-06-30
21,FU87526G,2122989,찬성,2023-06-30
21,S9U45255,2122989,찬성,2023-06-30
21,8FC9697X,2122989,찬성,2023-06-30
21,QKO6165V,2122989,불참,2023-06-30
21,GD131760,2122989,찬성,2023-06-30
21,ZRF3039U,2122989,찬성,2023-06-30
21,V0O5343U,2122989,찬성,2023-06-30
21,68P7228G,2122989,찬성,2023-06-30
21,P0F1530P,2122989,불참,2023-06-30
21,XPP2564T,2122989,찬성,2023-06-30
21,FRN1867O,2122989,찬성,2023-06-30
21,LQW3652K,2122989,찬성,2023-06-30
21,RO593601,2122989,찬성,2023-06-30
21,GAV6441G,2122989,찬성,2023-06-30
21,0YT3774N,2122989,찬성,2023-06-30
21,7JC3239L,2122989,불참,2023-06-30
21,40S1959J,2122989,찬성,2023-06-30
21,IL74008M,2122989,찬성,2023-06-30
21,8KF7223D,2122989,찬성,2023-06-30
21,8P37634C,2122989,찬성,2023-06-30
21,CNZ51556,2122989,찬성,2023-06-30
21,N4R2421C,2122989,찬성,2023-06-30
21,3C23171A,2122989,찬성,2023-06-30
21,GDG1847Z,2122989,찬성,2023-06-30
21,P2N4585G,2122989,찬성,2023-06-30
21,JMY9959W,2122989,찬성,2023-06-30
21,7R156073,2122989,찬성,2023-06-30
21,6AR6743G,2122989,찬성,2023-06-30
21,J2O8643H,2122989,찬성,2023-06-30
21,VCP96419,2122989,찬성,2023-06-30
21,6AU2417B,2122989,찬성,2023-06-30
21,8VJ8533R,2122989,찬성,2023-06-30
21,B7D7534L,2122989,찬성,2023-06-30
21,SE233396,2122989,찬성,2023-06-30
21,AFH96856,2122989,찬성,2023-06-30
21,52P3934K,2122989,찬성,2023-06-30
21,6399076T,2122989,찬성,2023-06-30
21,4U29186R,2122989,찬성,2023-06-30
21,F5Y4026Q,2122989,불참,2023-06-30
21,WHV3448W,2122989,찬성,2023-06-30
21,6RD62559,2122989,찬성,2023-06-30
21,1Y73132H,2122989,찬성,2023-06-30
21,LH97552Q,2122989,찬성,2023-06-30
21,TKJ4800F,2122989,찬성,2023-06-30
21,O6D8329R,2122989,찬성,2023-06-30
21,04T3751T,2122989,찬성,2023-06-30
21,MSY7784L,2122989,찬성,2023-06-30
21,K5F2023J,2122989,기권,2023-06-30
21,14M56632,2122989,찬성,2023-06-30
21,N9X9673B,2122989,찬성,2023-06-30
21,5MD4184K,2122989,찬성,2023-06-30
21,5K93695T,2122989,찬성,2023-06-30
21,DPZ7685X,2122989,찬성,2023-06-30
21,E9R4507P,2122989,찬성,2023-06-30
21,UHB5553T,2122989,찬성,2023-06-30
21,KFS1358P,2122989,찬성,2023-06-30
21,J9S37905,2122989,불참,2023-06-30
21,A494529E,2122989,불참,2023-06-30
21,VRY5522V,2122989,찬성,2023-06-30
21,CAA7713A,2122989,찬성,2023-06-30
21,0PK7354M,2122989,찬성,2023-06-30
21,O0I2045I,2122989,불참,2023-06-30
21,Z6R3959C,2122989,찬성,2023-06-30
21,QUM8288K,2122989,불참,2023-06-30
21,UGH6481E,2122989,찬성,2023-06-30
21,W4X85128,2122989,불참,2023-06-30
21,Q9H5708M,2122989,불참,2023-06-30
21,JZY9937U,2122989,찬성,2023-06-30
21,MRK4871S,2122989,찬성,2023-06-30
21,YKW37422,2122989,찬성,2023-06-30
21,2NV6751W,2122989,찬성,2023-06-30
21,BM63269Y,2122989,찬성,2023-06-30
21,M7O7878U,2122989,찬성,2023-06-30
21,YLS4431M,2122989,찬성,2023-06-30
21,MNZ4401T,2122989,찬성,2023-06-30
21,3ZR4438W,2122989,찬성,2023-06-30
21,HSS7466Y,2122989,찬성,2023-06-30
21,KB04377U,2122989,찬성,2023-06-30
21,FU53642G,2122989,찬성,2023-06-30
21,MLH1404S,2122989,찬성,2023-06-30
21,QQP4727N,2122989,불참,2023-06-30
21,JEZ3130Q,2122989,찬성,2023-06-30
21,BCQ55105,2122989,찬성,2023-06-30
21,GOC54665,2122989,불참,2023-06-30
21,5UN9725L,2122989,찬성,2023-06-30
21,IUD9392R,2122989,찬성,2023-06-30
21,K3W33496,2122989,찬성,2023-06-30
21,M2Q9024I,2122989,찬성,2023-06-30
21,DBA1057Z,2122989,찬성,2023-06-30
21,CI15627C,2122989,찬성,2023-06-30
21,C7E79345,2122989,불참,2023-06-30
21,UQ282145,2122989,찬성,2023-06-30
21,TRE2429O,2122989,찬성,2023-06-30
21,E6U4345C,2122989,찬성,2023-06-30
21,7BM2933Y,2122989,찬성,2023-06-30
21,CDL93608,2122989,불참,2023-06-30
21,2UD1340H,2122989,찬성,2023-06-30
21,9VR65006,2122989,불참,2023-06-30
21,X7I4680R,2122989,찬성,2023-06-30
21,EMC8812P,2122989,찬성,2023-06-30
21,XJC13432,2122989,찬성,2023-06-30
21,T465023H,2122989,찬성,2023-06-30
21,3RW63706,2122989,찬성,2023-06-30
21,RQQ3807K,2122989,찬성,2023-06-30
21,FH777496,2122989,찬성,2023-06-30
21,FYI20317,2122989,찬성,2023-06-30
21,ZYP7962W,2122989,찬성,2023-06-30
21,CNW5754J,2122989,찬성,2023-06-30
21,3249208I,2122989,불참,2023-06-30
21,GX38539O,2122989,찬성,2023-06-30
21,8Q88373R,2122989,찬성,2023-06-30
21,XEF29171,2122989,찬성,2023-06-30
21,WVU2479T,2122989,찬성,2023-06-30
21,9D939735,2122989,찬성,2023-06-30
21,QTW6852F,2122989,찬성,2023-06-30
21,7XY7109I,2122989,불참,2023-06-30
21,TST4507I,2122989,찬성,2023-06-30
21,JC14718Q,2122989,찬성,2023-06-30
21,5KV82250,2122989,찬성,2023-06-30
21,LT72093S,2122989,찬성,2023-06-30
21,GE71932C,2122989,찬성,2023-06-30
21,6YT83269,2122989,찬성,2023-06-30
21,FDC3144T,2122989,불참,2023-06-30
21,17M85910,2122989,찬성,2023-06-30
21,SQ36001H,2122989,찬성,2023-06-30
21,G1570880,2122989,찬성,2023-06-30
21,9LD2641Q,2122989,찬성,2023-06-30
21,FOK3459D,2122989,찬성,2023-06-30
21,LPB30152,2122989,찬성,2023-06-30
21,MD083627,2122989,찬성,2023-06-30
21,TZP9391O,2122989,찬성,2023-06-30
21,6V37131U,2122989,찬성,2023-06-30
21,OSV9142K,2122989,찬성,2023-06-30
21,B7R2742J,2122989,찬성,2023-06-30
21,FJK3396E,2122989,찬성,2023-06-30
21,ZDP5704Q,2122989,찬성,2023-06-30
21,71J2365L,2122989,찬성,2023-06-30
21,7O71647Z,2122989,찬성,2023-06-30
21,W1Q6753M,2122989,찬성,2023-06-30
21,E1J8836Y,2122989,불참,2023-06-30
21,RD42006Y,2122989,찬성,2023-06-30
21,6EN68926,2122989,찬성,2023-06-30
21,QHL3248U,2122989,찬성,2023-06-30
21,TJW93720,2122989,찬성,2023-06-30
21,9S151177,2122989,찬성,2023-06-30
21,9V18755A,2122989,찬성,2023-06-30
21,XA42275R,2122989,찬성,2023-06-30
21,PO64874I,2122989,찬성,2023-06-30
21,VHK3402G,2122989,찬성,2023-06-30
21,FIC9046Z,2122989,찬성,2023-06-30
21,LBC8144B,2122989,찬성,2023-06-30
21,YTA7297R,2122989,찬성,2023-06-30
21,4X525582,2122989,찬성,2023-06-30
21,GKD32201,2122989,찬성,2023-06-30
21,3TO11703,2122989,불참,2023-06-30
21,JVB6983V,2122989,찬성,2023-06-30
21,FGI27280,2122989,찬성,2023-06-30
21,NTT8182Q,2122989,찬성,2023-06-30
21,A3H7195R,2122989,찬성,2023-06-30
21,0VU8517U,2122989,불참,2023-06-30
21,M0A1658U,2122989,찬성,2023-06-30
21,3BC6890E,2122989,찬성,2023-06-30
21,WJL30106,2122989,불참,2023-06-30
21,5KV96424,2122989,찬성,2023-06-30
21,KNM3215T,2122989,찬성,2023-06-30
21,H5476989,2122989,찬성,2023-06-30
21,JQA21112,2122989,찬성,2023-06-30
21,6FS10566,2122989,찬성,2023-06-30
21,6RM29022,2122989,찬성,2023-06-30
21,ICH23251,2122989,찬성,2023-06-30
21,OW53107J,2122989,찬성,2023-06-30
21,PEP6922S,2122989,찬성,2023-06-30
21,IOW8224X,2122989,찬성,2023-06-30
21,8SV6917G,2122989,찬성,2023-06-30
21,PFG2137X,2122989,찬성,2023-06-30
21,UB114374,2122989,찬성,2023-06-30
21,O7R5461J,2122989,찬성,2023-06-30
21,GX22581L,2122989,찬성,2023-06-30
21,B7H6207C,2122989,찬성,2023-06-30
21,I0S53762,2122989,찬성,2023-06-30
21,EVH1507C,2122989,찬성,2023-06-30
21,6U243644,2122989,찬성,2023-06-30
21,CZB4125D,2122989,찬성,2023-06-30
21,S824682L,2122989,찬성,2023-06-30
21,16D7652C,2122989,찬성,2023-06-30
21,8VY63414,2122989,찬성,2023-06-30
21,XR24352K,2122989,찬성,2023-06-30
21,9L57027L,2122989,불참,2023-06-30
21,LJK4960Z,2122989,찬성,2023-06-30
21,4019850M,2122989,찬성,2023-06-30
21,9YO73104,2122989,찬성,2023-06-30
21,XSP20229,2122989,찬성,2023-06-30
21,8X15119P,2122989,찬성,2023-06-30
21,L7J93733,2122989,찬성,2023-06-30
21,DAV7257X,2122989,찬성,2023-06-30
21,1MU99298,2122989,찬성,2023-06-30
21,G152611B,2122989,불참,2023-06-30
21,I7R13867,2122989,찬성,2023-06-30
21,QUO78839,2122989,찬성,2023-06-30
21,BT62420K,2122989,찬성,2023-06-30
21,1BX7234U,2122989,찬성,2023-06-30
21,TZ228122,2122989,찬성,2023-06-30
21,NUB4941Z,2122989,찬성,2023-06-30
21,F5U2979W,2118773,불참,2022-12-08
21,YOG1280B,2118773,불참,2022-12-08
21,FIC9046Z,2118773,불참,2022-12-08
21,DWK26447,2118773,불참,2022-12-08
21,NUB4941Z,2118773,찬성,2022-12-08
21,KFM1081G,2118773,찬성,2022-12-08
21,NLR6572J,2118773,찬성,2022-12-08
21,YTA7297R,2118773,찬성,2022-12-08
21,JNL7001A,2118773,찬성,2022-12-08
21,L7T64271,2118773,찬성,2022-12-08
21,4X525582,2118773,불참,2022-12-08
21,GKD32201,2118773,찬성,2022-12-08
21,G7512472,2118773,찬성,2022-12-08
21,3TO11703,2118773,불참,2022-12-08
21,S741317G,2118773,불참,2022-12-08
21,CCU1009B,2118773,찬성,2022-12-08
21,MU69217P,2118773,찬성,2022-12-08
21,2N793392,2118773,찬성,2022-12-08
21,66W6739S,2118773,불참,2022-12-08
21,LM13674V,2118773,찬성,2022-12-08
21,QD25323M,2118773,찬성,2022-12-08
21,JVB6983V,2118773,찬성,2022-12-08
21,DAY6557K,2118773,불참,2022-12-08
21,GP07421U,2118773,찬성,2022-12-08
21,FGI27280,2118773,불참,2022-12-08
21,USR7059P,2118773,불참,2022-12-08
21,4XG1439M,2118773,찬성,2022-12-08
21,P2N50879,2118773,불참,2022-12-08
21,A0P4646G,2118773,불참,2022-12-08
21,A2V51235,2118773,찬성,2022-12-08
21,7I09543O,2118773,찬성,2022-12-08
21,3DK8989T,2118773,불참,2022-12-08
21,7469929V,2118773,찬성,2022-12-08
21,D4L60530,2118773,찬성,2022-12-08
21,M6H1705E,2118773,불참,2022-12-08
21,OFE45081,2118773,찬성,2022-12-08
21,09I2323E,2118773,불참,2022-12-08
21,NTT8182Q,2118773,찬성,2022-12-08
21,A3H7195R,2118773,찬성,2022-12-08
21,ZYH1940A,2118773,불참,2022-12-08
21,0VU8517U,2118773,찬성,2022-12-08
21,M0A1658U,2118773,찬성,2022-12-08
21,HSW1214Q,2118773,찬성,2022-12-08
21,NZF1659U,2118773,불참,2022-12-08
21,WDS6044S,2118773,불참,2022-12-08
21,3BC6890E,2118773,불참,2022-12-08
21,ZDR63255,2118773,찬성,2022-12-08
21,KR14136C,2118773,불참,2022-12-08
21,SRP7336N,2118773,찬성,2022-12-08
21,5765663F,2118773,찬성,2022-12-08
21,GFF1986K,2118773,찬성,2022-12-08
21,ZKU88693,2118773,찬성,2022-12-08
21,WJL30106,2118773,찬성,2022-12-08
21,5KV96424,2118773,찬성,2022-12-08
21,KNM3215T,2118773,찬성,2022-12-08
21,M7T9712V,2118773,찬성,2022-12-08
21,60490713,2118773,찬성,2022-12-08
21,UM51067K,2118773,찬성,2022-12-08
21,HKJ99607,2118773,찬성,2022-12-08
21,1WE5693J,2118773,찬성,2022-12-08
21,X3170462,2118773,불참,2022-12-08
21,MY318392,2118773,불참,2022-12-08
21,8FB1535Y,2118773,찬성,2022-12-08
21,4T026790,2118773,찬성,2022-12-08
21,EH27538E,2118773,찬성,2022-12-08
21,WFU14784,2118773,찬성,2022-12-08
21,SU53086M,2118773,찬성,2022-12-08
21,0WL9321T,2118773,찬성,2022-12-08
21,PZA4062H,2118773,찬성,2022-12-08
21,MR210505,2118773,불참,2022-12-08
21,GF286398,2118773,찬성,2022-12-08
21,8348421R,2118773,불참,2022-12-08
21,H5476989,2118773,찬성,2022-12-08
21,JQA21112,2118773,기권,2022-12-08
21,4L695580,2118773,찬성,2022-12-08
21,40E3739H,2118773,찬성,2022-12-08
21,HXT76735,2118773,찬성,2022-12-08
21,RPN2293B,2118773,찬성,2022-12-08
21,0R68099X,2118773,찬성,2022-12-08
21,6RM29022,2118773,찬성,2022-12-08
21,MQU41854,2118773,찬성,2022-12-08
21,V429892C,2118773,찬성,2022-12-08
21,2385336L,2118773,찬성,2022-12-08
21,IN328264,2118773,불참,2022-12-08
21,XBT9550Q,2118773,찬성,2022-12-08
21,ZA54991S,2118773,찬성,2022-12-08
21,MO52543L,2118773,찬성,2022-12-08
21,0827740Q,2118773,찬성,2022-12-08
21,0W194007,2118773,찬성,2022-12-08
21,X1K3667J,2118773,찬성,2022-12-08
21,WMG57662,2118773,찬성,2022-12-08
21,NCP9875N,2118773,찬성,2022-12-08
21,I5I2468R,2118773,찬성,2022-12-08
21,WTR5885Y,2118773,찬성,2022-12-08
21,3425169D,2118773,찬성,2022-12-08
21,IOW1101J,2118773,불참,2022-12-08
21,ICH23251,2118773,찬성,2022-12-08
21,25I8709Q,2118773,찬성,2022-12-08
21,OIA3741M,2118773,찬성,2022-12-08
21,6MO8786S,2118773,찬성,2022-12-08
21,XWX1513T,2118773,찬성,2022-12-08
21,CT85313K,2118773,찬성,2022-12-08
21,BLC8630L,2118773,찬성,2022-12-08
21,NQR1206Q,2118773,찬성,2022-12-08
21,LG63087O,2118773,불참,2022-12-08
21,OW53107J,2118773,찬성,2022-12-08
21,PEP6922S,2118773,찬성,2022-12-08
21,DAN6731C,2118773,찬성,2022-12-08
21,VG24001G,2118773,찬성,2022-12-08
21,L2I9861C,2118773,기권,2022-12-08
21,WCD5518S,2118773,찬성,2022-12-08
21,SVH3899R,2118773,찬성,2022-12-08
21,IOW8224X,2118773,찬성,2022-12-08
21,9JF4562W,2118773,불참,2022-12-08
21,Y7K5946R,2118773,찬성,2022-12-08
21,Z7Y7827F,2118773,찬성,2022-12-08
21,ATB59635,2118773,찬성,2022-12-08
21,SBK1544B,2118773,불참,2022-12-08
21,KUO3574J,2118773,찬성,2022-12-08
21,D6U6678O,2118773,찬성,2022-12-08
21,FU87526G,2118773,찬성,2022-12-08
21,S9U45255,2118773,불참,2022-12-08
21,8SV6917G,2118773,찬성,2022-12-08
21,8FC9697X,2118773,불참,2022-12-08
21,QKO6165V,2118773,불참,2022-12-08
21,GD131760,2118773,불참,2022-12-08
21,ZRF3039U,2118773,불참,2022-12-08
21,V0O5343U,2118773,찬성,2022-12-08
21,68P7228G,2118773,찬성,2022-12-08
21,P0F1530P,2118773,찬성,2022-12-08
21,XPP2564T,2118773,불참,2022-12-08
21,FRN1867O,2118773,찬성,2022-12-08
21,LQW3652K,2118773,찬성,2022-12-08
21,RO593601,2118773,찬성,2022-12-08
21,PFG2137X,2118773,찬성,2022-12-08
21,UB114374,2118773,찬성,2022-12-08
21,GAV6441G,2118773,찬성,2022-12-08
21,0YT3774N,2118773,찬성,2022-12-08
21,7JC3239L,2118773,불참,2022-12-08
21,40S1959J,2118773,찬성,2022-12-08
21,IL74008M,2118773,찬성,2022-12-08
21,8KF7223D,2118773,찬성,2022-12-08
21,8P37634C,2118773,찬성,2022-12-08
21,CNZ51556,2118773,불참,2022-12-08
21,N4R2421C,2118773,불참,2022-12-08
21,3C23171A,2118773,찬성,2022-12-08
21,GDG1847Z,2118773,불참,2022-12-08
21,P2N4585G,2118773,찬성,2022-12-08
21,O7R5461J,2118773,찬성,2022-12-08
21,JMY9959W,2118773,불참,2022-12-08
21,7R156073,2118773,찬성,2022-12-08
21,6AR6743G,2118773,찬성,2022-12-08
21,J2O8643H,2118773,불참,2022-12-08
21,VCP96419,2118773,찬성,2022-12-08
21,6AU2417B,2118773,불참,2022-12-08
21,8VJ8533R,2118773,찬성,2022-12-08
21,B7D7534L,2118773,찬성,2022-12-08
21,GX22581L,2118773,불참,2022-12-08
21,SE233396,2118773,찬성,2022-12-08
21,AFH96856,2118773,찬성,2022-12-08
21,52P3934K,2118773,불참,2022-12-08
21,B7H6207C,2118773,찬성,2022-12-08
21,6399076T,2118773,찬성,2022-12-08
21,4U29186R,2118773,찬성,2022-12-08
21,F5Y4026Q,2118773,불참,2022-12-08
21,WHV3448W,2118773,찬성,2022-12-08
21,6RD62559,2118773,찬성,2022-12-08
21,1Y73132H,2118773,불참,2022-12-08
21,I0S53762,2118773,기권,2022-12-08
21,LH97552Q,2118773,찬성,2022-12-08
21,TKJ4800F,2118773,불참,2022-12-08
21,O6D8329R,2118773,찬성,2022-12-08
21,04T3751T,2118773,찬성,2022-12-08
21,MSY7784L,2118773,불참,2022-12-08
21,EVH1507C,2118773,찬성,2022-12-08
21,K5F2023J,2118773,불참,2022-12-08
21,14M56632,2118773,찬성,2022-12-08
21,N9X9673B,2118773,찬성,2022-12-08
21,5MD4184K,2118773,찬성,2022-12-08
21,5K93695T,2118773,찬성,2022-12-08
21,DPZ7685X,2118773,찬성,2022-12-08
21,6U243644,2118773,찬성,2022-12-08
21,E9R4507P,2118773,불참,2022-12-08
21,UHB5553T,2118773,찬성,2022-12-08
21,KFS1358P,2118773,찬성,2022-12-08
21,J9S37905,2118773,찬성,2022-12-08
21,A494529E,2118773,불참,2022-12-08
21,VRY5522V,2118773,찬성,2022-12-08
21,CAA7713A,2118773,찬성,2022-12-08
21,0PK7354M,2118773,찬성,2022-12-08
21,O0I2045I,2118773,찬성,2022-12-08
21,CZB4125D,2118773,불참,2022-12-08
21,Z6R3959C,2118773,불참,2022-12-08
21,QUM8288K,2118773,불참,2022-12-08
21,UGH6481E,2118773,찬성,2022-12-08
21,S824682L,2118773,찬성,2022-12-08
21,W4X85128,2118773,불참,2022-12-08
21,Q9H5708M,2118773,불참,2022-12-08
21,JZY9937U,2118773,찬성,2022-12-08
21,MRK4871S,2118773,기권,2022-12-08
21,YKW37422,2118773,불참,2022-12-08
21,2NV6751W,2118773,찬성,2022-12-08
21,BM63269Y,2118773,불참,2022-12-08
21,M7O7878U,2118773,불참,2022-12-08
21,YLS4431M,2118773,불참,2022-12-08
21,MNZ4401T,2118773,찬성,2022-12-08
21,3ZR4438W,2118773,찬성,2022-12-08
21,HSS7466Y,2118773,불참,2022-12-08
21,16D7652C,2118773,찬성,2022-12-08
21,KB04377U,2118773,찬성,2022-12-08
21,FU53642G,2118773,찬성,2022-12-08
21,MLH1404S,2118773,찬성,2022-12-08
21,8VY63414,2118773,찬성,2022-12-08
21,XR24352K,2118773,찬성,2022-12-08
21,QQP4727N,2118773,불참,2022-12-08
21,JEZ3130Q,2118773,불참,2022-12-08
21,BCQ55105,2118773,찬성,2022-12-08
21,9L57027L,2118773,찬성,2022-12-08
21,GOC54665,2118773,불참,2022-12-08
21,5UN9725L,2118773,불참,2022-12-08
21,LJK4960Z,2118773,찬성,2022-12-08
21,IUD9392R,2118773,찬성,2022-12-08
21,K3W33496,2118773,찬성,2022-12-08
21,M2Q9024I,2118773,찬성,2022-12-08
21,DBA1057Z,2118773,찬성,2022-12-08
21,CI15627C,2118773,불참,2022-12-08
21,C7E79345,2118773,불참,2022-12-08
21,4019850M,2118773,찬성,2022-12-08
21,UQ282145,2118773,불참,2022-12-08
21,9YO73104,2118773,찬성,2022-12-08
21,TRE2429O,2118773,찬성,2022-12-08
21,E6U4345C,2118773,찬성,2022-12-08
21,7BM2933Y,2118773,찬성,2022-12-08
21,CDL93608,2118773,불참,2022-12-08
21,2UD1340H,2118773,찬성,2022-12-08
21,9VR65006,2118773,찬성,2022-12-08
21,X7I4680R,2118773,찬성,2022-12-08
21,EMC8812P,2118773,찬성,2022-12-08
21,XJC13432,2118773,불참,2022-12-08
21,XSP20229,2118773,불참,2022-12-08
21,T465023H,2118773,찬성,2022-12-08
21,3RW63706,2118773,찬성,2022-12-08
21,RQQ3807K,2118773,찬성,2022-12-08
21,FH777496,2118773,찬성,2022-12-08
21,FYI20317,2118773,찬성,2022-12-08
21,8X15119P,2118773,불참,2022-12-08
21,ZYP7962W,2118773,불참,2022-12-08
21,CNW5754J,2118773,찬성,2022-12-08
21,3249208I,2118773,불참,2022-12-08
21,GX38539O,2118773,찬성,2022-12-08
21,8Q88373R,2118773,찬성,2022-12-08
21,XEF29171,2118773,찬성,2022-12-08
21,WVU2479T,2118773,찬성,2022-12-08
21,9D939735,2118773,찬성,2022-12-08
21,QTW6852F,2118773,찬성,2022-12-08
21,7XY7109I,2118773,찬성,2022-12-08
21,TST4507I,2118773,찬성,2022-12-08
21,JC14718Q,2118773,찬성,2022-12-08
21,5KV82250,2118773,찬성,2022-12-08
21,L7J93733,2118773,찬성,2022-12-08
21,DAV7257X,2118773,찬성,2022-12-08
21,LT72093S,2118773,찬성,2022-12-08
21,GE71932C,2118773,찬성,2022-12-08
21,6YT83269,2118773,찬성,2022-12-08
21,1MU99298,2118773,찬성,2022-12-08
21,FDC3144T,2118773,찬성,2022-12-08
21,17M85910,2118773,찬성,2022-12-08
21,G152611B,2118773,불참,2022-12-08
21,I7R13867,2118773,찬성,2022-12-08
21,SQ36001H,2118773,찬성,2022-12-08
21,G1570880,2118773,찬성,2022-12-08
21,9LD2641Q,2118773,찬성,2022-12-08
21,FOK3459D,2118773,찬성,2022-12-08
21,QUO78839,2118773,불참,2022-12-08
21,BT62420K,2118773,찬성,2022-12-08
21,LPB30152,2118773,찬성,2022-12-08
21,MD083627,2118773,찬성,2022-12-08
21,TZP9391O,2118773,찬성,2022-12-08
21,6V37131U,2118773,찬성,2022-12-08
21,OSV9142K,2118773,찬성,2022-12-08
21,B7R2742J,2118773,찬성,2022-12-08
21,FJK3396E,2118773,찬성,2022-12-08
21,ZDP5704Q,2118773,찬성,2022-12-08
21,71J2365L,2118773,불참,2022-12-08
21,7O71647Z,2118773,찬성,2022-12-08
21,W1Q6753M,2118773,찬성,2022-12-08
21,E1J8836Y,2118773,불참,2022-12-08
21,RD42006Y,2118773,찬성,2022-12-08
21,6EN68926,2118773,불참,2022-12-08
21,1BX7234U,2118773,찬성,2022-12-08
21,QHL3248U,2118773,찬성,2022-12-08
21,TJW93720,2118773,찬성,2022-12-08
21,9S151177,2118773,찬성,2022-12-08
21,TZ228122,2118773,찬성,2022-12-08
21,9V18755A,2118773,찬성,2022-12-08
21,XA42275R,2118773,찬성,2022-12-08
21,PO64874I,2118773,찬성,2022-12-08
21,LBC8144B,2118773,반대,2022-12-08
21,VHK3402G,2118773,불참,2022-12-08
21,F5U2979W,2115098,찬성,2023-03-30
21,YOG1280B,2115098,찬성,2023-03-30
21,NUB4941Z,2115098,찬성,2023-03-30
21,NLR6572J,2115098,찬성,2023-03-30
21,L7T64271,2115098,찬성,2023-03-30
21,3TO11703,2115098,찬성,2023-03-30
21,S741317G,2115098,찬성,2023-03-30
21,MU69217P,2115098,불참,2023-03-30
21,LM13674V,2115098,불참,2023-03-30
21,QD25323M,2115098,불참,2023-03-30
21,JVB6983V,2115098,찬성,2023-03-30
21,GP07421U,2115098,불참,2023-03-30
21,USR7059P,2115098,찬성,2023-03-30
21,4XG1439M,2115098,불참,2023-03-30
21,P2N50879,2115098,기권,2023-03-30
21,A0P4646G,2115098,찬성,2023-03-30
21,A2V51235,2115098,찬성,2023-03-30
21,7I09543O,2115098,찬성,2023-03-30
21,7469929V,2115098,불참,2023-03-30
21,D4L60530,2115098,찬성,2023-03-30
21,M6H1705E,2115098,찬성,2023-03-30
21,OFE45081,2115098,찬성,2023-03-30
21,09I2323E,2115098,불참,2023-03-30
21,ZYH1940A,2115098,불참,2023-03-30
21,0VU8517U,2115098,불참,2023-03-30
21,HSW1214Q,2115098,찬성,2023-03-30
21,NZF1659U,2115098,불참,2023-03-30
21,ZDR63255,2115098,불참,2023-03-30
21,GFF1986K,2115098,찬성,2023-03-30
21,ZKU88693,2115098,찬성,2023-03-30
21,5KV96424,2115098,불참,2023-03-30
21,60490713,2115098,불참,2023-03-30
21,HKJ99607,2115098,기권,2023-03-30
21,1WE5693J,2115098,불참,2023-03-30
21,X3170462,2115098,불참,2023-03-30
21,8FB1535Y,2115098,찬성,2023-03-30
21,SU53086M,2115098,찬성,2023-03-30
21,MR210505,2115098,불참,2023-03-30
21,GF286398,2115098,찬성,2023-03-30
21,4L695580,2115098,찬성,2023-03-30
21,40E3739H,2115098,불참,2023-03-30
21,RPN2293B,2115098,찬성,2023-03-30
21,MQU41854,2115098,찬성,2023-03-30
21,V429892C,2115098,찬성,2023-03-30
21,IN328264,2115098,불참,2023-03-30
21,ZA54991S,2115098,찬성,2023-03-30
21,0827740Q,2115098,찬성,2023-03-30
21,0W194007,2115098,찬성,2023-03-30
21,NCP9875N,2115098,찬성,2023-03-30
21,I5I2468R,2115098,찬성,2023-03-30
21,3425169D,2115098,찬성,2023-03-30
21,IOW1101J,2115098,찬성,2023-03-30
21,CT85313K,2115098,찬성,2023-03-30
21,BLC8630L,2115098,찬성,2023-03-30
21,NQR1206Q,2115098,찬성,2023-03-30
21,PEP6922S,2115098,불참,2023-03-30
21,VG24001G,2115098,찬성,2023-03-30
21,WCD5518S,2115098,찬성,2023-03-30
21,SVH3899R,2115098,찬성,2023-03-30
21,SBK1544B,2115098,불참,2023-03-30
21,KUO3574J,2115098,찬성,2023-03-30
21,D6U6678O,2115098,찬성,2023-03-30
21,FU87526G,2115098,찬성,2023-03-30
21,8SV6917G,2115098,불참,2023-03-30
21,QKO6165V,2115098,불참,2023-03-30
21,GD131760,2115098,불참,2023-03-30
21,68P7228G,2115098,찬성,2023-03-30
21,XPP2564T,2115098,찬성,2023-03-30
21,LQW3652K,2115098,찬성,2023-03-30
21,GAV6441G,2115098,찬성,2023-03-30
21,40S1959J,2115098,불참,2023-03-30
21,IL74008M,2115098,찬성,2023-03-30
21,CNZ51556,2115098,찬성,2023-03-30
21,P2N4585G,2115098,불참,2023-03-30
21,6AR6743G,2115098,불참,2023-03-30
21,6AU2417B,2115098,찬성,2023-03-30
21,6399076T,2115098,찬성,2023-03-30
21,4U29186R,2115098,불참,2023-03-30
21,WHV3448W,2115098,찬성,2023-03-30
21,6RD62559,2115098,찬성,2023-03-30
21,1Y73132H,2115098,찬성,2023-03-30
21,LH97552Q,2115098,찬성,2023-03-30
21,O6D8329R,2115098,찬성,2023-03-30
21,04T3751T,2115098,찬성,2023-03-30
21,MSY7784L,2115098,찬성,2023-03-30
21,14M56632,2115098,불참,2023-03-30
21,5MD4184K,2115098,불참,2023-03-30
21,5K93695T,2115098,찬성,2023-03-30
21,6U243644,2115098,찬성,2023-03-30
21,E9R4507P,2115098,불참,2023-03-30
21,KFS1358P,2115098,찬성,2023-03-30
21,J9S37905,2115098,불참,2023-03-30
21,CAA7713A,2115098,찬성,2023-03-30
21,0PK7354M,2115098,찬성,2023-03-30
21,O0I2045I,2115098,찬성,2023-03-30
21,CZB4125D,2115098,불참,2023-03-30
21,UGH6481E,2115098,찬성,2023-03-30
21,S824682L,2115098,찬성,2023-03-30
21,JZY9937U,2115098,찬성,2023-03-30
21,YKW37422,2115098,불참,2023-03-30
21,2NV6751W,2115098,찬성,2023-03-30
21,M7O7878U,2115098,불참,2023-03-30
21,KB04377U,2115098,찬성,2023-03-30
21,FU53642G,2115098,찬성,2023-03-30
21,MLH1404S,2115098,불참,2023-03-30
21,8VY63414,2115098,찬성,2023-03-30
21,JEZ3130Q,2115098,불참,2023-03-30
21,BCQ55105,2115098,찬성,2023-03-30
21,LJK4960Z,2115098,찬성,2023-03-30
21,IUD9392R,2115098,찬성,2023-03-30
21,K3W33496,2115098,불참,2023-03-30
21,M2Q9024I,2115098,찬성,2023-03-30
21,CI15627C,2115098,불참,2023-03-30
21,TRE2429O,2115098,불참,2023-03-30
21,E6U4345C,2115098,불참,2023-03-30
21,7BM2933Y,2115098,찬성,2023-03-30
21,X7I4680R,2115098,불참,2023-03-30
21,XJC13432,2115098,찬성,2023-03-30
21,T465023H,2115098,찬성,2023-03-30
21,3RW63706,2115098,찬성,2023-03-30
21,RQQ3807K,2115098,찬성,2023-03-30
21,8X15119P,2115098,찬성,2023-03-30
21,CNW5754J,2115098,찬성,2023-03-30
21,3249208I,2115098,불참,2023-03-30
21,XEF29171,2115098,찬성,2023-03-30
21,9D939735,2115098,찬성,2023-03-30
21,QTW6852F,2115098,찬성,2023-03-30
21,JC14718Q,2115098,찬성,2023-03-30
21,6YT83269,2115098,찬성,2023-03-30
21,FDC3144T,2115098,찬성,2023-03-30
21,SQ36001H,2115098,불참,2023-03-30
21,QUO78839,2115098,불참,2023-03-30
21,6V37131U,2115098,불참,2023-03-30
21,OSV9142K,2115098,찬성,2023-03-30
21,FJK3396E,2115098,불참,2023-03-30
21,ZDP5704Q,2115098,찬성,2023-03-30
21,7O71647Z,2115098,불참,2023-03-30
21,W1Q6753M,2115098,찬성,2023-03-30
21,E1J8836Y,2115098,찬성,2023-03-30
21,6EN68926,2115098,찬성,2023-03-30
21,9S151177,2115098,찬성,2023-03-30
21,VHK3402G,2115098,불참,2023-03-30
21,7XY7109I,2115098,찬성,2023-03-30
21,TST4507I,2115098,불참,2023-03-30
21,5KV82250,2115098,찬성,2023-03-30
21,L7J93733,2115098,찬성,2023-03-30
21,DAV7257X,2115098,찬성,2023-03-30
21,LT72093S,2115098,찬성,2023-03-30
21,GE71932C,2115098,찬성,2023-03-30
21,1MU99298,2115098,찬성,2023-03-30
21,17M85910,2115098,찬성,2023-03-30
21,G152611B,2115098,불참,2023-03-30
21,I7R13867,2115098,찬성,2023-03-30
21,G1570880,2115098,찬성,2023-03-30
21,9LD2641Q,2115098,찬성,2023-03-30
21,FOK3459D,2115098,불참,2023-03-30
21,BT62420K,2115098,불참,2023-03-30
21,LPB30152,2115098,찬성,2023-03-30
21,MD083627,2115098,불참,2023-03-30
21,TZP9391O,2115098,불참,2023-03-30
21,B7R2742J,2115098,찬성,2023-03-30
21,71J2365L,2115098,찬성,2023-03-30
21,RD42006Y,2115098,불참,2023-03-30
21,1BX7234U,2115098,찬성,2023-03-30
21,QHL3248U,2115098,찬성,2023-03-30
21,TJW93720,2115098,불참,2023-03-30
21,TZ228122,2115098,찬성,2023-03-30
21,9V18755A,2115098,찬성,2023-03-30
21,XA42275R,2115098,찬성,2023-03-30
21,PO64874I,2115098,불참,2023-03-30
21,LBC8144B,2115098,반대,2023-03-30
21,RO593601,2115098,찬성,2023-03-30
21,PFG2137X,2115098,찬성,2023-03-30
21,UB114374,2115098,불참,2023-03-30
21,0YT3774N,2115098,찬성,2023-03-30
21,7JC3239L,2115098,찬성,2023-03-30
21,8KF7223D,2115098,불참,2023-03-30
21,8P37634C,2115098,찬성,2023-03-30
21,N4R2421C,2115098,불참,2023-03-30
21,3C23171A,2115098,찬성,2023-03-30
21,GDG1847Z,2115098,기권,2023-03-30
21,O7R5461J,2115098,찬성,2023-03-30
21,JMY9959W,2115098,찬성,2023-03-30
21,7R156073,2115098,찬성,2023-03-30
21,J2O8643H,2115098,불참,2023-03-30
21,VCP96419,2115098,찬성,2023-03-30
21,8VJ8533R,2115098,찬성,2023-03-30
21,B7D7534L,2115098,찬성,2023-03-30
21,GX22581L,2115098,불참,2023-03-30
21,SE233396,2115098,찬성,2023-03-30
21,AFH96856,2115098,불참,2023-03-30
21,52P3934K,2115098,찬성,2023-03-30
21,B7H6207C,2115098,불참,2023-03-30
21,F5Y4026Q,2115098,찬성,2023-03-30
21,I0S53762,2115098,불참,2023-03-30
21,TKJ4800F,2115098,찬성,2023-03-30
21,EVH1507C,2115098,기권,2023-03-30
21,K5F2023J,2115098,찬성,2023-03-30
21,N9X9673B,2115098,불참,2023-03-30
21,DPZ7685X,2115098,찬성,2023-03-30
21,UHB5553T,2115098,찬성,2023-03-30
21,A494529E,2115098,찬성,2023-03-30
21,VRY5522V,2115098,기권,2023-03-30
21,Z6R3959C,2115098,찬성,2023-03-30
21,QUM8288K,2115098,불참,2023-03-30
21,W4X85128,2115098,불참,2023-03-30
21,Q9H5708M,2115098,불참,2023-03-30
21,MRK4871S,2115098,찬성,2023-03-30
21,BM63269Y,2115098,기권,2023-03-30
21,YLS4431M,2115098,찬성,2023-03-30
21,MNZ4401T,2115098,불참,2023-03-30
21,3ZR4438W,2115098,찬성,2023-03-30
21,HSS7466Y,2115098,찬성,2023-03-30
21,16D7652C,2115098,찬성,2023-03-30
21,XR24352K,2115098,찬성,2023-03-30
21,QQP4727N,2115098,불참,2023-03-30
21,9L57027L,2115098,찬성,2023-03-30
21,GOC54665,2115098,찬성,2023-03-30
21,5UN9725L,2115098,찬성,2023-03-30
21,DBA1057Z,2115098,불참,2023-03-30
21,C7E79345,2115098,찬성,2023-03-30
21,4019850M,2115098,찬성,2023-03-30
21,UQ282145,2115098,찬성,2023-03-30
21,9YO73104,2115098,찬성,2023-03-30
21,CDL93608,2115098,불참,2023-03-30
21,2UD1340H,2115098,찬성,2023-03-30
21,9VR65006,2115098,찬성,2023-03-30
21,EMC8812P,2115098,찬성,2023-03-30
21,XSP20229,2115098,불참,2023-03-30
21,FH777496,2115098,찬성,2023-03-30
21,FYI20317,2115098,찬성,2023-03-30
21,ZYP7962W,2115098,불참,2023-03-30
21,GX38539O,2115098,찬성,2023-03-30
21,8Q88373R,2115098,불참,2023-03-30
21,WVU2479T,2115098,찬성,2023-03-30
21,FIC9046Z,2115098,불참,2023-03-30
21,DWK26447,2115098,찬성,2023-03-30
21,KFM1081G,2115098,찬성,2023-03-30
21,YTA7297R,2115098,찬성,2023-03-30
21,JNL7001A,2115098,불참,2023-03-30
21,4X525582,2115098,불참,2023-03-30
21,GKD32201,2115098,불참,2023-03-30
21,G7512472,2115098,찬성,2023-03-30
21,CCU1009B,2115098,찬성,2023-03-30
21,2N793392,2115098,찬성,2023-03-30
21,66W6739S,2115098,불참,2023-03-30
21,DAY6557K,2115098,찬성,2023-03-30
21,FGI27280,2115098,불참,2023-03-30
21,3DK8989T,2115098,찬성,2023-03-30
21,NTT8182Q,2115098,찬성,2023-03-30
21,A3H7195R,2115098,불참,2023-03-30
21,M0A1658U,2115098,불참,2023-03-30
21,WDS6044S,2115098,찬성,2023-03-30
21,3BC6890E,2115098,불참,2023-03-30
21,KR14136C,2115098,불참,2023-03-30
21,SRP7336N,2115098,찬성,2023-03-30
21,5765663F,2115098,찬성,2023-03-30
21,WJL30106,2115098,불참,2023-03-30
21,KNM3215T,2115098,찬성,2023-03-30
21,M7T9712V,2115098,불참,2023-03-30
21,UM51067K,2115098,찬성,2023-03-30
21,MY318392,2115098,불참,2023-03-30
21,4T026790,2115098,찬성,2023-03-30
21,EH27538E,2115098,찬성,2023-03-30
21,WFU14784,2115098,찬성,2023-03-30
21,0WL9321T,2115098,찬성,2023-03-30
21,PZA4062H,2115098,찬성,2023-03-30
21,8348421R,2115098,찬성,2023-03-30
21,H5476989,2115098,찬성,2023-03-30
21,JQA21112,2115098,불참,2023-03-30
21,HXT76735,2115098,찬성,2023-03-30
21,0R68099X,2115098,찬성,2023-03-30
21,6RM29022,2115098,찬성,2023-03-30
21,2385336L,2115098,찬성,2023-03-30
21,XBT9550Q,2115098,불참,2023-03-30
21,MO52543L,2115098,불참,2023-03-30
21,X1K3667J,2115098,찬성,2023-03-30
21,WMG57662,2115098,찬성,2023-03-30
21,WTR5885Y,2115098,불참,2023-03-30
21,ICH23251,2115098,찬성,2023-03-30
21,25I8709Q,2115098,찬성,2023-03-30
21,OIA3741M,2115098,불참,2023-03-30
21,6MO8786S,2115098,찬성,2023-03-30
21,XWX1513T,2115098,찬성,2023-03-30
21,LG63087O,2115098,불참,2023-03-30
21,OW53107J,2115098,불참,2023-03-30
21,DAN6731C,2115098,불참,2023-03-30
21,L2I9861C,2115098,불참,2023-03-30
21,IOW8224X,2115098,찬성,2023-03-30
21,9JF4562W,2115098,찬성,2023-03-30
21,Y7K5946R,2115098,불참,2023-03-30
21,Z7Y7827F,2115098,찬성,2023-03-30
21,ATB59635,2115098,기권,2023-03-30
21,S9U45255,2115098,찬성,2023-03-30
21,8FC9697X,2115098,불참,2023-03-30
21,ZRF3039U,2115098,찬성,2023-03-30
21,V0O5343U,2115098,불참,2023-03-30
21,P0F1530P,2115098,불참,2023-03-30
21,FRN1867O,2115098,찬성,2023-03-30
21,3C23171A,2120116,찬성,2023-07-18
21,GDG1847Z,2120116,찬성,2023-07-18
21,P2N4585G,2120116,찬성,2023-07-18
21,VCP96419,2120116,불참,2023-07-18
21,6AU2417B,2120116,불참,2023-07-18
21,8VJ8533R,2120116,찬성,2023-07-18
21,B7D7534L,2120116,불참,2023-07-18
21,52P3934K,2120116,찬성,2023-07-18
21,6399076T,2120116,찬성,2023-07-18
21,4U29186R,2120116,불참,2023-07-18
21,WHV3448W,2120116,불참,2023-07-18
21,04T3751T,2120116,찬성,2023-07-18
21,N9X9673B,2120116,찬성,2023-07-18
21,E9R4507P,2120116,찬성,2023-07-18
21,J9S37905,2120116,찬성,2023-07-18
21,0PK7354M,2120116,불참,2023-07-18
21,Z6R3959C,2120116,불참,2023-07-18
21,QUM8288K,2120116,불참,2023-07-18
21,UGH6481E,2120116,찬성,2023-07-18
21,JZY9937U,2120116,불참,2023-07-18
21,YKW37422,2120116,찬성,2023-07-18
21,2NV6751W,2120116,찬성,2023-07-18
21,KB04377U,2120116,불참,2023-07-18
21,FU53642G,2120116,찬성,2023-07-18
21,MLH1404S,2120116,찬성,2023-07-18
21,IUD9392R,2120116,불참,2023-07-18
21,M2Q9024I,2120116,불참,2023-07-18
21,DBA1057Z,2120116,찬성,2023-07-18
21,CI15627C,2120116,찬성,2023-07-18
21,UQ282145,2120116,찬성,2023-07-18
21,TRE2429O,2120116,찬성,2023-07-18
21,9VR65006,2120116,불참,2023-07-18
21,EMC8812P,2120116,찬성,2023-07-18
21,T465023H,2120116,찬성,2023-07-18
21,RQQ3807K,2120116,찬성,2023-07-18
21,ZYP7962W,2120116,찬성,2023-07-18
21,CNW5754J,2120116,불참,2023-07-18
21,3249208I,2120116,찬성,2023-07-18
21,8Q88373R,2120116,불참,2023-07-18
21,7XY7109I,2120116,불참,2023-07-18
21,JC14718Q,2120116,찬성,2023-07-18
21,5KV82250,2120116,찬성,2023-07-18
21,LT72093S,2120116,찬성,2023-07-18
21,FDC3144T,2120116,찬성,2023-07-18
21,9LD2641Q,2120116,불참,2023-07-18
21,MD083627,2120116,찬성,2023-07-18
21,OSV9142K,2120116,찬성,2023-07-18
21,B7R2742J,2120116,불참,2023-07-18
21,71J2365L,2120116,찬성,2023-07-18
21,7O71647Z,2120116,찬성,2023-07-18
21,E1J8836Y,2120116,불참,2023-07-18
21,TJW93720,2120116,찬성,2023-07-18
21,9S151177,2120116,찬성,2023-07-18
21,PO64874I,2120116,찬성,2023-07-18
21,DWK26447,2120116,불참,2023-07-18
21,G7512472,2120116,찬성,2023-07-18
21,S741317G,2120116,찬성,2023-07-18
21,2N793392,2120116,찬성,2023-07-18
21,66W6739S,2120116,찬성,2023-07-18
21,QD25323M,2120116,찬성,2023-07-18
21,DAY6557K,2120116,찬성,2023-07-18
21,USR7059P,2120116,찬성,2023-07-18
21,P2N50879,2120116,찬성,2023-07-18
21,A0P4646G,2120116,찬성,2023-07-18
21,A2V51235,2120116,찬성,2023-07-18
21,7I09543O,2120116,찬성,2023-07-18
21,7469929V,2120116,찬성,2023-07-18
21,D4L60530,2120116,불참,2023-07-18
21,OFE45081,2120116,불참,2023-07-18
21,SRP7336N,2120116,불참,2023-07-18
21,5765663F,2120116,찬성,2023-07-18
21,ZKU88693,2120116,찬성,2023-07-18
21,M7T9712V,2120116,찬성,2023-07-18
21,60490713,2120116,불참,2023-07-18
21,HKJ99607,2120116,찬성,2023-07-18
21,1WE5693J,2120116,찬성,2023-07-18
21,MY318392,2120116,불참,2023-07-18
21,8FB1535Y,2120116,찬성,2023-07-18
21,WFU14784,2120116,찬성,2023-07-18
21,SU53086M,2120116,찬성,2023-07-18
21,MR210505,2120116,불참,2023-07-18
21,4L695580,2120116,찬성,2023-07-18
21,RPN2293B,2120116,찬성,2023-07-18
21,MQU41854,2120116,불참,2023-07-18
21,V429892C,2120116,찬성,2023-07-18
21,IN328264,2120116,불참,2023-07-18
21,ZA54991S,2120116,찬성,2023-07-18
21,0827740Q,2120116,찬성,2023-07-18
21,0W194007,2120116,찬성,2023-07-18
21,NCP9875N,2120116,찬성,2023-07-18
21,I5I2468R,2120116,찬성,2023-07-18
21,3425169D,2120116,찬성,2023-07-18
21,CT85313K,2120116,찬성,2023-07-18
21,BLC8630L,2120116,찬성,2023-07-18
21,NQR1206Q,2120116,불참,2023-07-18
21,DAN6731C,2120116,불참,2023-07-18
21,VG24001G,2120116,찬성,2023-07-18
21,WCD5518S,2120116,불참,2023-07-18
21,SVH3899R,2120116,찬성,2023-07-18
21,KUO3574J,2120116,찬성,2023-07-18
21,D6U6678O,2120116,찬성,2023-07-18
21,FU87526G,2120116,찬성,2023-07-18
21,S9U45255,2120116,찬성,2023-07-18
21,8FC9697X,2120116,불참,2023-07-18
21,QKO6165V,2120116,불참,2023-07-18
21,GD131760,2120116,찬성,2023-07-18
21,ZRF3039U,2120116,찬성,2023-07-18
21,68P7228G,2120116,찬성,2023-07-18
21,P0F1530P,2120116,불참,2023-07-18
21,XPP2564T,2120116,불참,2023-07-18
21,LQW3652K,2120116,불참,2023-07-18
21,GAV6441G,2120116,찬성,2023-07-18
21,0YT3774N,2120116,찬성,2023-07-18
21,40S1959J,2120116,불참,2023-07-18
21,IL74008M,2120116,찬성,2023-07-18
21,8KF7223D,2120116,불참,2023-07-18
21,CNZ51556,2120116,찬성,2023-07-18
21,N4R2421C,2120116,찬성,2023-07-18
21,F5U2979W,2120116,찬성,2023-07-18
21,YOG1280B,2120116,불참,2023-07-18
21,FIC9046Z,2120116,찬성,2023-07-18
21,NUB4941Z,2120116,찬성,2023-07-18
21,KFM1081G,2120116,찬성,2023-07-18
21,NLR6572J,2120116,찬성,2023-07-18
21,YTA7297R,2120116,찬성,2023-07-18
21,L7T64271,2120116,불참,2023-07-18
21,4X525582,2120116,찬성,2023-07-18
21,GKD32201,2120116,찬성,2023-07-18
21,3TO11703,2120116,찬성,2023-07-18
21,CCU1009B,2120116,불참,2023-07-18
21,MU69217P,2120116,찬성,2023-07-18
21,LM13674V,2120116,불참,2023-07-18
21,JVB6983V,2120116,찬성,2023-07-18
21,GP07421U,2120116,찬성,2023-07-18
21,FGI27280,2120116,찬성,2023-07-18
21,4XG1439M,2120116,찬성,2023-07-18
21,3DK8989T,2120116,찬성,2023-07-18
21,M6H1705E,2120116,불참,2023-07-18
21,09I2323E,2120116,찬성,2023-07-18
21,NTT8182Q,2120116,찬성,2023-07-18
21,A3H7195R,2120116,찬성,2023-07-18
21,ZYH1940A,2120116,불참,2023-07-18
21,0VU8517U,2120116,불참,2023-07-18
21,M0A1658U,2120116,찬성,2023-07-18
21,HSW1214Q,2120116,찬성,2023-07-18
21,NZF1659U,2120116,불참,2023-07-18
21,WDS6044S,2120116,찬성,2023-07-18
21,3BC6890E,2120116,찬성,2023-07-18
21,ZDR63255,2120116,찬성,2023-07-18
21,KR14136C,2120116,불참,2023-07-18
21,GFF1986K,2120116,찬성,2023-07-18
21,WJL30106,2120116,불참,2023-07-18
21,5KV96424,2120116,찬성,2023-07-18
21,KNM3215T,2120116,불참,2023-07-18
21,UM51067K,2120116,찬성,2023-07-18
21,X3170462,2120116,찬성,2023-07-18
21,4T026790,2120116,찬성,2023-07-18
21,EH27538E,2120116,찬성,2023-07-18
21,0WL9321T,2120116,찬성,2023-07-18
21,PZA4062H,2120116,찬성,2023-07-18
21,GF286398,2120116,찬성,2023-07-18
21,8348421R,2120116,찬성,2023-07-18
21,H5476989,2120116,불참,2023-07-18
21,JQA21112,2120116,찬성,2023-07-18
21,40E3739H,2120116,찬성,2023-07-18
21,6FS10566,2120116,찬성,2023-07-18
21,HXT76735,2120116,불참,2023-07-18
21,0R68099X,2120116,찬성,2023-07-18
21,6RM29022,2120116,찬성,2023-07-18
21,2385336L,2120116,찬성,2023-07-18
21,XBT9550Q,2120116,찬성,2023-07-18
21,MO52543L,2120116,찬성,2023-07-18
21,X1K3667J,2120116,찬성,2023-07-18
21,WMG57662,2120116,찬성,2023-07-18
21,WTR5885Y,2120116,찬성,2023-07-18
21,IOW1101J,2120116,찬성,2023-07-18
21,ICH23251,2120116,찬성,2023-07-18
21,25I8709Q,2120116,찬성,2023-07-18
21,OIA3741M,2120116,찬성,2023-07-18
21,6MO8786S,2120116,불참,2023-07-18
21,XWX1513T,2120116,찬성,2023-07-18
21,LG63087O,2120116,불참,2023-07-18
21,OW53107J,2120116,찬성,2023-07-18
21,PEP6922S,2120116,찬성,2023-07-18
21,L2I9861C,2120116,찬성,2023-07-18
21,IOW8224X,2120116,찬성,2023-07-18
21,9JF4562W,2120116,찬성,2023-07-18
21,Y7K5946R,2120116,찬성,2023-07-18
21,Z7Y7827F,2120116,찬성,2023-07-18
21,ATB59635,2120116,불참,2023-07-18
21,SBK1544B,2120116,불참,2023-07-18
21,8SV6917G,2120116,찬성,2023-07-18
21,V0O5343U,2120116,찬성,2023-07-18
21,FRN1867O,2120116,찬성,2023-07-18
21,RO593601,2120116,찬성,2023-07-18
21,PFG2137X,2120116,찬성,2023-07-18
21,UB114374,2120116,불참,2023-07-18
21,7JC3239L,2120116,찬성,2023-07-18
21,8P37634C,2120116,찬성,2023-07-18
21,O7R5461J,2120116,불참,2023-07-18
21,JMY9959W,2120116,찬성,2023-07-18
21,7R156073,2120116,찬성,2023-07-18
21,6AR6743G,2120116,찬성,2023-07-18
21,J2O8643H,2120116,찬성,2023-07-18
21,GX22581L,2120116,찬성,2023-07-18
21,SE233396,2120116,찬성,2023-07-18
21,AFH96856,2120116,찬성,2023-07-18
21,B7H6207C,2120116,찬성,2023-07-18
21,F5Y4026Q,2120116,찬성,2023-07-18
21,6RD62559,2120116,찬성,2023-07-18
21,1Y73132H,2120116,불참,2023-07-18
21,I0S53762,2120116,찬성,2023-07-18
21,LH97552Q,2120116,찬성,2023-07-18
21,TKJ4800F,2120116,찬성,2023-07-18
21,O6D8329R,2120116,찬성,2023-07-18
21,MSY7784L,2120116,찬성,2023-07-18
21,EVH1507C,2120116,찬성,2023-07-18
21,K5F2023J,2120116,찬성,2023-07-18
21,14M56632,2120116,불참,2023-07-18
21,5MD4184K,2120116,찬성,2023-07-18
21,5K93695T,2120116,찬성,2023-07-18
21,DPZ7685X,2120116,찬성,2023-07-18
21,6U243644,2120116,찬성,2023-07-18
21,UHB5553T,2120116,찬성,2023-07-18
21,KFS1358P,2120116,찬성,2023-07-18
21,A494529E,2120116,불참,2023-07-18
21,VRY5522V,2120116,찬성,2023-07-18
21,CAA7713A,2120116,찬성,2023-07-18
21,O0I2045I,2120116,찬성,2023-07-18
21,CZB4125D,2120116,불참,2023-07-18
21,S824682L,2120116,찬성,2023-07-18
21,W4X85128,2120116,불참,2023-07-18
21,Q9H5708M,2120116,불참,2023-07-18
21,MRK4871S,2120116,찬성,2023-07-18
21,BM63269Y,2120116,찬성,2023-07-18
21,M7O7878U,2120116,찬성,2023-07-18
21,YLS4431M,2120116,찬성,2023-07-18
21,MNZ4401T,2120116,찬성,2023-07-18
21,3ZR4438W,2120116,찬성,2023-07-18
21,HSS7466Y,2120116,찬성,2023-07-18
21,16D7652C,2120116,찬성,2023-07-18
21,8VY63414,2120116,찬성,2023-07-18
21,XR24352K,2120116,찬성,2023-07-18
21,QQP4727N,2120116,찬성,2023-07-18
21,JEZ3130Q,2120116,불참,2023-07-18
21,BCQ55105,2120116,찬성,2023-07-18
21,9L57027L,2120116,불참,2023-07-18
21,GOC54665,2120116,찬성,2023-07-18
21,5UN9725L,2120116,불참,2023-07-18
21,LJK4960Z,2120116,찬성,2023-07-18
21,K3W33496,2120116,불참,2023-07-18
21,C7E79345,2120116,찬성,2023-07-18
21,4019850M,2120116,찬성,2023-07-18
21,9YO73104,2120116,찬성,2023-07-18
21,E6U4345C,2120116,불참,2023-07-18
21,7BM2933Y,2120116,찬성,2023-07-18
21,CDL93608,2120116,불참,2023-07-18
21,2UD1340H,2120116,불참,2023-07-18
21,X7I4680R,2120116,찬성,2023-07-18
21,XJC13432,2120116,찬성,2023-07-18
21,XSP20229,2120116,찬성,2023-07-18
21,3RW63706,2120116,찬성,2023-07-18
21,FH777496,2120116,찬성,2023-07-18
21,FYI20317,2120116,찬성,2023-07-18
21,8X15119P,2120116,불참,2023-07-18
21,GX38539O,2120116,찬성,2023-07-18
21,XEF29171,2120116,불참,2023-07-18
21,WVU2479T,2120116,찬성,2023-07-18
21,9D939735,2120116,찬성,2023-07-18
21,QTW6852F,2120116,불참,2023-07-18
21,TST4507I,2120116,불참,2023-07-18
21,L7J93733,2120116,찬성,2023-07-18
21,DAV7257X,2120116,불참,2023-07-18
21,GE71932C,2120116,찬성,2023-07-18
21,6YT83269,2120116,찬성,2023-07-18
21,1MU99298,2120116,불참,2023-07-18
21,17M85910,2120116,찬성,2023-07-18
21,G152611B,2120116,불참,2023-07-18
21,I7R13867,2120116,찬성,2023-07-18
21,SQ36001H,2120116,불참,2023-07-18
21,G1570880,2120116,찬성,2023-07-18
21,FOK3459D,2120116,불참,2023-07-18
21,QUO78839,2120116,찬성,2023-07-18
21,BT62420K,2120116,불참,2023-07-18
21,LPB30152,2120116,찬성,2023-07-18
21,TZP9391O,2120116,찬성,2023-07-18
21,6V37131U,2120116,찬성,2023-07-18
21,FJK3396E,2120116,찬성,2023-07-18
21,ZDP5704Q,2120116,불참,2023-07-18
21,W1Q6753M,2120116,찬성,2023-07-18
21,RD42006Y,2120116,불참,2023-07-18
21,6EN68926,2120116,불참,2023-07-18
21,1BX7234U,2120116,찬성,2023-07-18
21,QHL3248U,2120116,찬성,2023-07-18
21,TZ228122,2120116,찬성,2023-07-18
21,9V18755A,2120116,찬성,2023-07-18
21,XA42275R,2120116,찬성,2023-07-18
21,LBC8144B,2120116,찬성,2023-07-18
21,VHK3402G,2120116,불참,2023-07-18
21,F5U2979W,2115726,찬성,2022-05-29
21,2N793392,2115726,찬성,2022-05-29
21,P2N50879,2115726,불참,2022-05-29
21,A2V51235,2115726,찬성,2022-05-29
21,M6H1705E,2115726,불참,2022-05-29
21,M0A1658U,2115726,찬성,2022-05-29
21,GFF1986K,2115726,찬성,2022-05-29
21,WJL30106,2115726,불참,2022-05-29
21,SU53086M,2115726,불참,2022-05-29
21,MR210505,2115726,찬성,2022-05-29
21,4L695580,2115726,찬성,2022-05-29
21,RPN2293B,2115726,찬성,2022-05-29
21,V429892C,2115726,찬성,2022-05-29
21,CT85313K,2115726,찬성,2022-05-29
21,L2I9861C,2115726,찬성,2022-05-29
21,SVH3899R,2115726,불참,2022-05-29
21,IOW8224X,2115726,찬성,2022-05-29
21,KUO3574J,2115726,불참,2022-05-29
21,S9U45255,2115726,불참,2022-05-29
21,V0O5343U,2115726,불참,2022-05-29
21,UB114374,2115726,찬성,2022-05-29
21,CNZ51556,2115726,찬성,2022-05-29
21,GDG1847Z,2115726,찬성,2022-05-29
21,O7R5461J,2115726,찬성,2022-05-29
21,6AR6743G,2115726,찬성,2022-05-29
21,B7D7534L,2115726,찬성,2022-05-29
21,GX22581L,2115726,기권,2022-05-29
21,AFH96856,2115726,불참,2022-05-29
21,WHV3448W,2115726,찬성,2022-05-29
21,KFS1358P,2115726,찬성,2022-05-29
21,CAA7713A,2115726,찬성,2022-05-29
21,QUM8288K,2115726,찬성,2022-05-29
21,Q9H5708M,2115726,찬성,2022-05-29
21,3ZR4438W,2115726,찬성,2022-05-29
21,XR24352K,2115726,찬성,2022-05-29
21,LJK4960Z,2115726,불참,2022-05-29
21,7BM2933Y,2115726,찬성,2022-05-29
21,X7I4680R,2115726,불참,2022-05-29
21,XSP20229,2115726,찬성,2022-05-29
21,T465023H,2115726,찬성,2022-05-29
21,3RW63706,2115726,찬성,2022-05-29
21,FYI20317,2115726,찬성,2022-05-29
21,8X15119P,2115726,찬성,2022-05-29
21,FDC3144T,2115726,찬성,2022-05-29
21,LPB30152,2115726,불참,2022-05-29
21,RD42006Y,2115726,불참,2022-05-29
21,QHL3248U,2115726,찬성,2022-05-29
21,9V18755A,2115726,불참,2022-05-29
21,9VR65006,2115726,불참,2022-05-29
21,EMC8812P,2115726,불참,2022-05-29
21,XJC13432,2115726,불참,2022-05-29
21,RQQ3807K,2115726,찬성,2022-05-29
21,FH777496,2115726,찬성,2022-05-29
21,ZYP7962W,2115726,불참,2022-05-29
21,CNW5754J,2115726,찬성,2022-05-29
21,3249208I,2115726,찬성,2022-05-29
21,GX38539O,2115726,찬성,2022-05-29
21,8Q88373R,2115726,불참,2022-05-29
21,XEF29171,2115726,찬성,2022-05-29
21,WVU2479T,2115726,불참,2022-05-29
21,9D939735,2115726,찬성,2022-05-29
21,QTW6852F,2115726,불참,2022-05-29
21,7XY7109I,2115726,찬성,2022-05-29
21,TST4507I,2115726,찬성,2022-05-29
21,JC14718Q,2115726,불참,2022-05-29
21,5KV82250,2115726,불참,2022-05-29
21,L7J93733,2115726,찬성,2022-05-29
21,DAV7257X,2115726,불참,2022-05-29
21,LT72093S,2115726,찬성,2022-05-29
21,GE71932C,2115726,찬성,2022-05-29
21,6YT83269,2115726,찬성,2022-05-29
21,1MU99298,2115726,찬성,2022-05-29
21,17M85910,2115726,찬성,2022-05-29
21,G152611B,2115726,불참,2022-05-29
21,I7R13867,2115726,찬성,2022-05-29
21,SQ36001H,2115726,불참,2022-05-29
21,G1570880,2115726,찬성,2022-05-29
21,9LD2641Q,2115726,불참,2022-05-29
21,FOK3459D,2115726,찬성,2022-05-29
21,QUO78839,2115726,불참,2022-05-29
21,BT62420K,2115726,불참,2022-05-29
21,MD083627,2115726,찬성,2022-05-29
21,TZP9391O,2115726,불참,2022-05-29
21,6V37131U,2115726,찬성,2022-05-29
21,OSV9142K,2115726,불참,2022-05-29
21,B7R2742J,2115726,찬성,2022-05-29
21,FJK3396E,2115726,불참,2022-05-29
21,ZDP5704Q,2115726,기권,2022-05-29
21,71J2365L,2115726,불참,2022-05-29
21,7O71647Z,2115726,불참,2022-05-29
21,W1Q6753M,2115726,찬성,2022-05-29
21,E1J8836Y,2115726,찬성,2022-05-29
21,6EN68926,2115726,찬성,2022-05-29
21,1BX7234U,2115726,찬성,2022-05-29
21,TJW93720,2115726,찬성,2022-05-29
21,9S151177,2115726,찬성,2022-05-29
21,TZ228122,2115726,불참,2022-05-29
21,XA42275R,2115726,찬성,2022-05-29
21,PO64874I,2115726,찬성,2022-05-29
21,VHK3402G,2115726,불참,2022-05-29
21,52P3934K,2115726,찬성,2022-05-29
21,B7H6207C,2115726,찬성,2022-05-29
21,6399076T,2115726,찬성,2022-05-29
21,4U29186R,2115726,찬성,2022-05-29
21,F5Y4026Q,2115726,불참,2022-05-29
21,1Y73132H,2115726,찬성,2022-05-29
21,I0S53762,2115726,찬성,2022-05-29
21,LH97552Q,2115726,찬성,2022-05-29
21,TKJ4800F,2115726,불참,2022-05-29
21,O6D8329R,2115726,불참,2022-05-29
21,04T3751T,2115726,찬성,2022-05-29
21,MSY7784L,2115726,찬성,2022-05-29
21,EVH1507C,2115726,찬성,2022-05-29
21,K5F2023J,2115726,찬성,2022-05-29
21,14M56632,2115726,불참,2022-05-29
21,N9X9673B,2115726,불참,2022-05-29
21,5MD4184K,2115726,찬성,2022-05-29
21,5K93695T,2115726,불참,2022-05-29
21,DPZ7685X,2115726,찬성,2022-05-29
21,6U243644,2115726,찬성,2022-05-29
21,E9R4507P,2115726,불참,2022-05-29
21,UHB5553T,2115726,불참,2022-05-29
21,J9S37905,2115726,찬성,2022-05-29
21,A494529E,2115726,찬성,2022-05-29
21,VRY5522V,2115726,찬성,2022-05-29
21,0PK7354M,2115726,찬성,2022-05-29
21,O0I2045I,2115726,찬성,2022-05-29
21,CZB4125D,2115726,찬성,2022-05-29
21,Z6R3959C,2115726,불참,2022-05-29
21,UGH6481E,2115726,찬성,2022-05-29
21,S824682L,2115726,찬성,2022-05-29
21,W4X85128,2115726,찬성,2022-05-29
21,JZY9937U,2115726,불참,2022-05-29
21,MRK4871S,2115726,불참,2022-05-29
21,YKW37422,2115726,찬성,2022-05-29
21,2NV6751W,2115726,불참,2022-05-29
21,BM63269Y,2115726,찬성,2022-05-29
21,M7O7878U,2115726,불참,2022-05-29
21,YLS4431M,2115726,불참,2022-05-29
21,MNZ4401T,2115726,불참,2022-05-29
21,HSS7466Y,2115726,불참,2022-05-29
21,16D7652C,2115726,찬성,2022-05-29
21,KB04377U,2115726,찬성,2022-05-29
21,FU53642G,2115726,찬성,2022-05-29
21,MLH1404S,2115726,불참,2022-05-29
21,8VY63414,2115726,불참,2022-05-29
21,QQP4727N,2115726,불참,2022-05-29
21,JEZ3130Q,2115726,찬성,2022-05-29
21,BCQ55105,2115726,찬성,2022-05-29
21,9L57027L,2115726,찬성,2022-05-29
21,GOC54665,2115726,불참,2022-05-29
21,5UN9725L,2115726,찬성,2022-05-29
21,K3W33496,2115726,찬성,2022-05-29
21,M2Q9024I,2115726,찬성,2022-05-29
21,DBA1057Z,2115726,찬성,2022-05-29
21,CI15627C,2115726,찬성,2022-05-29
21,C7E79345,2115726,찬성,2022-05-29
21,4019850M,2115726,찬성,2022-05-29
21,UQ282145,2115726,불참,2022-05-29
21,9YO73104,2115726,찬성,2022-05-29
21,TRE2429O,2115726,불참,2022-05-29
21,E6U4345C,2115726,찬성,2022-05-29
21,CDL93608,2115726,찬성,2022-05-29
21,2UD1340H,2115726,찬성,2022-05-29
21,2385336L,2115726,찬성,2022-05-29
21,IN328264,2115726,찬성,2022-05-29
21,XBT9550Q,2115726,불참,2022-05-29
21,ZA54991S,2115726,찬성,2022-05-29
21,MO52543L,2115726,불참,2022-05-29
21,0827740Q,2115726,찬성,2022-05-29
21,0W194007,2115726,찬성,2022-05-29
21,X1K3667J,2115726,찬성,2022-05-29
21,WMG57662,2115726,불참,2022-05-29
21,NCP9875N,2115726,찬성,2022-05-29
21,I5I2468R,2115726,불참,2022-05-29
21,WTR5885Y,2115726,불참,2022-05-29
21,3425169D,2115726,찬성,2022-05-29
21,IOW1101J,2115726,찬성,2022-05-29
21,ICH23251,2115726,불참,2022-05-29
21,25I8709Q,2115726,불참,2022-05-29
21,OIA3741M,2115726,찬성,2022-05-29
21,6MO8786S,2115726,기권,2022-05-29
21,XWX1513T,2115726,찬성,2022-05-29
21,BLC8630L,2115726,찬성,2022-05-29
21,NQR1206Q,2115726,찬성,2022-05-29
21,LG63087O,2115726,불참,2022-05-29
21,OW53107J,2115726,찬성,2022-05-29
21,PEP6922S,2115726,찬성,2022-05-29
21,DAN6731C,2115726,찬성,2022-05-29
21,VG24001G,2115726,찬성,2022-05-29
21,WCD5518S,2115726,불참,2022-05-29
21,I434361W,2115726,찬성,2022-05-29
21,9JF4562W,2115726,찬성,2022-05-29
21,Y7K5946R,2115726,찬성,2022-05-29
21,Z7Y7827F,2115726,찬성,2022-05-29
21,ATB59635,2115726,불참,2022-05-29
21,SBK1544B,2115726,찬성,2022-05-29
21,D6U6678O,2115726,찬성,2022-05-29
21,FU87526G,2115726,찬성,2022-05-29
21,8SV6917G,2115726,불참,2022-05-29
21,8FC9697X,2115726,불참,2022-05-29
21,QKO6165V,2115726,불참,2022-05-29
21,GD131760,2115726,찬성,2022-05-29
21,ZRF3039U,2115726,찬성,2022-05-29
21,68P7228G,2115726,찬성,2022-05-29
21,P0F1530P,2115726,불참,2022-05-29
21,XPP2564T,2115726,찬성,2022-05-29
21,FRN1867O,2115726,불참,2022-05-29
21,LQW3652K,2115726,찬성,2022-05-29
21,RO593601,2115726,찬성,2022-05-29
21,PFG2137X,2115726,불참,2022-05-29
21,GAV6441G,2115726,찬성,2022-05-29
21,0YT3774N,2115726,찬성,2022-05-29
21,7JC3239L,2115726,불참,2022-05-29
21,40S1959J,2115726,찬성,2022-05-29
21,IL74008M,2115726,찬성,2022-05-29
21,8KF7223D,2115726,불참,2022-05-29
21,8P37634C,2115726,불참,2022-05-29
21,N4R2421C,2115726,불참,2022-05-29
21,3C23171A,2115726,찬성,2022-05-29
21,P2N4585G,2115726,찬성,2022-05-29
21,JMY9959W,2115726,찬성,2022-05-29
21,7R156073,2115726,불참,2022-05-29
21,J2O8643H,2115726,찬성,2022-05-29
21,VCP96419,2115726,찬성,2022-05-29
21,6AU2417B,2115726,찬성,2022-05-29
21,8VJ8533R,2115726,찬성,2022-05-29
21,SE233396,2115726,찬성,2022-05-29
21,FIC9046Z,2115726,불참,2022-05-29
21,NLR6572J,2115726,찬성,2022-05-29
21,JNL7001A,2115726,불참,2022-05-29
21,L7T64271,2115726,찬성,2022-05-29
21,4X525582,2115726,불참,2022-05-29
21,GKD32201,2115726,찬성,2022-05-29
21,G7512472,2115726,찬성,2022-05-29
21,3TO11703,2115726,찬성,2022-05-29
21,S741317G,2115726,불참,2022-05-29
21,CCU1009B,2115726,찬성,2022-05-29
21,MU69217P,2115726,기권,2022-05-29
21,66W6739S,2115726,찬성,2022-05-29
21,LM13674V,2115726,불참,2022-05-29
21,QD25323M,2115726,찬성,2022-05-29
21,JVB6983V,2115726,찬성,2022-05-29
21,DAY6557K,2115726,불참,2022-05-29
21,GP07421U,2115726,찬성,2022-05-29
21,FGI27280,2115726,불참,2022-05-29
21,USR7059P,2115726,불참,2022-05-29
21,4XG1439M,2115726,찬성,2022-05-29
21,A0P4646G,2115726,불참,2022-05-29
21,7I09543O,2115726,불참,2022-05-29
21,3DK8989T,2115726,불참,2022-05-29
21,7469929V,2115726,찬성,2022-05-29
21,D4L60530,2115726,불참,2022-05-29
21,OFE45081,2115726,불참,2022-05-29
21,09I2323E,2115726,불참,2022-05-29
21,NTT8182Q,2115726,찬성,2022-05-29
21,A3H7195R,2115726,불참,2022-05-29
21,ZYH1940A,2115726,불참,2022-05-29
21,0VU8517U,2115726,찬성,2022-05-29
21,HSW1214Q,2115726,불참,2022-05-29
21,NZF1659U,2115726,불참,2022-05-29
21,WDS6044S,2115726,찬성,2022-05-29
21,3BC6890E,2115726,찬성,2022-05-29
21,ZDR63255,2115726,찬성,2022-05-29
21,KR14136C,2115726,불참,2022-05-29
21,SRP7336N,2115726,찬성,2022-05-29
21,5765663F,2115726,찬성,2022-05-29
21,ZKU88693,2115726,불참,2022-05-29
21,5KV96424,2115726,찬성,2022-05-29
21,KNM3215T,2115726,찬성,2022-05-29
21,M7T9712V,2115726,찬성,2022-05-29
21,60490713,2115726,불참,2022-05-29
21,UM51067K,2115726,불참,2022-05-29
21,HKJ99607,2115726,찬성,2022-05-29
21,1WE5693J,2115726,찬성,2022-05-29
21,X3170462,2115726,찬성,2022-05-29
21,MY318392,2115726,불참,2022-05-29
21,8FB1535Y,2115726,불참,2022-05-29
21,4T026790,2115726,찬성,2022-05-29
21,EH27538E,2115726,찬성,2022-05-29
21,WFU14784,2115726,불참,2022-05-29
21,0WL9321T,2115726,불참,2022-05-29
21,PZA4062H,2115726,불참,2022-05-29
21,GF286398,2115726,불참,2022-05-29
21,8348421R,2115726,불참,2022-05-29
21,H5476989,2115726,찬성,2022-05-29
21,JQA21112,2115726,찬성,2022-05-29
21,40E3739H,2115726,찬성,2022-05-29
21,HXT76735,2115726,찬성,2022-05-29
21,0R68099X,2115726,찬성,2022-05-29
21,6RM29022,2115726,찬성,2022-05-29
21,MQU41854,2115726,찬성,2022-05-29
21,UQ282145,2110501,찬성,2023-07-27
21,TRE2429O,2110501,찬성,2023-07-27
21,9VR65006,2110501,불참,2023-07-27
21,T465023H,2110501,찬성,2023-07-27
21,ZYP7962W,2110501,불참,2023-07-27
21,CNW5754J,2110501,찬성,2023-07-27
21,8Q88373R,2110501,불참,2023-07-27
21,7XY7109I,2110501,찬성,2023-07-27
21,LT72093S,2110501,찬성,2023-07-27
21,FDC3144T,2110501,찬성,2023-07-27
21,MD083627,2110501,기권,2023-07-27
21,OSV9142K,2110501,찬성,2023-07-27
21,B7R2742J,2110501,찬성,2023-07-27
21,71J2365L,2110501,찬성,2023-07-27
21,7O71647Z,2110501,기권,2023-07-27
21,E1J8836Y,2110501,찬성,2023-07-27
21,TJW93720,2110501,찬성,2023-07-27
21,9S151177,2110501,찬성,2023-07-27
21,PO64874I,2110501,불참,2023-07-27
21,DWK26447,2110501,찬성,2023-07-27
21,S741317G,2110501,찬성,2023-07-27
21,66W6739S,2110501,불참,2023-07-27
21,QD25323M,2110501,불참,2023-07-27
21,DAY6557K,2110501,찬성,2023-07-27
21,USR7059P,2110501,불참,2023-07-27
21,P2N50879,2110501,기권,2023-07-27
21,A0P4646G,2110501,찬성,2023-07-27
21,A2V51235,2110501,찬성,2023-07-27
21,7I09543O,2110501,찬성,2023-07-27
21,7469929V,2110501,찬성,2023-07-27
21,OFE45081,2110501,찬성,2023-07-27
21,SRP7336N,2110501,찬성,2023-07-27
21,M7T9712V,2110501,불참,2023-07-27
21,HKJ99607,2110501,찬성,2023-07-27
21,1WE5693J,2110501,찬성,2023-07-27
21,MY318392,2110501,찬성,2023-07-27
21,8FB1535Y,2110501,찬성,2023-07-27
21,SU53086M,2110501,찬성,2023-07-27
21,RPN2293B,2110501,불참,2023-07-27
21,MQU41854,2110501,찬성,2023-07-27
21,ZA54991S,2110501,찬성,2023-07-27
21,0827740Q,2110501,찬성,2023-07-27
21,0W194007,2110501,찬성,2023-07-27
21,NCP9875N,2110501,찬성,2023-07-27
21,I5I2468R,2110501,찬성,2023-07-27
21,3425169D,2110501,찬성,2023-07-27
21,CT85313K,2110501,찬성,2023-07-27
21,BLC8630L,2110501,불참,2023-07-27
21,NQR1206Q,2110501,찬성,2023-07-27
21,KUO3574J,2110501,찬성,2023-07-27
21,D6U6678O,2110501,찬성,2023-07-27
21,FU87526G,2110501,불참,2023-07-27
21,8FC9697X,2110501,불참,2023-07-27
21,ZRF3039U,2110501,찬성,2023-07-27
21,68P7228G,2110501,찬성,2023-07-27
21,P0F1530P,2110501,불참,2023-07-27
21,LQW3652K,2110501,찬성,2023-07-27
21,0YT3774N,2110501,불참,2023-07-27
21,IL74008M,2110501,찬성,2023-07-27
21,8KF7223D,2110501,찬성,2023-07-27
21,CNZ51556,2110501,찬성,2023-07-27
21,N4R2421C,2110501,불참,2023-07-27
21,3C23171A,2110501,반대,2023-07-27
21,GDG1847Z,2110501,불참,2023-07-27
21,P2N4585G,2110501,찬성,2023-07-27
21,VCP96419,2110501,찬성,2023-07-27
21,6AU2417B,2110501,불참,2023-07-27
21,8VJ8533R,2110501,찬성,2023-07-27
21,B7D7534L,2110501,찬성,2023-07-27
21,52P3934K,2110501,불참,2023-07-27
21,6399076T,2110501,찬성,2023-07-27
21,WHV3448W,2110501,찬성,2023-07-27
21,04T3751T,2110501,찬성,2023-07-27
21,N9X9673B,2110501,찬성,2023-07-27
21,UGH6481E,2110501,찬성,2023-07-27
21,JZY9937U,2110501,찬성,2023-07-27
21,YKW37422,2110501,찬성,2023-07-27
21,KB04377U,2110501,찬성,2023-07-27
21,FU53642G,2110501,찬성,2023-07-27
21,MLH1404S,2110501,불참,2023-07-27
21,IUD9392R,2110501,불참,2023-07-27
21,DBA1057Z,2110501,찬성,2023-07-27
21,CI15627C,2110501,찬성,2023-07-27
21,F5U2979W,2110501,찬성,2023-07-27
21,YOG1280B,2110501,찬성,2023-07-27
21,FIC9046Z,2110501,찬성,2023-07-27
21,NUB4941Z,2110501,찬성,2023-07-27
21,KFM1081G,2110501,찬성,2023-07-27
21,NLR6572J,2110501,찬성,2023-07-27
21,YTA7297R,2110501,찬성,2023-07-27
21,L7T64271,2110501,찬성,2023-07-27
21,4X525582,2110501,불참,2023-07-27
21,GKD32201,2110501,불참,2023-07-27
21,G7512472,2110501,찬성,2023-07-27
21,3TO11703,2110501,찬성,2023-07-27
21,CCU1009B,2110501,찬성,2023-07-27
21,MU69217P,2110501,불참,2023-07-27
21,2N793392,2110501,찬성,2023-07-27
21,LM13674V,2110501,찬성,2023-07-27
21,JVB6983V,2110501,찬성,2023-07-27
21,GP07421U,2110501,찬성,2023-07-27
21,FGI27280,2110501,찬성,2023-07-27
21,4XG1439M,2110501,찬성,2023-07-27
21,3DK8989T,2110501,찬성,2023-07-27
21,D4L60530,2110501,찬성,2023-07-27
21,M6H1705E,2110501,찬성,2023-07-27
21,09I2323E,2110501,찬성,2023-07-27
21,NTT8182Q,2110501,찬성,2023-07-27
21,A3H7195R,2110501,찬성,2023-07-27
21,ZYH1940A,2110501,찬성,2023-07-27
21,0VU8517U,2110501,불참,2023-07-27
21,M0A1658U,2110501,불참,2023-07-27
21,HSW1214Q,2110501,찬성,2023-07-27
21,NZF1659U,2110501,찬성,2023-07-27
21,WDS6044S,2110501,불참,2023-07-27
21,3BC6890E,2110501,불참,2023-07-27
21,ZDR63255,2110501,찬성,2023-07-27
21,KR14136C,2110501,불참,2023-07-27
21,5765663F,2110501,찬성,2023-07-27
21,GFF1986K,2110501,찬성,2023-07-27
21,ZKU88693,2110501,불참,2023-07-27
21,WJL30106,2110501,불참,2023-07-27
21,5KV96424,2110501,찬성,2023-07-27
21,KNM3215T,2110501,불참,2023-07-27
21,60490713,2110501,찬성,2023-07-27
21,UM51067K,2110501,찬성,2023-07-27
21,X3170462,2110501,불참,2023-07-27
21,4T026790,2110501,찬성,2023-07-27
21,EH27538E,2110501,찬성,2023-07-27
21,WFU14784,2110501,찬성,2023-07-27
21,0WL9321T,2110501,기권,2023-07-27
21,PZA4062H,2110501,찬성,2023-07-27
21,MR210505,2110501,찬성,2023-07-27
21,GF286398,2110501,찬성,2023-07-27
21,8348421R,2110501,찬성,2023-07-27
21,H5476989,2110501,찬성,2023-07-27
21,JQA21112,2110501,불참,2023-07-27
21,4L695580,2110501,찬성,2023-07-27
21,40E3739H,2110501,찬성,2023-07-27
21,6FS10566,2110501,찬성,2023-07-27
21,HXT76735,2110501,찬성,2023-07-27
21,0R68099X,2110501,찬성,2023-07-27
21,6RM29022,2110501,찬성,2023-07-27
21,V429892C,2110501,찬성,2023-07-27
21,2385336L,2110501,찬성,2023-07-27
21,IN328264,2110501,불참,2023-07-27
21,XBT9550Q,2110501,찬성,2023-07-27
21,MO52543L,2110501,찬성,2023-07-27
21,X1K3667J,2110501,찬성,2023-07-27
21,WMG57662,2110501,찬성,2023-07-27
21,WTR5885Y,2110501,찬성,2023-07-27
21,IOW1101J,2110501,찬성,2023-07-27
21,ICH23251,2110501,찬성,2023-07-27
21,25I8709Q,2110501,찬성,2023-07-27
21,OIA3741M,2110501,찬성,2023-07-27
21,6MO8786S,2110501,불참,2023-07-27
21,XWX1513T,2110501,기권,2023-07-27
21,LG63087O,2110501,불참,2023-07-27
21,OW53107J,2110501,찬성,2023-07-27
21,PEP6922S,2110501,찬성,2023-07-27
21,DAN6731C,2110501,찬성,2023-07-27
21,VG24001G,2110501,찬성,2023-07-27
21,L2I9861C,2110501,불참,2023-07-27
21,WCD5518S,2110501,찬성,2023-07-27
21,SVH3899R,2110501,찬성,2023-07-27
21,IOW8224X,2110501,찬성,2023-07-27
21,9JF4562W,2110501,찬성,2023-07-27
21,Y7K5946R,2110501,찬성,2023-07-27
21,Z7Y7827F,2110501,찬성,2023-07-27
21,ATB59635,2110501,불참,2023-07-27
21,SBK1544B,2110501,불참,2023-07-27
21,S9U45255,2110501,불참,2023-07-27
21,8SV6917G,2110501,불참,2023-07-27
21,QKO6165V,2110501,불참,2023-07-27
21,GD131760,2110501,찬성,2023-07-27
21,V0O5343U,2110501,찬성,2023-07-27
21,XPP2564T,2110501,불참,2023-07-27
21,FRN1867O,2110501,불참,2023-07-27
21,RO593601,2110501,찬성,2023-07-27
21,PFG2137X,2110501,찬성,2023-07-27
21,UB114374,2110501,찬성,2023-07-27
21,GAV6441G,2110501,찬성,2023-07-27
21,7JC3239L,2110501,찬성,2023-07-27
21,40S1959J,2110501,불참,2023-07-27
21,8P37634C,2110501,불참,2023-07-27
21,O7R5461J,2110501,불참,2023-07-27
21,JMY9959W,2110501,불참,2023-07-27
21,7R156073,2110501,불참,2023-07-27
21,6AR6743G,2110501,불참,2023-07-27
21,J2O8643H,2110501,찬성,2023-07-27
21,GX22581L,2110501,불참,2023-07-27
21,SE233396,2110501,불참,2023-07-27
21,AFH96856,2110501,찬성,2023-07-27
21,B7H6207C,2110501,찬성,2023-07-27
21,4U29186R,2110501,찬성,2023-07-27
21,F5Y4026Q,2110501,찬성,2023-07-27
21,6RD62559,2110501,찬성,2023-07-27
21,1Y73132H,2110501,찬성,2023-07-27
21,I0S53762,2110501,찬성,2023-07-27
21,LH97552Q,2110501,찬성,2023-07-27
21,TKJ4800F,2110501,찬성,2023-07-27
21,O6D8329R,2110501,찬성,2023-07-27
21,MSY7784L,2110501,찬성,2023-07-27
21,EVH1507C,2110501,찬성,2023-07-27
21,K5F2023J,2110501,불참,2023-07-27
21,14M56632,2110501,불참,2023-07-27
21,5MD4184K,2110501,찬성,2023-07-27
21,5K93695T,2110501,찬성,2023-07-27
21,DPZ7685X,2110501,불참,2023-07-27
21,6U243644,2110501,찬성,2023-07-27
21,E9R4507P,2110501,찬성,2023-07-27
21,UHB5553T,2110501,찬성,2023-07-27
21,KFS1358P,2110501,불참,2023-07-27
21,J9S37905,2110501,불참,2023-07-27
21,A494529E,2110501,찬성,2023-07-27
21,VRY5522V,2110501,기권,2023-07-27
21,CAA7713A,2110501,찬성,2023-07-27
21,0PK7354M,2110501,기권,2023-07-27
21,O0I2045I,2110501,찬성,2023-07-27
21,CZB4125D,2110501,불참,2023-07-27
21,Z6R3959C,2110501,찬성,2023-07-27
21,QUM8288K,2110501,불참,2023-07-27
21,S824682L,2110501,찬성,2023-07-27
21,W4X85128,2110501,찬성,2023-07-27
21,Q9H5708M,2110501,불참,2023-07-27
21,MRK4871S,2110501,찬성,2023-07-27
21,2NV6751W,2110501,찬성,2023-07-27
21,BM63269Y,2110501,기권,2023-07-27
21,M7O7878U,2110501,불참,2023-07-27
21,YLS4431M,2110501,불참,2023-07-27
21,MNZ4401T,2110501,불참,2023-07-27
21,3ZR4438W,2110501,찬성,2023-07-27
21,HSS7466Y,2110501,찬성,2023-07-27
21,16D7652C,2110501,찬성,2023-07-27
21,8VY63414,2110501,찬성,2023-07-27
21,XR24352K,2110501,찬성,2023-07-27
21,QQP4727N,2110501,찬성,2023-07-27
21,JEZ3130Q,2110501,불참,2023-07-27
21,BCQ55105,2110501,찬성,2023-07-27
21,9L57027L,2110501,찬성,2023-07-27
21,GOC54665,2110501,불참,2023-07-27
21,5UN9725L,2110501,불참,2023-07-27
21,LJK4960Z,2110501,불참,2023-07-27
21,K3W33496,2110501,찬성,2023-07-27
21,M2Q9024I,2110501,찬성,2023-07-27
21,C7E79345,2110501,찬성,2023-07-27
21,4019850M,2110501,찬성,2023-07-27
21,9YO73104,2110501,찬성,2023-07-27
21,E6U4345C,2110501,불참,2023-07-27
21,7BM2933Y,2110501,찬성,2023-07-27
21,CDL93608,2110501,찬성,2023-07-27
21,2UD1340H,2110501,찬성,2023-07-27
21,X7I4680R,2110501,찬성,2023-07-27
21,EMC8812P,2110501,찬성,2023-07-27
21,XJC13432,2110501,불참,2023-07-27
21,XSP20229,2110501,불참,2023-07-27
21,3RW63706,2110501,찬성,2023-07-27
21,RQQ3807K,2110501,찬성,2023-07-27
21,FH777496,2110501,기권,2023-07-27
21,FYI20317,2110501,찬성,2023-07-27
21,8X15119P,2110501,찬성,2023-07-27
21,3249208I,2110501,찬성,2023-07-27
21,GX38539O,2110501,찬성,2023-07-27
21,XEF29171,2110501,불참,2023-07-27
21,WVU2479T,2110501,찬성,2023-07-27
21,9D939735,2110501,찬성,2023-07-27
21,QTW6852F,2110501,찬성,2023-07-27
21,TST4507I,2110501,찬성,2023-07-27
21,JC14718Q,2110501,찬성,2023-07-27
21,5KV82250,2110501,찬성,2023-07-27
21,L7J93733,2110501,찬성,2023-07-27
21,DAV7257X,2110501,찬성,2023-07-27
21,GE71932C,2110501,불참,2023-07-27
21,6YT83269,2110501,찬성,2023-07-27
21,1MU99298,2110501,찬성,2023-07-27
21,17M85910,2110501,찬성,2023-07-27
21,G152611B,2110501,불참,2023-07-27
21,I7R13867,2110501,찬성,2023-07-27
21,SQ36001H,2110501,찬성,2023-07-27
21,G1570880,2110501,찬성,2023-07-27
21,9LD2641Q,2110501,불참,2023-07-27
21,FOK3459D,2110501,불참,2023-07-27
21,QUO78839,2110501,찬성,2023-07-27
21,BT62420K,2110501,찬성,2023-07-27
21,LPB30152,2110501,찬성,2023-07-27
21,TZP9391O,2110501,불참,2023-07-27
21,6V37131U,2110501,찬성,2023-07-27
21,FJK3396E,2110501,찬성,2023-07-27
21,ZDP5704Q,2110501,찬성,2023-07-27
21,W1Q6753M,2110501,불참,2023-07-27
21,RD42006Y,2110501,불참,2023-07-27
21,6EN68926,2110501,찬성,2023-07-27
21,1BX7234U,2110501,찬성,2023-07-27
21,QHL3248U,2110501,불참,2023-07-27
21,TZ228122,2110501,찬성,2023-07-27
21,9V18755A,2110501,찬성,2023-07-27
21,XA42275R,2110501,찬성,2023-07-27
21,LBC8144B,2110501,찬성,2023-07-27
21,VHK3402G,2110501,찬성,2023-07-27
21,JNL7001A,2105504,찬성,2020-11-19
21,GKD32201,2105504,찬성,2020-11-19
21,S741317G,2105504,찬성,2020-11-19
21,2N793392,2105504,찬성,2020-11-19
21,LM13674V,2105504,찬성,2020-11-19
21,1X376850,2105504,기권,2020-11-19
21,3DK8989T,2105504,불참,2020-11-19
21,7469929V,2105504,찬성,2020-11-19
21,D4L60530,2105504,찬성,2020-11-19
21,M6H1705E,2105504,찬성,2020-11-19
21,OFE45081,2105504,찬성,2020-11-19
21,NTT8182Q,2105504,찬성,2020-11-19
21,ZYH1940A,2105504,찬성,2020-11-19
21,NZF1659U,2105504,찬성,2020-11-19
21,WDS6044S,2105504,불참,2020-11-19
21,SRP7336N,2105504,찬성,2020-11-19
21,GFF1986K,2105504,찬성,2020-11-19
21,WJL30106,2105504,찬성,2020-11-19
21,60490713,2105504,찬성,2020-11-19
21,UM51067K,2105504,불참,2020-11-19
21,HKJ99607,2105504,찬성,2020-11-19
21,4T026790,2105504,찬성,2020-11-19
21,EH27538E,2105504,찬성,2020-11-19
21,WFU14784,2105504,찬성,2020-11-19
21,GF286398,2105504,찬성,2020-11-19
21,H5476989,2105504,찬성,2020-11-19
21,4L695580,2105504,찬성,2020-11-19
21,40E3739H,2105504,찬성,2020-11-19
21,RPN2293B,2105504,찬성,2020-11-19
21,V429892C,2105504,찬성,2020-11-19
21,2385336L,2105504,찬성,2020-11-19
21,IN328264,2105504,찬성,2020-11-19
21,0827740Q,2105504,찬성,2020-11-19
21,0W194007,2105504,찬성,2020-11-19
21,X1K3667J,2105504,찬성,2020-11-19
21,WTR5885Y,2105504,찬성,2020-11-19
21,IOW1101J,2105504,찬성,2020-11-19
21,25I8709Q,2105504,찬성,2020-11-19
21,OIA3741M,2105504,찬성,2020-11-19
21,CT85313K,2105504,기권,2020-11-19
21,PAO22428,2105504,불참,2020-11-19
21,BLC8630L,2105504,불참,2020-11-19
21,0767470D,2105504,불참,2020-11-19
21,LG63087O,2105504,찬성,2020-11-19
21,PEP6922S,2105504,찬성,2020-11-19
21,DAN6731C,2105504,찬성,2020-11-19
21,VG24001G,2105504,기권,2020-11-19
21,I434361W,2105504,찬성,2020-11-19
21,9JF4562W,2105504,불참,2020-11-19
21,SBK1544B,2105504,찬성,2020-11-19
21,8SV6917G,2105504,불참,2020-11-19
21,ZRF3039U,2105504,찬성,2020-11-19
21,V0O5343U,2105504,찬성,2020-11-19
21,68P7228G,2105504,찬성,2020-11-19
21,XPP2564T,2105504,찬성,2020-11-19
21,FRN1867O,2105504,찬성,2020-11-19
21,PFG2137X,2105504,찬성,2020-11-19
21,GAV6441G,2105504,찬성,2020-11-19
21,7JC3239L,2105504,찬성,2020-11-19
21,8KF7223D,2105504,찬성,2020-11-19
21,CNZ51556,2105504,찬성,2020-11-19
21,N4R2421C,2105504,불참,2020-11-19
21,3C23171A,2105504,찬성,2020-11-19
21,GDG1847Z,2105504,찬성,2020-11-19
21,LNR7932L,2105504,불참,2020-11-19
21,O7R5461J,2105504,찬성,2020-11-19
21,7R156073,2105504,찬성,2020-11-19
21,J2O8643H,2105504,찬성,2020-11-19
21,VCP96419,2105504,찬성,2020-11-19
21,8VJ8533R,2105504,불참,2020-11-19
21,GX22581L,2105504,찬성,2020-11-19
21,SE233396,2105504,찬성,2020-11-19
21,52P3934K,2105504,찬성,2020-11-19
21,6399076T,2105504,찬성,2020-11-19
21,4U29186R,2105504,찬성,2020-11-19
21,F5Y4026Q,2105504,찬성,2020-11-19
21,MSY7784L,2105504,찬성,2020-11-19
21,5MD4184K,2105504,찬성,2020-11-19
21,5K93695T,2105504,찬성,2020-11-19
21,DPZ7685X,2105504,기권,2020-11-19
21,KFS1358P,2105504,찬성,2020-11-19
21,A494529E,2105504,찬성,2020-11-19
21,VRY5522V,2105504,찬성,2020-11-19
21,CZB4125D,2105504,불참,2020-11-19
21,Z6R3959C,2105504,불참,2020-11-19
21,UGH6481E,2105504,찬성,2020-11-19
21,S824682L,2105504,찬성,2020-11-19
21,Q9H5708M,2105504,찬성,2020-11-19
21,2NV6751W,2105504,찬성,2020-11-19
21,3ZR4438W,2105504,불참,2020-11-19
21,16D7652C,2105504,반대,2020-11-19
21,8VY63414,2105504,불참,2020-11-19
21,QQP4727N,2105504,기권,2020-11-19
21,LJK4960Z,2105504,찬성,2020-11-19
21,K3W33496,2105504,찬성,2020-11-19
21,CI15627C,2105504,불참,2020-11-19
21,21N57758,2105504,찬성,2020-11-19
21,TRE2429O,2105504,찬성,2020-11-19
21,2UD1340H,2105504,찬성,2020-11-19
21,EMC8812P,2105504,불참,2020-11-19
21,T465023H,2105504,찬성,2020-11-19
21,FH777496,2105504,찬성,2020-11-19
21,FYI20317,2105504,찬성,2020-11-19
21,WVU2479T,2105504,찬성,2020-11-19
21,9D939735,2105504,찬성,2020-11-19
21,7XY7109I,2105504,찬성,2020-11-19
21,TST4507I,2105504,불참,2020-11-19
21,JC14718Q,2105504,찬성,2020-11-19
21,5KV82250,2105504,찬성,2020-11-19
21,L7J93733,2105504,찬성,2020-11-19
21,6YT83269,2105504,찬성,2020-11-19
21,1MU99298,2105504,찬성,2020-11-19
21,FDC3144T,2105504,찬성,2020-11-19
21,SQ36001H,2105504,찬성,2020-11-19
21,9LD2641Q,2105504,찬성,2020-11-19
21,FOK3459D,2105504,찬성,2020-11-19
21,BT62420K,2105504,불참,2020-11-19
21,TZP9391O,2105504,찬성,2020-11-19
21,71J2365L,2105504,찬성,2020-11-19
21,7O71647Z,2105504,찬성,2020-11-19
21,6EN68926,2105504,찬성,2020-11-19
21,1BX7234U,2105504,찬성,2020-11-19
21,QHL3248U,2105504,찬성,2020-11-19
21,9V18755A,2105504,찬성,2020-11-19
21,DBA1057Z,2105504,찬성,2020-11-19
21,C7E79345,2105504,찬성,2020-11-19
21,4019850M,2105504,찬성,2020-11-19
21,UQ282145,2105504,찬성,2020-11-19
21,9YO73104,2105504,불참,2020-11-19
21,E6U4345C,2105504,찬성,2020-11-19
21,7BM2933Y,2105504,찬성,2020-11-19
21,CDL93608,2105504,찬성,2020-11-19
21,9VR65006,2105504,불참,2020-11-19
21,X7I4680R,2105504,찬성,2020-11-19
21,XJC13432,2105504,찬성,2020-11-19
21,D0C85236,2105504,찬성,2020-11-19
21,XSP20229,2105504,찬성,2020-11-19
21,3RW63706,2105504,찬성,2020-11-19
21,RQQ3807K,2105504,찬성,2020-11-19
21,8X15119P,2105504,불참,2020-11-19
21,ZYP7962W,2105504,불참,2020-11-19
21,CNW5754J,2105504,찬성,2020-11-19
21,3249208I,2105504,찬성,2020-11-19
21,GX38539O,2105504,찬성,2020-11-19
21,8Q88373R,2105504,불참,2020-11-19
21,XEF29171,2105504,찬성,2020-11-19
21,QTW6852F,2105504,찬성,2020-11-19
21,DAV7257X,2105504,찬성,2020-11-19
21,LT72093S,2105504,찬성,2020-11-19
21,GE71932C,2105504,찬성,2020-11-19
21,17M85910,2105504,찬성,2020-11-19
21,G152611B,2105504,찬성,2020-11-19
21,I7R13867,2105504,찬성,2020-11-19
21,G1570880,2105504,찬성,2020-11-19
21,QUO78839,2105504,찬성,2020-11-19
21,LPB30152,2105504,찬성,2020-11-19
21,MD083627,2105504,찬성,2020-11-19
21,6V37131U,2105504,찬성,2020-11-19
21,OSV9142K,2105504,찬성,2020-11-19
21,B7R2742J,2105504,찬성,2020-11-19
21,FJK3396E,2105504,찬성,2020-11-19
21,ZDP5704Q,2105504,찬성,2020-11-19
21,W1Q6753M,2105504,찬성,2020-11-19
21,MHK9919B,2105504,찬성,2020-11-19
21,E1J8836Y,2105504,찬성,2020-11-19
21,RD42006Y,2105504,찬성,2020-11-19
21,AE685067,2105504,찬성,2020-11-19
21,TJW93720,2105504,찬성,2020-11-19
21,9S151177,2105504,찬성,2020-11-19
21,TZ228122,2105504,찬성,2020-11-19
21,XA42275R,2105504,찬성,2020-11-19
21,PO64874I,2105504,찬성,2020-11-19
21,KUO3574J,2105504,찬성,2020-11-19
21,D6U6678O,2105504,찬성,2020-11-19
21,FU87526G,2105504,찬성,2020-11-19
21,S9U45255,2105504,불참,2020-11-19
21,8FC9697X,2105504,찬성,2020-11-19
21,QKO6165V,2105504,찬성,2020-11-19
21,GD131760,2105504,찬성,2020-11-19
21,P0F1530P,2105504,불참,2020-11-19
21,LQW3652K,2105504,찬성,2020-11-19
21,RO593601,2105504,찬성,2020-11-19
21,UB114374,2105504,찬성,2020-11-19
21,0YT3774N,2105504,찬성,2020-11-19
21,40S1959J,2105504,찬성,2020-11-19
21,IL74008M,2105504,찬성,2020-11-19
21,8P37634C,2105504,찬성,2020-11-19
21,P2N4585G,2105504,찬성,2020-11-19
21,TVF3669B,2105504,기권,2020-11-19
21,JMY9959W,2105504,찬성,2020-11-19
21,6AR6743G,2105504,불참,2020-11-19
21,6AU2417B,2105504,찬성,2020-11-19
21,B7D7534L,2105504,찬성,2020-11-19
21,AFH96856,2105504,찬성,2020-11-19
21,B7H6207C,2105504,찬성,2020-11-19
21,WHV3448W,2105504,찬성,2020-11-19
21,1Y73132H,2105504,불참,2020-11-19
21,I0S53762,2105504,찬성,2020-11-19
21,LH97552Q,2105504,찬성,2020-11-19
21,TKJ4800F,2105504,찬성,2020-11-19
21,O6D8329R,2105504,찬성,2020-11-19
21,04T3751T,2105504,찬성,2020-11-19
21,EVH1507C,2105504,찬성,2020-11-19
21,K5F2023J,2105504,불참,2020-11-19
21,14M56632,2105504,찬성,2020-11-19
21,N9X9673B,2105504,찬성,2020-11-19
21,TP066860,2105504,불참,2020-11-19
21,6U243644,2105504,찬성,2020-11-19
21,E9R4507P,2105504,찬성,2020-11-19
21,UHB5553T,2105504,찬성,2020-11-19
21,J9S37905,2105504,불참,2020-11-19
21,CAA7713A,2105504,기권,2020-11-19
21,0PK7354M,2105504,찬성,2020-11-19
21,O0I2045I,2105504,찬성,2020-11-19
21,QUM8288K,2105504,불참,2020-11-19
21,W4X85128,2105504,불참,2020-11-19
21,CFE3998F,2105504,불참,2020-11-19
21,JZY9937U,2105504,찬성,2020-11-19
21,MRK4871S,2105504,불참,2020-11-19
21,YKW37422,2105504,불참,2020-11-19
21,BM63269Y,2105504,찬성,2020-11-19
21,M7O7878U,2105504,찬성,2020-11-19
21,YLS4431M,2105504,찬성,2020-11-19
21,MNZ4401T,2105504,찬성,2020-11-19
21,HSS7466Y,2105504,찬성,2020-11-19
21,KB04377U,2105504,불참,2020-11-19
21,FU53642G,2105504,찬성,2020-11-19
21,MLH1404S,2105504,불참,2020-11-19
21,XR24352K,2105504,찬성,2020-11-19
21,IUL4848V,2105504,기권,2020-11-19
21,JEZ3130Q,2105504,찬성,2020-11-19
21,BCQ55105,2105504,찬성,2020-11-19
21,9L57027L,2105504,찬성,2020-11-19
21,GOC54665,2105504,찬성,2020-11-19
21,5UN9725L,2105504,불참,2020-11-19
21,M2Q9024I,2105504,불참,2020-11-19
21,L7T64271,2105504,찬성,2020-11-19
21,4X525582,2105504,찬성,2020-11-19
21,G7512472,2105504,찬성,2020-11-19
21,3TO11703,2105504,찬성,2020-11-19
21,CCU1009B,2105504,찬성,2020-11-19
21,MU69217P,2105504,찬성,2020-11-19
21,66W6739S,2105504,찬성,2020-11-19
21,QD25323M,2105504,찬성,2020-11-19
21,DAY6557K,2105504,기권,2020-11-19
21,GP07421U,2105504,불참,2020-11-19
21,FGI27280,2105504,찬성,2020-11-19
21,USR7059P,2105504,기권,2020-11-19
21,4XG1439M,2105504,찬성,2020-11-19
21,P2N50879,2105504,찬성,2020-11-19
21,A0P4646G,2105504,찬성,2020-11-19
21,A2V51235,2105504,찬성,2020-11-19
21,7I09543O,2105504,찬성,2020-11-19
21,09I2323E,2105504,불참,2020-11-19
21,A3H7195R,2105504,찬성,2020-11-19
21,0VU8517U,2105504,찬성,2020-11-19
21,M0A1658U,2105504,찬성,2020-11-19
21,HSW1214Q,2105504,찬성,2020-11-19
21,3BC6890E,2105504,기권,2020-11-19
21,ZDR63255,2105504,찬성,2020-11-19
21,KR14136C,2105504,찬성,2020-11-19
21,5765663F,2105504,찬성,2020-11-19
21,ZKU88693,2105504,찬성,2020-11-19
21,5KV96424,2105504,찬성,2020-11-19
21,KNM3215T,2105504,찬성,2020-11-19
21,M7T9712V,2105504,찬성,2020-11-19
21,1WE5693J,2105504,불참,2020-11-19
21,X3170462,2105504,불참,2020-11-19
21,MY318392,2105504,찬성,2020-11-19
21,8FB1535Y,2105504,찬성,2020-11-19
21,SU53086M,2105504,찬성,2020-11-19
21,0WL9321T,2105504,찬성,2020-11-19
21,PZA4062H,2105504,찬성,2020-11-19
21,MR210505,2105504,찬성,2020-11-19
21,8348421R,2105504,찬성,2020-11-19
21,JQA21112,2105504,찬성,2020-11-19
21,HXT76735,2105504,찬성,2020-11-19
21,0R68099X,2105504,찬성,2020-11-19
21,4A067125,2105504,찬성,2020-11-19
21,XBT9550Q,2105504,찬성,2020-11-19
21,ZA54991S,2105504,찬성,2020-11-19
21,MO52543L,2105504,불참,2020-11-19
21,WMG57662,2105504,찬성,2020-11-19
21,NCP9875N,2105504,찬성,2020-11-19
21,I5I2468R,2105504,찬성,2020-11-19
21,L5P27909,2105504,기권,2020-11-19
21,3425169D,2105504,찬성,2020-11-19
21,ICH23251,2105504,찬성,2020-11-19
21,6MO8786S,2105504,찬성,2020-11-19
21,XWX1513T,2105504,찬성,2020-11-19
21,NQR1206Q,2105504,찬성,2020-11-19
21,NAL4555X,2105504,찬성,2020-11-19
21,OW53107J,2105504,찬성,2020-11-19
21,L2I9861C,2105504,불참,2020-11-19
21,WCD5518S,2105504,찬성,2020-11-19
21,SVH3899R,2105504,찬성,2020-11-19
21,IOW8224X,2105504,찬성,2020-11-19
21,Y7K5946R,2105504,찬성,2020-11-19
21,Z7Y7827F,2105504,찬성,2020-11-19
21,ATB59635,2105504,찬성,2020-11-19
21,JNL7001A,2102108,찬성,2020-11-19
21,GKD32201,2102108,찬성,2020-11-19
21,S741317G,2102108,찬성,2020-11-19
21,2N793392,2102108,찬성,2020-11-19
21,1X376850,2102108,기권,2020-11-19
21,7469929V,2102108,찬성,2020-11-19
21,D4L60530,2102108,찬성,2020-11-19
21,M6H1705E,2102108,찬성,2020-11-19
21,NTT8182Q,2102108,찬성,2020-11-19
21,NZF1659U,2102108,찬성,2020-11-19
21,WDS6044S,2102108,찬성,2020-11-19
21,GFF1986K,2102108,찬성,2020-11-19
21,WJL30106,2102108,찬성,2020-11-19
21,60490713,2102108,찬성,2020-11-19
21,UM51067K,2102108,찬성,2020-11-19
21,HKJ99607,2102108,찬성,2020-11-19
21,WFU14784,2102108,찬성,2020-11-19
21,H5476989,2102108,찬성,2020-11-19
21,4L695580,2102108,찬성,2020-11-19
21,40E3739H,2102108,찬성,2020-11-19
21,V429892C,2102108,찬성,2020-11-19
21,2385336L,2102108,찬성,2020-11-19
21,0W194007,2102108,찬성,2020-11-19
21,WTR5885Y,2102108,찬성,2020-11-19
21,IOW1101J,2102108,찬성,2020-11-19
21,OIA3741M,2102108,찬성,2020-11-19
21,PAO22428,2102108,불참,2020-11-19
21,BLC8630L,2102108,불참,2020-11-19
21,0767470D,2102108,불참,2020-11-19
21,PEP6922S,2102108,찬성,2020-11-19
21,DAN6731C,2102108,불참,2020-11-19
21,VG24001G,2102108,기권,2020-11-19
21,I434361W,2102108,찬성,2020-11-19
21,9JF4562W,2102108,불참,2020-11-19
21,SBK1544B,2102108,찬성,2020-11-19
21,8SV6917G,2102108,불참,2020-11-19
21,ZRF3039U,2102108,찬성,2020-11-19
21,V0O5343U,2102108,찬성,2020-11-19
21,68P7228G,2102108,찬성,2020-11-19
21,GAV6441G,2102108,찬성,2020-11-19
21,7JC3239L,2102108,찬성,2020-11-19
21,CNZ51556,2102108,찬성,2020-11-19
21,N4R2421C,2102108,불참,2020-11-19
21,3C23171A,2102108,찬성,2020-11-19
21,LNR7932L,2102108,불참,2020-11-19
21,O7R5461J,2102108,불참,2020-11-19
21,J2O8643H,2102108,찬성,2020-11-19
21,VCP96419,2102108,찬성,2020-11-19
21,GX22581L,2102108,찬성,2020-11-19
21,6399076T,2102108,찬성,2020-11-19
21,F5Y4026Q,2102108,불참,2020-11-19
21,MSY7784L,2102108,불참,2020-11-19
21,5MD4184K,2102108,찬성,2020-11-19
21,5K93695T,2102108,찬성,2020-11-19
21,DPZ7685X,2102108,찬성,2020-11-19
21,KFS1358P,2102108,찬성,2020-11-19
21,A494529E,2102108,찬성,2020-11-19
21,CZB4125D,2102108,불참,2020-11-19
21,Z6R3959C,2102108,불참,2020-11-19
21,UGH6481E,2102108,찬성,2020-11-19
21,S824682L,2102108,찬성,2020-11-19
21,Q9H5708M,2102108,찬성,2020-11-19
21,2NV6751W,2102108,찬성,2020-11-19
21,QQP4727N,2102108,기권,2020-11-19
21,LJK4960Z,2102108,찬성,2020-11-19
21,K3W33496,2102108,찬성,2020-11-19
21,CI15627C,2102108,불참,2020-11-19
21,21N57758,2102108,찬성,2020-11-19
21,2UD1340H,2102108,찬성,2020-11-19
21,EMC8812P,2102108,불참,2020-11-19
21,T465023H,2102108,찬성,2020-11-19
21,FH777496,2102108,찬성,2020-11-19
21,9D939735,2102108,기권,2020-11-19
21,7XY7109I,2102108,찬성,2020-11-19
21,TST4507I,2102108,찬성,2020-11-19
21,JC14718Q,2102108,찬성,2020-11-19
21,5KV82250,2102108,찬성,2020-11-19
21,L7J93733,2102108,찬성,2020-11-19
21,6YT83269,2102108,찬성,2020-11-19
21,1MU99298,2102108,찬성,2020-11-19
21,FDC3144T,2102108,기권,2020-11-19
21,SQ36001H,2102108,찬성,2020-11-19
21,9LD2641Q,2102108,찬성,2020-11-19
21,FOK3459D,2102108,찬성,2020-11-19
21,71J2365L,2102108,찬성,2020-11-19
21,7O71647Z,2102108,찬성,2020-11-19
21,6EN68926,2102108,불참,2020-11-19
21,1BX7234U,2102108,찬성,2020-11-19
21,QHL3248U,2102108,찬성,2020-11-19
21,9V18755A,2102108,찬성,2020-11-19
21,B7R2742J,2102108,찬성,2020-11-19
21,FJK3396E,2102108,찬성,2020-11-19
21,ZDP5704Q,2102108,기권,2020-11-19
21,W1Q6753M,2102108,찬성,2020-11-19
21,MHK9919B,2102108,반대,2020-11-19
21,E1J8836Y,2102108,기권,2020-11-19
21,RD42006Y,2102108,찬성,2020-11-19
21,AE685067,2102108,찬성,2020-11-19
21,TJW93720,2102108,찬성,2020-11-19
21,9S151177,2102108,찬성,2020-11-19
21,TZ228122,2102108,찬성,2020-11-19
21,PO64874I,2102108,찬성,2020-11-19
21,QUM8288K,2102108,불참,2020-11-19
21,W4X85128,2102108,불참,2020-11-19
21,CFE3998F,2102108,불참,2020-11-19
21,JZY9937U,2102108,찬성,2020-11-19
21,MRK4871S,2102108,불참,2020-11-19
21,YKW37422,2102108,불참,2020-11-19
21,BM63269Y,2102108,찬성,2020-11-19
21,M7O7878U,2102108,찬성,2020-11-19
21,YLS4431M,2102108,기권,2020-11-19
21,MNZ4401T,2102108,찬성,2020-11-19
21,3ZR4438W,2102108,불참,2020-11-19
21,HSS7466Y,2102108,찬성,2020-11-19
21,16D7652C,2102108,찬성,2020-11-19
21,KB04377U,2102108,불참,2020-11-19
21,FU53642G,2102108,찬성,2020-11-19
21,MLH1404S,2102108,찬성,2020-11-19
21,8VY63414,2102108,찬성,2020-11-19
21,XR24352K,2102108,찬성,2020-11-19
21,IUL4848V,2102108,기권,2020-11-19
21,JEZ3130Q,2102108,기권,2020-11-19
21,BCQ55105,2102108,찬성,2020-11-19
21,9L57027L,2102108,기권,2020-11-19
21,GOC54665,2102108,찬성,2020-11-19
21,5UN9725L,2102108,불참,2020-11-19
21,M2Q9024I,2102108,찬성,2020-11-19
21,DBA1057Z,2102108,찬성,2020-11-19
21,C7E79345,2102108,찬성,2020-11-19
21,4019850M,2102108,찬성,2020-11-19
21,UQ282145,2102108,찬성,2020-11-19
21,9YO73104,2102108,찬성,2020-11-19
21,TRE2429O,2102108,찬성,2020-11-19
21,E6U4345C,2102108,찬성,2020-11-19
21,7BM2933Y,2102108,찬성,2020-11-19
21,CDL93608,2102108,찬성,2020-11-19
21,9VR65006,2102108,불참,2020-11-19
21,X7I4680R,2102108,찬성,2020-11-19
21,XJC13432,2102108,찬성,2020-11-19
21,D0C85236,2102108,기권,2020-11-19
21,XSP20229,2102108,찬성,2020-11-19
21,3RW63706,2102108,기권,2020-11-19
21,RQQ3807K,2102108,찬성,2020-11-19
21,FYI20317,2102108,찬성,2020-11-19
21,8X15119P,2102108,불참,2020-11-19
21,ZYP7962W,2102108,불참,2020-11-19
21,CNW5754J,2102108,찬성,2020-11-19
21,3249208I,2102108,찬성,2020-11-19
21,GX38539O,2102108,찬성,2020-11-19
21,8Q88373R,2102108,불참,2020-11-19
21,WVU2479T,2102108,찬성,2020-11-19
21,QTW6852F,2102108,기권,2020-11-19
21,DAV7257X,2102108,찬성,2020-11-19
21,LT72093S,2102108,찬성,2020-11-19
21,GE71932C,2102108,찬성,2020-11-19
21,17M85910,2102108,찬성,2020-11-19
21,G152611B,2102108,찬성,2020-11-19
21,I7R13867,2102108,찬성,2020-11-19
21,G1570880,2102108,불참,2020-11-19
21,QUO78839,2102108,찬성,2020-11-19
21,BT62420K,2102108,찬성,2020-11-19
21,LPB30152,2102108,찬성,2020-11-19
21,MD083627,2102108,찬성,2020-11-19
21,TZP9391O,2102108,기권,2020-11-19
21,6V37131U,2102108,찬성,2020-11-19
21,OSV9142K,2102108,찬성,2020-11-19
21,6MO8786S,2102108,기권,2020-11-19
21,XWX1513T,2102108,찬성,2020-11-19
21,CT85313K,2102108,불참,2020-11-19
21,NQR1206Q,2102108,찬성,2020-11-19
21,LG63087O,2102108,찬성,2020-11-19
21,NAL4555X,2102108,찬성,2020-11-19
21,OW53107J,2102108,찬성,2020-11-19
21,L2I9861C,2102108,불참,2020-11-19
21,WCD5518S,2102108,찬성,2020-11-19
21,SVH3899R,2102108,기권,2020-11-19
21,IOW8224X,2102108,찬성,2020-11-19
21,Y7K5946R,2102108,반대,2020-11-19
21,Z7Y7827F,2102108,찬성,2020-11-19
21,ATB59635,2102108,찬성,2020-11-19
21,KUO3574J,2102108,찬성,2020-11-19
21,D6U6678O,2102108,찬성,2020-11-19
21,FU87526G,2102108,찬성,2020-11-19
21,S9U45255,2102108,찬성,2020-11-19
21,8FC9697X,2102108,찬성,2020-11-19
21,QKO6165V,2102108,찬성,2020-11-19
21,GD131760,2102108,찬성,2020-11-19
21,P0F1530P,2102108,불참,2020-11-19
21,XPP2564T,2102108,찬성,2020-11-19
21,FRN1867O,2102108,찬성,2020-11-19
21,LQW3652K,2102108,기권,2020-11-19
21,PFG2137X,2102108,찬성,2020-11-19
21,UB114374,2102108,불참,2020-11-19
21,0YT3774N,2102108,찬성,2020-11-19
21,40S1959J,2102108,찬성,2020-11-19
21,IL74008M,2102108,찬성,2020-11-19
21,8KF7223D,2102108,찬성,2020-11-19
21,8P37634C,2102108,찬성,2020-11-19
21,GDG1847Z,2102108,찬성,2020-11-19
21,P2N4585G,2102108,찬성,2020-11-19
21,TVF3669B,2102108,불참,2020-11-19
21,JMY9959W,2102108,찬성,2020-11-19
21,7R156073,2102108,찬성,2020-11-19
21,6AR6743G,2102108,불참,2020-11-19
21,6AU2417B,2102108,찬성,2020-11-19
21,8VJ8533R,2102108,기권,2020-11-19
21,B7D7534L,2102108,찬성,2020-11-19
21,SE233396,2102108,찬성,2020-11-19
21,AFH96856,2102108,찬성,2020-11-19
21,52P3934K,2102108,찬성,2020-11-19
21,B7H6207C,2102108,찬성,2020-11-19
21,4U29186R,2102108,찬성,2020-11-19
21,WHV3448W,2102108,찬성,2020-11-19
21,1Y73132H,2102108,불참,2020-11-19
21,I0S53762,2102108,기권,2020-11-19
21,LH97552Q,2102108,찬성,2020-11-19
21,TKJ4800F,2102108,찬성,2020-11-19
21,O6D8329R,2102108,찬성,2020-11-19
21,04T3751T,2102108,찬성,2020-11-19
21,EVH1507C,2102108,찬성,2020-11-19
21,K5F2023J,2102108,불참,2020-11-19
21,N9X9673B,2102108,찬성,2020-11-19
21,TP066860,2102108,불참,2020-11-19
21,6U243644,2102108,찬성,2020-11-19
21,E9R4507P,2102108,기권,2020-11-19
21,UHB5553T,2102108,찬성,2020-11-19
21,J9S37905,2102108,불참,2020-11-19
21,VRY5522V,2102108,찬성,2020-11-19
21,CAA7713A,2102108,찬성,2020-11-19
21,0PK7354M,2102108,찬성,2020-11-19
21,L7T64271,2102108,찬성,2020-11-19
21,4X525582,2102108,찬성,2020-11-19
21,G7512472,2102108,찬성,2020-11-19
21,3TO11703,2102108,찬성,2020-11-19
21,CCU1009B,2102108,찬성,2020-11-19
21,MU69217P,2102108,찬성,2020-11-19
21,66W6739S,2102108,찬성,2020-11-19
21,LM13674V,2102108,찬성,2020-11-19
21,QD25323M,2102108,찬성,2020-11-19
21,DAY6557K,2102108,찬성,2020-11-19
21,GP07421U,2102108,불참,2020-11-19
21,FGI27280,2102108,찬성,2020-11-19
21,USR7059P,2102108,반대,2020-11-19
21,4XG1439M,2102108,찬성,2020-11-19
21,P2N50879,2102108,찬성,2020-11-19
21,A0P4646G,2102108,찬성,2020-11-19
21,A2V51235,2102108,찬성,2020-11-19
21,7I09543O,2102108,찬성,2020-11-19
21,3DK8989T,2102108,불참,2020-11-19
21,OFE45081,2102108,찬성,2020-11-19
21,09I2323E,2102108,불참,2020-11-19
21,A3H7195R,2102108,찬성,2020-11-19
21,ZYH1940A,2102108,찬성,2020-11-19
21,0VU8517U,2102108,불참,2020-11-19
21,M0A1658U,2102108,찬성,2020-11-19
21,HSW1214Q,2102108,찬성,2020-11-19
21,3BC6890E,2102108,찬성,2020-11-19
21,ZDR63255,2102108,찬성,2020-11-19
21,KR14136C,2102108,불참,2020-11-19
21,SRP7336N,2102108,반대,2020-11-19
21,5765663F,2102108,찬성,2020-11-19
21,5KV96424,2102108,찬성,2020-11-19
21,KNM3215T,2102108,찬성,2020-11-19
21,M7T9712V,2102108,기권,2020-11-19
21,1WE5693J,2102108,불참,2020-11-19
21,X3170462,2102108,불참,2020-11-19
21,MY318392,2102108,찬성,2020-11-19
21,8FB1535Y,2102108,찬성,2020-11-19
21,4T026790,2102108,찬성,2020-11-19
21,EH27538E,2102108,찬성,2020-11-19
21,SU53086M,2102108,찬성,2020-11-19
21,0WL9321T,2102108,찬성,2020-11-19
21,PZA4062H,2102108,찬성,2020-11-19
21,MR210505,2102108,찬성,2020-11-19
21,GF286398,2102108,찬성,2020-11-19
21,8348421R,2102108,찬성,2020-11-19
21,JQA21112,2102108,찬성,2020-11-19
21,HXT76735,2102108,찬성,2020-11-19
21,RPN2293B,2102108,찬성,2020-11-19
21,0R68099X,2102108,찬성,2020-11-19
21,4A067125,2102108,찬성,2020-11-19
21,IN328264,2102108,찬성,2020-11-19
21,XBT9550Q,2102108,찬성,2020-11-19
21,ZA54991S,2102108,찬성,2020-11-19
21,MO52543L,2102108,찬성,2020-11-19
21,0827740Q,2102108,찬성,2020-11-19
21,X1K3667J,2102108,찬성,2020-11-19
21,WMG57662,2102108,찬성,2020-11-19
21,NCP9875N,2102108,찬성,2020-11-19
21,I5I2468R,2102108,찬성,2020-11-19
21,L5P27909,2102108,불참,2020-11-19
21,3425169D,2102108,찬성,2020-11-19
21,ICH23251,2102108,찬성,2020-11-19
21,25I8709Q,2102108,찬성,2020-11-19
21,ZKU88693,2102108,찬성,2020-11-19
21,RO593601,2102108,찬성,2020-11-19
21,14M56632,2102108,찬성,2020-11-19
21,O0I2045I,2102108,찬성,2020-11-19
21,XEF29171,2102108,찬성,2020-11-19
21,XA42275R,2102108,찬성,2020-11-19
21,F5U2979W,2119899,반대,2023-02-08
21,YOG1280B,2119899,반대,2023-02-08
21,DWK26447,2119899,반대,2023-02-08
21,NUB4941Z,2119899,찬성,2023-02-08
21,NLR6572J,2119899,불참,2023-02-08
21,YTA7297R,2119899,반대,2023-02-08
21,JNL7001A,2119899,반대,2023-02-08
21,L7T64271,2119899,찬성,2023-02-08
21,3TO11703,2119899,찬성,2023-02-08
21,CCU1009B,2119899,찬성,2023-02-08
21,MU69217P,2119899,반대,2023-02-08
21,66W6739S,2119899,불참,2023-02-08
21,LM13674V,2119899,찬성,2023-02-08
21,QD25323M,2119899,찬성,2023-02-08
21,JVB6983V,2119899,반대,2023-02-08
21,DAY6557K,2119899,반대,2023-02-08
21,GP07421U,2119899,찬성,2023-02-08
21,FGI27280,2119899,반대,2023-02-08
21,4XG1439M,2119899,찬성,2023-02-08
21,P2N50879,2119899,찬성,2023-02-08
21,A0P4646G,2119899,반대,2023-02-08
21,A2V51235,2119899,찬성,2023-02-08
21,7I09543O,2119899,찬성,2023-02-08
21,3DK8989T,2119899,반대,2023-02-08
21,7469929V,2119899,반대,2023-02-08
21,D4L60530,2119899,찬성,2023-02-08
21,M6H1705E,2119899,찬성,2023-02-08
21,OFE45081,2119899,찬성,2023-02-08
21,09I2323E,2119899,찬성,2023-02-08
21,ZYH1940A,2119899,찬성,2023-02-08
21,0VU8517U,2119899,찬성,2023-02-08
21,M0A1658U,2119899,찬성,2023-02-08
21,WDS6044S,2119899,반대,2023-02-08
21,3BC6890E,2119899,반대,2023-02-08
21,ZDR63255,2119899,찬성,2023-02-08
21,KR14136C,2119899,찬성,2023-02-08
21,SRP7336N,2119899,반대,2023-02-08
21,GFF1986K,2119899,찬성,2023-02-08
21,ZKU88693,2119899,찬성,2023-02-08
21,5KV96424,2119899,찬성,2023-02-08
21,60490713,2119899,찬성,2023-02-08
21,UM51067K,2119899,찬성,2023-02-08
21,HKJ99607,2119899,찬성,2023-02-08
21,1WE5693J,2119899,찬성,2023-02-08
21,X3170462,2119899,반대,2023-02-08
21,8FB1535Y,2119899,찬성,2023-02-08
21,4T026790,2119899,찬성,2023-02-08
21,SU53086M,2119899,찬성,2023-02-08
21,PZA4062H,2119899,찬성,2023-02-08
21,MR210505,2119899,반대,2023-02-08
21,GF286398,2119899,찬성,2023-02-08
21,8348421R,2119899,반대,2023-02-08
21,JQA21112,2119899,반대,2023-02-08
21,4L695580,2119899,찬성,2023-02-08
21,40E3739H,2119899,반대,2023-02-08
21,HXT76735,2119899,찬성,2023-02-08
21,RPN2293B,2119899,찬성,2023-02-08
21,0R68099X,2119899,찬성,2023-02-08
21,MQU41854,2119899,반대,2023-02-08
21,V429892C,2119899,찬성,2023-02-08
21,IN328264,2119899,찬성,2023-02-08
21,XBT9550Q,2119899,찬성,2023-02-08
21,0827740Q,2119899,찬성,2023-02-08
21,0W194007,2119899,찬성,2023-02-08
21,X1K3667J,2119899,찬성,2023-02-08
21,WMG57662,2119899,찬성,2023-02-08
21,NCP9875N,2119899,찬성,2023-02-08
21,I5I2468R,2119899,찬성,2023-02-08
21,3425169D,2119899,찬성,2023-02-08
21,IOW1101J,2119899,반대,2023-02-08
21,ICH23251,2119899,찬성,2023-02-08
21,OIA3741M,2119899,찬성,2023-02-08
21,CT85313K,2119899,반대,2023-02-08
21,BLC8630L,2119899,찬성,2023-02-08
21,NQR1206Q,2119899,반대,2023-02-08
21,LG63087O,2119899,반대,2023-02-08
21,PEP6922S,2119899,찬성,2023-02-08
21,DAN6731C,2119899,반대,2023-02-08
21,VG24001G,2119899,반대,2023-02-08
21,L2I9861C,2119899,반대,2023-02-08
21,WCD5518S,2119899,찬성,2023-02-08
21,SVH3899R,2119899,반대,2023-02-08
21,9JF4562W,2119899,찬성,2023-02-08
21,Y7K5946R,2119899,반대,2023-02-08
21,ATB59635,2119899,찬성,2023-02-08
21,SBK1544B,2119899,불참,2023-02-08
21,KUO3574J,2119899,찬성,2023-02-08
21,D6U6678O,2119899,찬성,2023-02-08
21,FU87526G,2119899,반대,2023-02-08
21,S9U45255,2119899,반대,2023-02-08
21,8SV6917G,2119899,반대,2023-02-08
21,QKO6165V,2119899,반대,2023-02-08
21,ZRF3039U,2119899,반대,2023-02-08
21,V0O5343U,2119899,찬성,2023-02-08
21,68P7228G,2119899,찬성,2023-02-08
21,FRN1867O,2119899,찬성,2023-02-08
21,LQW3652K,2119899,반대,2023-02-08
21,UB114374,2119899,반대,2023-02-08
21,GAV6441G,2119899,찬성,2023-02-08
21,40S1959J,2119899,찬성,2023-02-08
21,IL74008M,2119899,찬성,2023-02-08
21,CNZ51556,2119899,반대,2023-02-08
21,N4R2421C,2119899,반대,2023-02-08
21,3C23171A,2119899,찬성,2023-02-08
21,P2N4585G,2119899,찬성,2023-02-08
21,7R156073,2119899,찬성,2023-02-08
21,J2O8643H,2119899,찬성,2023-02-08
21,VCP96419,2119899,찬성,2023-02-08
21,6AU2417B,2119899,찬성,2023-02-08
21,8VJ8533R,2119899,반대,2023-02-08
21,SE233396,2119899,찬성,2023-02-08
21,AFH96856,2119899,찬성,2023-02-08
21,52P3934K,2119899,반대,2023-02-08
21,6399076T,2119899,찬성,2023-02-08
21,4U29186R,2119899,찬성,2023-02-08
21,F5Y4026Q,2119899,찬성,2023-02-08
21,WHV3448W,2119899,찬성,2023-02-08
21,6RD62559,2119899,반대,2023-02-08
21,I0S53762,2119899,반대,2023-02-08
21,TKJ4800F,2119899,찬성,2023-02-08
21,O6D8329R,2119899,찬성,2023-02-08
21,04T3751T,2119899,찬성,2023-02-08
21,EVH1507C,2119899,반대,2023-02-08
21,14M56632,2119899,반대,2023-02-08
21,5MD4184K,2119899,찬성,2023-02-08
21,5K93695T,2119899,반대,2023-02-08
21,E9R4507P,2119899,반대,2023-02-08
21,UHB5553T,2119899,찬성,2023-02-08
21,KFS1358P,2119899,찬성,2023-02-08
21,J9S37905,2119899,반대,2023-02-08
21,A494529E,2119899,찬성,2023-02-08
21,VRY5522V,2119899,찬성,2023-02-08
21,CAA7713A,2119899,반대,2023-02-08
21,0PK7354M,2119899,찬성,2023-02-08
21,O0I2045I,2119899,찬성,2023-02-08
21,Z6R3959C,2119899,반대,2023-02-08
21,UGH6481E,2119899,찬성,2023-02-08
21,S824682L,2119899,찬성,2023-02-08
21,W4X85128,2119899,반대,2023-02-08
21,JZY9937U,2119899,찬성,2023-02-08
21,MRK4871S,2119899,반대,2023-02-08
21,YKW37422,2119899,불참,2023-02-08
21,2NV6751W,2119899,찬성,2023-02-08
21,M7O7878U,2119899,찬성,2023-02-08
21,YLS4431M,2119899,반대,2023-02-08
21,3ZR4438W,2119899,찬성,2023-02-08
21,HSS7466Y,2119899,찬성,2023-02-08
21,KB04377U,2119899,반대,2023-02-08
21,FU53642G,2119899,찬성,2023-02-08
21,MLH1404S,2119899,찬성,2023-02-08
21,8VY63414,2119899,반대,2023-02-08
21,XR24352K,2119899,찬성,2023-02-08
21,QQP4727N,2119899,반대,2023-02-08
21,JEZ3130Q,2119899,반대,2023-02-08
21,BCQ55105,2119899,찬성,2023-02-08
21,5UN9725L,2119899,반대,2023-02-08
21,LJK4960Z,2119899,반대,2023-02-08
21,IUD9392R,2119899,찬성,2023-02-08
21,K3W33496,2119899,찬성,2023-02-08
21,M2Q9024I,2119899,찬성,2023-02-08
21,DBA1057Z,2119899,반대,2023-02-08
21,CI15627C,2119899,찬성,2023-02-08
21,4019850M,2119899,찬성,2023-02-08
21,UQ282145,2119899,찬성,2023-02-08
21,9YO73104,2119899,찬성,2023-02-08
21,TRE2429O,2119899,찬성,2023-02-08
21,E6U4345C,2119899,찬성,2023-02-08
21,7BM2933Y,2119899,찬성,2023-02-08
21,CDL93608,2119899,찬성,2023-02-08
21,2UD1340H,2119899,찬성,2023-02-08
21,9VR65006,2119899,반대,2023-02-08
21,X7I4680R,2119899,반대,2023-02-08
21,EMC8812P,2119899,반대,2023-02-08
21,XSP20229,2119899,찬성,2023-02-08
21,T465023H,2119899,찬성,2023-02-08
21,3RW63706,2119899,반대,2023-02-08
21,RQQ3807K,2119899,찬성,2023-02-08
21,8X15119P,2119899,반대,2023-02-08
21,ZYP7962W,2119899,반대,2023-02-08
21,CNW5754J,2119899,반대,2023-02-08
21,3249208I,2119899,찬성,2023-02-08
21,8Q88373R,2119899,찬성,2023-02-08
21,XEF29171,2119899,찬성,2023-02-08
21,9D939735,2119899,반대,2023-02-08
21,QTW6852F,2119899,반대,2023-02-08
21,7XY7109I,2119899,반대,2023-02-08
21,TST4507I,2119899,찬성,2023-02-08
21,JC14718Q,2119899,찬성,2023-02-08
21,5KV82250,2119899,불참,2023-02-08
21,L7J93733,2119899,반대,2023-02-08
21,GE71932C,2119899,찬성,2023-02-08
21,6YT83269,2119899,반대,2023-02-08
21,FDC3144T,2119899,반대,2023-02-08
21,SQ36001H,2119899,찬성,2023-02-08
21,G1570880,2119899,찬성,2023-02-08
21,FOK3459D,2119899,찬성,2023-02-08
21,QUO78839,2119899,찬성,2023-02-08
21,MD083627,2119899,찬성,2023-02-08
21,6V37131U,2119899,찬성,2023-02-08
21,OSV9142K,2119899,반대,2023-02-08
21,B7R2742J,2119899,찬성,2023-02-08
21,FJK3396E,2119899,찬성,2023-02-08
21,71J2365L,2119899,반대,2023-02-08
21,7O71647Z,2119899,찬성,2023-02-08
21,W1Q6753M,2119899,찬성,2023-02-08
21,E1J8836Y,2119899,반대,2023-02-08
21,RD42006Y,2119899,찬성,2023-02-08
21,6EN68926,2119899,반대,2023-02-08
21,QHL3248U,2119899,찬성,2023-02-08
21,9S151177,2119899,찬성,2023-02-08
21,TZ228122,2119899,찬성,2023-02-08
21,9V18755A,2119899,찬성,2023-02-08
21,XA42275R,2119899,찬성,2023-02-08
21,PO64874I,2119899,찬성,2023-02-08
21,VHK3402G,2119899,불참,2023-02-08
21,C7E79345,2119899,찬성,2023-02-08
21,XJC13432,2119899,반대,2023-02-08
21,FH777496,2119899,찬성,2023-02-08
21,FYI20317,2119899,찬성,2023-02-08
21,GX38539O,2119899,찬성,2023-02-08
21,WVU2479T,2119899,찬성,2023-02-08
21,DAV7257X,2119899,찬성,2023-02-08
21,LT72093S,2119899,찬성,2023-02-08
21,1MU99298,2119899,찬성,2023-02-08
21,17M85910,2119899,찬성,2023-02-08
21,G152611B,2119899,반대,2023-02-08
21,I7R13867,2119899,찬성,2023-02-08
21,9LD2641Q,2119899,찬성,2023-02-08
21,BT62420K,2119899,찬성,2023-02-08
21,LPB30152,2119899,찬성,2023-02-08
21,TZP9391O,2119899,반대,2023-02-08
21,ZDP5704Q,2119899,반대,2023-02-08
21,1BX7234U,2119899,찬성,2023-02-08
21,TJW93720,2119899,찬성,2023-02-08
21,LBC8144B,2119899,반대,2023-02-08
21,FIC9046Z,2119899,찬성,2023-02-08
21,KFM1081G,2119899,반대,2023-02-08
21,4X525582,2119899,반대,2023-02-08
21,GKD32201,2119899,찬성,2023-02-08
21,G7512472,2119899,찬성,2023-02-08
21,S741317G,2119899,반대,2023-02-08
21,2N793392,2119899,찬성,2023-02-08
21,USR7059P,2119899,반대,2023-02-08
21,NTT8182Q,2119899,찬성,2023-02-08
21,A3H7195R,2119899,불참,2023-02-08
21,HSW1214Q,2119899,반대,2023-02-08
21,NZF1659U,2119899,불참,2023-02-08
21,5765663F,2119899,찬성,2023-02-08
21,WJL30106,2119899,찬성,2023-02-08
21,KNM3215T,2119899,찬성,2023-02-08
21,M7T9712V,2119899,반대,2023-02-08
21,MY318392,2119899,찬성,2023-02-08
21,EH27538E,2119899,반대,2023-02-08
21,WFU14784,2119899,불참,2023-02-08
21,0WL9321T,2119899,찬성,2023-02-08
21,H5476989,2119899,찬성,2023-02-08
21,6RM29022,2119899,반대,2023-02-08
21,2385336L,2119899,찬성,2023-02-08
21,ZA54991S,2119899,찬성,2023-02-08
21,MO52543L,2119899,찬성,2023-02-08
21,WTR5885Y,2119899,찬성,2023-02-08
21,25I8709Q,2119899,찬성,2023-02-08
21,6MO8786S,2119899,반대,2023-02-08
21,XWX1513T,2119899,찬성,2023-02-08
21,OW53107J,2119899,찬성,2023-02-08
21,IOW8224X,2119899,찬성,2023-02-08
21,Z7Y7827F,2119899,찬성,2023-02-08
21,8FC9697X,2119899,찬성,2023-02-08
21,GD131760,2119899,반대,2023-02-08
21,P0F1530P,2119899,반대,2023-02-08
21,XPP2564T,2119899,찬성,2023-02-08
21,RO593601,2119899,찬성,2023-02-08
21,PFG2137X,2119899,반대,2023-02-08
21,0YT3774N,2119899,찬성,2023-02-08
21,7JC3239L,2119899,반대,2023-02-08
21,8KF7223D,2119899,찬성,2023-02-08
21,8P37634C,2119899,찬성,2023-02-08
21,GDG1847Z,2119899,반대,2023-02-08
21,O7R5461J,2119899,찬성,2023-02-08
21,JMY9959W,2119899,찬성,2023-02-08
21,6AR6743G,2119899,반대,2023-02-08
21,B7D7534L,2119899,찬성,2023-02-08
21,GX22581L,2119899,반대,2023-02-08
21,B7H6207C,2119899,반대,2023-02-08
21,1Y73132H,2119899,반대,2023-02-08
21,LH97552Q,2119899,반대,2023-02-08
21,MSY7784L,2119899,불참,2023-02-08
21,K5F2023J,2119899,찬성,2023-02-08
21,N9X9673B,2119899,찬성,2023-02-08
21,DPZ7685X,2119899,반대,2023-02-08
21,6U243644,2119899,반대,2023-02-08
21,CZB4125D,2119899,반대,2023-02-08
21,QUM8288K,2119899,반대,2023-02-08
21,Q9H5708M,2119899,불참,2023-02-08
21,BM63269Y,2119899,찬성,2023-02-08
21,MNZ4401T,2119899,찬성,2023-02-08
21,16D7652C,2119899,찬성,2023-02-08
21,9L57027L,2119899,반대,2023-02-08
21,GOC54665,2119899,찬성,2023-02-08
21,F5U2979W,2110827,불참,2023-02-27
21,YOG1280B,2110827,불참,2023-02-27
21,NUB4941Z,2110827,찬성,2023-02-27
21,NLR6572J,2110827,찬성,2023-02-27
21,YTA7297R,2110827,찬성,2023-02-27
21,JNL7001A,2110827,찬성,2023-02-27
21,L7T64271,2110827,찬성,2023-02-27
21,3TO11703,2110827,찬성,2023-02-27
21,66W6739S,2110827,불참,2023-02-27
21,LM13674V,2110827,찬성,2023-02-27
21,QD25323M,2110827,찬성,2023-02-27
21,JVB6983V,2110827,찬성,2023-02-27
21,DAY6557K,2110827,찬성,2023-02-27
21,GP07421U,2110827,찬성,2023-02-27
21,4XG1439M,2110827,찬성,2023-02-27
21,P2N50879,2110827,찬성,2023-02-27
21,A0P4646G,2110827,찬성,2023-02-27
21,A2V51235,2110827,찬성,2023-02-27
21,7I09543O,2110827,찬성,2023-02-27
21,3DK8989T,2110827,찬성,2023-02-27
21,D4L60530,2110827,찬성,2023-02-27
21,OFE45081,2110827,찬성,2023-02-27
21,09I2323E,2110827,찬성,2023-02-27
21,ZYH1940A,2110827,불참,2023-02-27
21,0VU8517U,2110827,불참,2023-02-27
21,M0A1658U,2110827,불참,2023-02-27
21,ZDR63255,2110827,불참,2023-02-27
21,SRP7336N,2110827,찬성,2023-02-27
21,GFF1986K,2110827,찬성,2023-02-27
21,ZKU88693,2110827,불참,2023-02-27
21,5KV96424,2110827,불참,2023-02-27
21,60490713,2110827,찬성,2023-02-27
21,HKJ99607,2110827,찬성,2023-02-27
21,1WE5693J,2110827,불참,2023-02-27
21,X3170462,2110827,찬성,2023-02-27
21,8FB1535Y,2110827,찬성,2023-02-27
21,SU53086M,2110827,찬성,2023-02-27
21,GF286398,2110827,찬성,2023-02-27
21,JQA21112,2110827,찬성,2023-02-27
21,4L695580,2110827,불참,2023-02-27
21,40E3739H,2110827,찬성,2023-02-27
21,RPN2293B,2110827,불참,2023-02-27
21,MQU41854,2110827,찬성,2023-02-27
21,IN328264,2110827,불참,2023-02-27
21,0827740Q,2110827,찬성,2023-02-27
21,0W194007,2110827,불참,2023-02-27
21,NCP9875N,2110827,불참,2023-02-27
21,I5I2468R,2110827,찬성,2023-02-27
21,3425169D,2110827,찬성,2023-02-27
21,IOW1101J,2110827,찬성,2023-02-27
21,CT85313K,2110827,찬성,2023-02-27
21,BLC8630L,2110827,찬성,2023-02-27
21,NQR1206Q,2110827,찬성,2023-02-27
21,PEP6922S,2110827,찬성,2023-02-27
21,DAN6731C,2110827,불참,2023-02-27
21,VG24001G,2110827,찬성,2023-02-27
21,WCD5518S,2110827,불참,2023-02-27
21,SVH3899R,2110827,불참,2023-02-27
21,ATB59635,2110827,불참,2023-02-27
21,SBK1544B,2110827,불참,2023-02-27
21,KUO3574J,2110827,찬성,2023-02-27
21,D6U6678O,2110827,찬성,2023-02-27
21,FU87526G,2110827,찬성,2023-02-27
21,S9U45255,2110827,찬성,2023-02-27
21,8SV6917G,2110827,불참,2023-02-27
21,QKO6165V,2110827,불참,2023-02-27
21,68P7228G,2110827,찬성,2023-02-27
21,LQW3652K,2110827,불참,2023-02-27
21,GAV6441G,2110827,찬성,2023-02-27
21,40S1959J,2110827,불참,2023-02-27
21,IL74008M,2110827,찬성,2023-02-27
21,CNZ51556,2110827,찬성,2023-02-27
21,P2N4585G,2110827,찬성,2023-02-27
21,6AU2417B,2110827,찬성,2023-02-27
21,8VJ8533R,2110827,찬성,2023-02-27
21,52P3934K,2110827,찬성,2023-02-27
21,6399076T,2110827,찬성,2023-02-27
21,4U29186R,2110827,불참,2023-02-27
21,F5Y4026Q,2110827,찬성,2023-02-27
21,WHV3448W,2110827,불참,2023-02-27
21,6RD62559,2110827,불참,2023-02-27
21,I0S53762,2110827,찬성,2023-02-27
21,O6D8329R,2110827,찬성,2023-02-27
21,04T3751T,2110827,불참,2023-02-27
21,EVH1507C,2110827,찬성,2023-02-27
21,5MD4184K,2110827,찬성,2023-02-27
21,5K93695T,2110827,찬성,2023-02-27
21,KFS1358P,2110827,찬성,2023-02-27
21,J9S37905,2110827,찬성,2023-02-27
21,0PK7354M,2110827,찬성,2023-02-27
21,O0I2045I,2110827,찬성,2023-02-27
21,UGH6481E,2110827,찬성,2023-02-27
21,S824682L,2110827,찬성,2023-02-27
21,W4X85128,2110827,불참,2023-02-27
21,JZY9937U,2110827,불참,2023-02-27
21,YKW37422,2110827,불참,2023-02-27
21,2NV6751W,2110827,찬성,2023-02-27
21,M7O7878U,2110827,찬성,2023-02-27
21,KB04377U,2110827,불참,2023-02-27
21,FU53642G,2110827,찬성,2023-02-27
21,MLH1404S,2110827,불참,2023-02-27
21,8VY63414,2110827,찬성,2023-02-27
21,QQP4727N,2110827,불참,2023-02-27
21,JEZ3130Q,2110827,찬성,2023-02-27
21,BCQ55105,2110827,불참,2023-02-27
21,LJK4960Z,2110827,찬성,2023-02-27
21,IUD9392R,2110827,찬성,2023-02-27
21,K3W33496,2110827,찬성,2023-02-27
21,M2Q9024I,2110827,찬성,2023-02-27
21,DBA1057Z,2110827,불참,2023-02-27
21,CI15627C,2110827,찬성,2023-02-27
21,TRE2429O,2110827,찬성,2023-02-27
21,E6U4345C,2110827,찬성,2023-02-27
21,7BM2933Y,2110827,찬성,2023-02-27
21,9VR65006,2110827,불참,2023-02-27
21,X7I4680R,2110827,불참,2023-02-27
21,EMC8812P,2110827,찬성,2023-02-27
21,XSP20229,2110827,불참,2023-02-27
21,T465023H,2110827,찬성,2023-02-27
21,3RW63706,2110827,찬성,2023-02-27
21,RQQ3807K,2110827,찬성,2023-02-27
21,8X15119P,2110827,불참,2023-02-27
21,CNW5754J,2110827,불참,2023-02-27
21,3249208I,2110827,불참,2023-02-27
21,9D939735,2110827,불참,2023-02-27
21,TST4507I,2110827,불참,2023-02-27
21,JC14718Q,2110827,찬성,2023-02-27
21,5KV82250,2110827,찬성,2023-02-27
21,L7J93733,2110827,찬성,2023-02-27
21,6YT83269,2110827,불참,2023-02-27
21,FDC3144T,2110827,찬성,2023-02-27
21,SQ36001H,2110827,불참,2023-02-27
21,QUO78839,2110827,불참,2023-02-27
21,6V37131U,2110827,불참,2023-02-27
21,FJK3396E,2110827,찬성,2023-02-27
21,7O71647Z,2110827,불참,2023-02-27
21,W1Q6753M,2110827,찬성,2023-02-27
21,E1J8836Y,2110827,찬성,2023-02-27
21,6EN68926,2110827,불참,2023-02-27
21,QHL3248U,2110827,찬성,2023-02-27
21,WVU2479T,2110827,찬성,2023-02-27
21,QTW6852F,2110827,불참,2023-02-27
21,7XY7109I,2110827,찬성,2023-02-27
21,DAV7257X,2110827,찬성,2023-02-27
21,LT72093S,2110827,불참,2023-02-27
21,GE71932C,2110827,불참,2023-02-27
21,1MU99298,2110827,불참,2023-02-27
21,17M85910,2110827,찬성,2023-02-27
21,G152611B,2110827,불참,2023-02-27
21,I7R13867,2110827,찬성,2023-02-27
21,G1570880,2110827,찬성,2023-02-27
21,9LD2641Q,2110827,불참,2023-02-27
21,FOK3459D,2110827,찬성,2023-02-27
21,BT62420K,2110827,불참,2023-02-27
21,LPB30152,2110827,불참,2023-02-27
21,MD083627,2110827,불참,2023-02-27
21,TZP9391O,2110827,찬성,2023-02-27
21,OSV9142K,2110827,찬성,2023-02-27
21,B7R2742J,2110827,찬성,2023-02-27
21,ZDP5704Q,2110827,찬성,2023-02-27
21,71J2365L,2110827,찬성,2023-02-27
21,RD42006Y,2110827,불참,2023-02-27
21,1BX7234U,2110827,찬성,2023-02-27
21,TJW93720,2110827,찬성,2023-02-27
21,9S151177,2110827,찬성,2023-02-27
21,TZ228122,2110827,찬성,2023-02-27
21,9V18755A,2110827,찬성,2023-02-27
21,XA42275R,2110827,불참,2023-02-27
21,PO64874I,2110827,찬성,2023-02-27
21,LBC8144B,2110827,찬성,2023-02-27
21,VHK3402G,2110827,찬성,2023-02-27
21,FRN1867O,2110827,찬성,2023-02-27
21,RO593601,2110827,찬성,2023-02-27
21,PFG2137X,2110827,불참,2023-02-27
21,UB114374,2110827,기권,2023-02-27
21,0YT3774N,2110827,찬성,2023-02-27
21,7JC3239L,2110827,찬성,2023-02-27
21,8KF7223D,2110827,찬성,2023-02-27
21,8P37634C,2110827,찬성,2023-02-27
21,N4R2421C,2110827,찬성,2023-02-27
21,3C23171A,2110827,찬성,2023-02-27
21,GDG1847Z,2110827,찬성,2023-02-27
21,O7R5461J,2110827,찬성,2023-02-27
21,JMY9959W,2110827,찬성,2023-02-27
21,7R156073,2110827,찬성,2023-02-27
21,6AR6743G,2110827,찬성,2023-02-27
21,J2O8643H,2110827,찬성,2023-02-27
21,VCP96419,2110827,찬성,2023-02-27
21,B7D7534L,2110827,찬성,2023-02-27
21,GX22581L,2110827,찬성,2023-02-27
21,SE233396,2110827,찬성,2023-02-27
21,AFH96856,2110827,불참,2023-02-27
21,B7H6207C,2110827,불참,2023-02-27
21,1Y73132H,2110827,찬성,2023-02-27
21,LH97552Q,2110827,찬성,2023-02-27
21,TKJ4800F,2110827,찬성,2023-02-27
21,MSY7784L,2110827,찬성,2023-02-27
21,K5F2023J,2110827,찬성,2023-02-27
21,14M56632,2110827,불참,2023-02-27
21,N9X9673B,2110827,불참,2023-02-27
21,DPZ7685X,2110827,찬성,2023-02-27
21,6U243644,2110827,찬성,2023-02-27
21,E9R4507P,2110827,찬성,2023-02-27
21,UHB5553T,2110827,찬성,2023-02-27
21,A494529E,2110827,불참,2023-02-27
21,VRY5522V,2110827,찬성,2023-02-27
21,CAA7713A,2110827,찬성,2023-02-27
21,CZB4125D,2110827,찬성,2023-02-27
21,Z6R3959C,2110827,찬성,2023-02-27
21,QUM8288K,2110827,불참,2023-02-27
21,Q9H5708M,2110827,불참,2023-02-27
21,MRK4871S,2110827,불참,2023-02-27
21,BM63269Y,2110827,찬성,2023-02-27
21,YLS4431M,2110827,불참,2023-02-27
21,MNZ4401T,2110827,찬성,2023-02-27
21,3ZR4438W,2110827,찬성,2023-02-27
21,HSS7466Y,2110827,불참,2023-02-27
21,16D7652C,2110827,불참,2023-02-27
21,XR24352K,2110827,찬성,2023-02-27
21,9L57027L,2110827,찬성,2023-02-27
21,GOC54665,2110827,불참,2023-02-27
21,5UN9725L,2110827,찬성,2023-02-27
21,C7E79345,2110827,불참,2023-02-27
21,4019850M,2110827,찬성,2023-02-27
21,UQ282145,2110827,불참,2023-02-27
21,9YO73104,2110827,찬성,2023-02-27
21,CDL93608,2110827,불참,2023-02-27
21,2UD1340H,2110827,찬성,2023-02-27
21,XJC13432,2110827,불참,2023-02-27
21,FH777496,2110827,찬성,2023-02-27
21,FYI20317,2110827,찬성,2023-02-27
21,ZYP7962W,2110827,불참,2023-02-27
21,GX38539O,2110827,찬성,2023-02-27
21,8Q88373R,2110827,불참,2023-02-27
21,XEF29171,2110827,불참,2023-02-27
21,FIC9046Z,2110827,찬성,2023-02-27
21,DWK26447,2110827,찬성,2023-02-27
21,KFM1081G,2110827,불참,2023-02-27
21,4X525582,2110827,찬성,2023-02-27
21,GKD32201,2110827,불참,2023-02-27
21,G7512472,2110827,찬성,2023-02-27
21,S741317G,2110827,불참,2023-02-27
21,CCU1009B,2110827,찬성,2023-02-27
21,MU69217P,2110827,불참,2023-02-27
21,2N793392,2110827,찬성,2023-02-27
21,FGI27280,2110827,찬성,2023-02-27
21,USR7059P,2110827,불참,2023-02-27
21,7469929V,2110827,찬성,2023-02-27
21,M6H1705E,2110827,찬성,2023-02-27
21,NTT8182Q,2110827,찬성,2023-02-27
21,A3H7195R,2110827,불참,2023-02-27
21,HSW1214Q,2110827,찬성,2023-02-27
21,NZF1659U,2110827,불참,2023-02-27
21,WDS6044S,2110827,불참,2023-02-27
21,3BC6890E,2110827,불참,2023-02-27
21,KR14136C,2110827,찬성,2023-02-27
21,5765663F,2110827,찬성,2023-02-27
21,WJL30106,2110827,불참,2023-02-27
21,KNM3215T,2110827,찬성,2023-02-27
21,M7T9712V,2110827,찬성,2023-02-27
21,UM51067K,2110827,찬성,2023-02-27
21,MY318392,2110827,찬성,2023-02-27
21,4T026790,2110827,찬성,2023-02-27
21,EH27538E,2110827,찬성,2023-02-27
21,WFU14784,2110827,찬성,2023-02-27
21,0WL9321T,2110827,찬성,2023-02-27
21,PZA4062H,2110827,찬성,2023-02-27
21,MR210505,2110827,불참,2023-02-27
21,8348421R,2110827,찬성,2023-02-27
21,H5476989,2110827,찬성,2023-02-27
21,HXT76735,2110827,불참,2023-02-27
21,0R68099X,2110827,불참,2023-02-27
21,6RM29022,2110827,찬성,2023-02-27
21,V429892C,2110827,찬성,2023-02-27
21,2385336L,2110827,찬성,2023-02-27
21,XBT9550Q,2110827,불참,2023-02-27
21,ZA54991S,2110827,찬성,2023-02-27
21,MO52543L,2110827,찬성,2023-02-27
21,X1K3667J,2110827,불참,2023-02-27
21,WMG57662,2110827,찬성,2023-02-27
21,WTR5885Y,2110827,불참,2023-02-27
21,ICH23251,2110827,불참,2023-02-27
21,25I8709Q,2110827,찬성,2023-02-27
21,OIA3741M,2110827,찬성,2023-02-27
21,6MO8786S,2110827,기권,2023-02-27
21,XWX1513T,2110827,불참,2023-02-27
21,LG63087O,2110827,불참,2023-02-27
21,OW53107J,2110827,찬성,2023-02-27
21,L2I9861C,2110827,찬성,2023-02-27
21,IOW8224X,2110827,찬성,2023-02-27
21,9JF4562W,2110827,찬성,2023-02-27
21,Y7K5946R,2110827,찬성,2023-02-27
21,Z7Y7827F,2110827,찬성,2023-02-27
21,8FC9697X,2110827,불참,2023-02-27
21,GD131760,2110827,불참,2023-02-27
21,ZRF3039U,2110827,찬성,2023-02-27
21,V0O5343U,2110827,불참,2023-02-27
21,P0F1530P,2110827,불참,2023-02-27
21,XPP2564T,2110827,찬성,2023-02-27
21,F5U2979W,2119350,불참,2023-01-06
21,YOG1280B,2119350,찬성,2023-01-06
21,DWK26447,2119350,불참,2023-01-06
21,NUB4941Z,2119350,찬성,2023-01-06
21,NLR6572J,2119350,찬성,2023-01-06
21,YTA7297R,2119350,찬성,2023-01-06
21,JNL7001A,2119350,찬성,2023-01-06
21,L7T64271,2119350,찬성,2023-01-06
21,3TO11703,2119350,찬성,2023-01-06
21,CCU1009B,2119350,찬성,2023-01-06
21,MU69217P,2119350,불참,2023-01-06
21,66W6739S,2119350,불참,2023-01-06
21,LM13674V,2119350,찬성,2023-01-06
21,QD25323M,2119350,찬성,2023-01-06
21,JVB6983V,2119350,불참,2023-01-06
21,DAY6557K,2119350,찬성,2023-01-06
21,GP07421U,2119350,찬성,2023-01-06
21,FGI27280,2119350,찬성,2023-01-06
21,4XG1439M,2119350,찬성,2023-01-06
21,P2N50879,2119350,찬성,2023-01-06
21,A0P4646G,2119350,찬성,2023-01-06
21,A2V51235,2119350,찬성,2023-01-06
21,7I09543O,2119350,찬성,2023-01-06
21,3DK8989T,2119350,찬성,2023-01-06
21,7469929V,2119350,찬성,2023-01-06
21,D4L60530,2119350,찬성,2023-01-06
21,M6H1705E,2119350,찬성,2023-01-06
21,OFE45081,2119350,불참,2023-01-06
21,09I2323E,2119350,찬성,2023-01-06
21,ZYH1940A,2119350,찬성,2023-01-06
21,0VU8517U,2119350,찬성,2023-01-06
21,M0A1658U,2119350,불참,2023-01-06
21,WDS6044S,2119350,찬성,2023-01-06
21,3BC6890E,2119350,찬성,2023-01-06
21,ZDR63255,2119350,불참,2023-01-06
21,KR14136C,2119350,찬성,2023-01-06
21,SRP7336N,2119350,불참,2023-01-06
21,GFF1986K,2119350,불참,2023-01-06
21,ZKU88693,2119350,찬성,2023-01-06
21,5KV96424,2119350,찬성,2023-01-06
21,60490713,2119350,불참,2023-01-06
21,UM51067K,2119350,찬성,2023-01-06
21,HKJ99607,2119350,찬성,2023-01-06
21,1WE5693J,2119350,불참,2023-01-06
21,X3170462,2119350,찬성,2023-01-06
21,8FB1535Y,2119350,불참,2023-01-06
21,4T026790,2119350,찬성,2023-01-06
21,SU53086M,2119350,찬성,2023-01-06
21,PZA4062H,2119350,찬성,2023-01-06
21,MR210505,2119350,불참,2023-01-06
21,GF286398,2119350,찬성,2023-01-06
21,8348421R,2119350,찬성,2023-01-06
21,JQA21112,2119350,찬성,2023-01-06
21,4L695580,2119350,찬성,2023-01-06
21,40E3739H,2119350,찬성,2023-01-06
21,RPN2293B,2119350,찬성,2023-01-06
21,0R68099X,2119350,찬성,2023-01-06
21,MQU41854,2119350,찬성,2023-01-06
21,IN328264,2119350,찬성,2023-01-06
21,XBT9550Q,2119350,찬성,2023-01-06
21,0827740Q,2119350,찬성,2023-01-06
21,0W194007,2119350,불참,2023-01-06
21,X1K3667J,2119350,찬성,2023-01-06
21,WMG57662,2119350,찬성,2023-01-06
21,NCP9875N,2119350,찬성,2023-01-06
21,I5I2468R,2119350,불참,2023-01-06
21,3425169D,2119350,불참,2023-01-06
21,IOW1101J,2119350,기권,2023-01-06
21,ICH23251,2119350,찬성,2023-01-06
21,OIA3741M,2119350,찬성,2023-01-06
21,CT85313K,2119350,불참,2023-01-06
21,BLC8630L,2119350,찬성,2023-01-06
21,NQR1206Q,2119350,불참,2023-01-06
21,LG63087O,2119350,불참,2023-01-06
21,PEP6922S,2119350,찬성,2023-01-06
21,DAN6731C,2119350,불참,2023-01-06
21,VG24001G,2119350,찬성,2023-01-06
21,L2I9861C,2119350,찬성,2023-01-06
21,WCD5518S,2119350,찬성,2023-01-06
21,SVH3899R,2119350,불참,2023-01-06
21,9JF4562W,2119350,찬성,2023-01-06
21,Y7K5946R,2119350,찬성,2023-01-06
21,ATB59635,2119350,찬성,2023-01-06
21,SBK1544B,2119350,불참,2023-01-06
21,KUO3574J,2119350,찬성,2023-01-06
21,D6U6678O,2119350,찬성,2023-01-06
21,FU87526G,2119350,불참,2023-01-06
21,S9U45255,2119350,찬성,2023-01-06
21,8SV6917G,2119350,찬성,2023-01-06
21,QKO6165V,2119350,불참,2023-01-06
21,ZRF3039U,2119350,불참,2023-01-06
21,V0O5343U,2119350,찬성,2023-01-06
21,68P7228G,2119350,찬성,2023-01-06
21,FRN1867O,2119350,찬성,2023-01-06
21,LQW3652K,2119350,찬성,2023-01-06
21,UB114374,2119350,찬성,2023-01-06
21,GAV6441G,2119350,찬성,2023-01-06
21,40S1959J,2119350,불참,2023-01-06
21,IL74008M,2119350,찬성,2023-01-06
21,CNZ51556,2119350,찬성,2023-01-06
21,N4R2421C,2119350,기권,2023-01-06
21,P2N4585G,2119350,찬성,2023-01-06
21,7R156073,2119350,찬성,2023-01-06
21,VCP96419,2119350,불참,2023-01-06
21,6AU2417B,2119350,찬성,2023-01-06
21,8VJ8533R,2119350,불참,2023-01-06
21,AFH96856,2119350,찬성,2023-01-06
21,52P3934K,2119350,찬성,2023-01-06
21,6399076T,2119350,찬성,2023-01-06
21,4U29186R,2119350,찬성,2023-01-06
21,F5Y4026Q,2119350,찬성,2023-01-06
21,WHV3448W,2119350,불참,2023-01-06
21,6RD62559,2119350,찬성,2023-01-06
21,I0S53762,2119350,찬성,2023-01-06
21,TKJ4800F,2119350,찬성,2023-01-06
21,O6D8329R,2119350,불참,2023-01-06
21,04T3751T,2119350,찬성,2023-01-06
21,EVH1507C,2119350,찬성,2023-01-06
21,5MD4184K,2119350,찬성,2023-01-06
21,5K93695T,2119350,기권,2023-01-06
21,E9R4507P,2119350,찬성,2023-01-06
21,UHB5553T,2119350,찬성,2023-01-06
21,KFS1358P,2119350,찬성,2023-01-06
21,J9S37905,2119350,불참,2023-01-06
21,VRY5522V,2119350,찬성,2023-01-06
21,0PK7354M,2119350,찬성,2023-01-06
21,O0I2045I,2119350,찬성,2023-01-06
21,Z6R3959C,2119350,불참,2023-01-06
21,UGH6481E,2119350,찬성,2023-01-06
21,S824682L,2119350,찬성,2023-01-06
21,W4X85128,2119350,기권,2023-01-06
21,JZY9937U,2119350,찬성,2023-01-06
21,MRK4871S,2119350,불참,2023-01-06
21,YKW37422,2119350,찬성,2023-01-06
21,2NV6751W,2119350,찬성,2023-01-06
21,M7O7878U,2119350,불참,2023-01-06
21,YLS4431M,2119350,기권,2023-01-06
21,3ZR4438W,2119350,찬성,2023-01-06
21,KB04377U,2119350,불참,2023-01-06
21,FU53642G,2119350,찬성,2023-01-06
21,MLH1404S,2119350,찬성,2023-01-06
21,8VY63414,2119350,찬성,2023-01-06
21,XR24352K,2119350,찬성,2023-01-06
21,QQP4727N,2119350,찬성,2023-01-06
21,JEZ3130Q,2119350,찬성,2023-01-06
21,BCQ55105,2119350,찬성,2023-01-06
21,5UN9725L,2119350,불참,2023-01-06
21,LJK4960Z,2119350,불참,2023-01-06
21,IUD9392R,2119350,찬성,2023-01-06
21,K3W33496,2119350,찬성,2023-01-06
21,M2Q9024I,2119350,찬성,2023-01-06
21,DBA1057Z,2119350,찬성,2023-01-06
21,CI15627C,2119350,찬성,2023-01-06
21,4019850M,2119350,불참,2023-01-06
21,UQ282145,2119350,찬성,2023-01-06
21,9YO73104,2119350,찬성,2023-01-06
21,TRE2429O,2119350,불참,2023-01-06
21,E6U4345C,2119350,불참,2023-01-06
21,7BM2933Y,2119350,찬성,2023-01-06
21,CDL93608,2119350,찬성,2023-01-06
21,2UD1340H,2119350,찬성,2023-01-06
21,9VR65006,2119350,찬성,2023-01-06
21,X7I4680R,2119350,반대,2023-01-06
21,EMC8812P,2119350,불참,2023-01-06
21,XSP20229,2119350,찬성,2023-01-06
21,T465023H,2119350,찬성,2023-01-06
21,3RW63706,2119350,불참,2023-01-06
21,RQQ3807K,2119350,찬성,2023-01-06
21,8X15119P,2119350,불참,2023-01-06
21,CNW5754J,2119350,찬성,2023-01-06
21,3249208I,2119350,찬성,2023-01-06
21,8Q88373R,2119350,찬성,2023-01-06
21,XEF29171,2119350,찬성,2023-01-06
21,9D939735,2119350,찬성,2023-01-06
21,QTW6852F,2119350,찬성,2023-01-06
21,7XY7109I,2119350,찬성,2023-01-06
21,TST4507I,2119350,찬성,2023-01-06
21,JC14718Q,2119350,찬성,2023-01-06
21,5KV82250,2119350,불참,2023-01-06
21,L7J93733,2119350,불참,2023-01-06
21,GE71932C,2119350,찬성,2023-01-06
21,6YT83269,2119350,찬성,2023-01-06
21,FDC3144T,2119350,기권,2023-01-06
21,SQ36001H,2119350,불참,2023-01-06
21,G1570880,2119350,찬성,2023-01-06
21,FOK3459D,2119350,불참,2023-01-06
21,QUO78839,2119350,불참,2023-01-06
21,MD083627,2119350,찬성,2023-01-06
21,6V37131U,2119350,불참,2023-01-06
21,OSV9142K,2119350,찬성,2023-01-06
21,B7R2742J,2119350,찬성,2023-01-06
21,FJK3396E,2119350,찬성,2023-01-06
21,71J2365L,2119350,찬성,2023-01-06
21,7O71647Z,2119350,찬성,2023-01-06
21,W1Q6753M,2119350,찬성,2023-01-06
21,E1J8836Y,2119350,찬성,2023-01-06
21,RD42006Y,2119350,찬성,2023-01-06
21,6EN68926,2119350,불참,2023-01-06
21,QHL3248U,2119350,찬성,2023-01-06
21,TZ228122,2119350,불참,2023-01-06
21,9V18755A,2119350,찬성,2023-01-06
21,XA42275R,2119350,불참,2023-01-06
21,PO64874I,2119350,찬성,2023-01-06
21,VHK3402G,2119350,불참,2023-01-06
21,CZB4125D,2119350,불참,2023-01-06
21,QUM8288K,2119350,찬성,2023-01-06
21,Q9H5708M,2119350,찬성,2023-01-06
21,BM63269Y,2119350,찬성,2023-01-06
21,MNZ4401T,2119350,불참,2023-01-06
21,HSS7466Y,2119350,불참,2023-01-06
21,16D7652C,2119350,찬성,2023-01-06
21,9L57027L,2119350,찬성,2023-01-06
21,GOC54665,2119350,불참,2023-01-06
21,C7E79345,2119350,찬성,2023-01-06
21,XJC13432,2119350,찬성,2023-01-06
21,FH777496,2119350,찬성,2023-01-06
21,FYI20317,2119350,불참,2023-01-06
21,ZYP7962W,2119350,불참,2023-01-06
21,GX38539O,2119350,불참,2023-01-06
21,WVU2479T,2119350,찬성,2023-01-06
21,DAV7257X,2119350,찬성,2023-01-06
21,LT72093S,2119350,찬성,2023-01-06
21,1MU99298,2119350,불참,2023-01-06
21,17M85910,2119350,찬성,2023-01-06
21,G152611B,2119350,불참,2023-01-06
21,I7R13867,2119350,찬성,2023-01-06
21,9LD2641Q,2119350,불참,2023-01-06
21,BT62420K,2119350,찬성,2023-01-06
21,LPB30152,2119350,찬성,2023-01-06
21,TZP9391O,2119350,기권,2023-01-06
21,ZDP5704Q,2119350,찬성,2023-01-06
21,1BX7234U,2119350,찬성,2023-01-06
21,TJW93720,2119350,찬성,2023-01-06
21,9S151177,2119350,불참,2023-01-06
21,LBC8144B,2119350,찬성,2023-01-06
21,FIC9046Z,2119350,찬성,2023-01-06
21,KFM1081G,2119350,불참,2023-01-06
21,4X525582,2119350,찬성,2023-01-06
21,GKD32201,2119350,찬성,2023-01-06
21,G7512472,2119350,찬성,2023-01-06
21,S741317G,2119350,찬성,2023-01-06
21,2N793392,2119350,찬성,2023-01-06
21,USR7059P,2119350,기권,2023-01-06
21,NTT8182Q,2119350,찬성,2023-01-06
21,A3H7195R,2119350,불참,2023-01-06
21,HSW1214Q,2119350,불참,2023-01-06
21,NZF1659U,2119350,불참,2023-01-06
21,5765663F,2119350,찬성,2023-01-06
21,WJL30106,2119350,찬성,2023-01-06
21,KNM3215T,2119350,불참,2023-01-06
21,M7T9712V,2119350,불참,2023-01-06
21,MY318392,2119350,찬성,2023-01-06
21,EH27538E,2119350,찬성,2023-01-06
21,WFU14784,2119350,찬성,2023-01-06
21,0WL9321T,2119350,찬성,2023-01-06
21,H5476989,2119350,찬성,2023-01-06
21,HXT76735,2119350,찬성,2023-01-06
21,6RM29022,2119350,찬성,2023-01-06
21,V429892C,2119350,찬성,2023-01-06
21,2385336L,2119350,불참,2023-01-06
21,ZA54991S,2119350,불참,2023-01-06
21,MO52543L,2119350,찬성,2023-01-06
21,WTR5885Y,2119350,찬성,2023-01-06
21,25I8709Q,2119350,찬성,2023-01-06
21,6MO8786S,2119350,반대,2023-01-06
21,XWX1513T,2119350,불참,2023-01-06
21,OW53107J,2119350,찬성,2023-01-06
21,IOW8224X,2119350,찬성,2023-01-06
21,Z7Y7827F,2119350,찬성,2023-01-06
21,8FC9697X,2119350,불참,2023-01-06
21,GD131760,2119350,불참,2023-01-06
21,P0F1530P,2119350,찬성,2023-01-06
21,XPP2564T,2119350,찬성,2023-01-06
21,RO593601,2119350,찬성,2023-01-06
21,PFG2137X,2119350,찬성,2023-01-06
21,0YT3774N,2119350,찬성,2023-01-06
21,7JC3239L,2119350,찬성,2023-01-06
21,8KF7223D,2119350,찬성,2023-01-06
21,8P37634C,2119350,찬성,2023-01-06
21,3C23171A,2119350,찬성,2023-01-06
21,GDG1847Z,2119350,불참,2023-01-06
21,O7R5461J,2119350,찬성,2023-01-06
21,JMY9959W,2119350,불참,2023-01-06
21,6AR6743G,2119350,불참,2023-01-06
21,J2O8643H,2119350,찬성,2023-01-06
21,B7D7534L,2119350,찬성,2023-01-06
21,GX22581L,2119350,불참,2023-01-06
21,SE233396,2119350,찬성,2023-01-06
21,B7H6207C,2119350,찬성,2023-01-06
21,1Y73132H,2119350,찬성,2023-01-06
21,LH97552Q,2119350,찬성,2023-01-06
21,MSY7784L,2119350,불참,2023-01-06
21,K5F2023J,2119350,찬성,2023-01-06
21,14M56632,2119350,불참,2023-01-06
21,N9X9673B,2119350,불참,2023-01-06
21,DPZ7685X,2119350,불참,2023-01-06
21,6U243644,2119350,찬성,2023-01-06
21,A494529E,2119350,찬성,2023-01-06
21,CAA7713A,2119350,찬성,2023-01-06
21,VCP96419,2105726,찬성,2021-05-21
21,8VJ8533R,2105726,찬성,2021-05-21
21,SE233396,2105726,찬성,2021-05-21
21,52P3934K,2105726,찬성,2021-05-21
21,6399076T,2105726,찬성,2021-05-21
21,4U29186R,2105726,불참,2021-05-21
21,F5Y4026Q,2105726,찬성,2021-05-21
21,MSY7784L,2105726,불참,2021-05-21
21,14M56632,2105726,불참,2021-05-21
21,N9X9673B,2105726,찬성,2021-05-21
21,5K93695T,2105726,찬성,2021-05-21
21,KFS1358P,2105726,찬성,2021-05-21
21,J9S37905,2105726,찬성,2021-05-21
21,VRY5522V,2105726,찬성,2021-05-21
21,CZB4125D,2105726,불참,2021-05-21
21,Z6R3959C,2105726,불참,2021-05-21
21,S824682L,2105726,찬성,2021-05-21
21,Q9H5708M,2105726,찬성,2021-05-21
21,MRK4871S,2105726,찬성,2021-05-21
21,2NV6751W,2105726,불참,2021-05-21
21,BM63269Y,2105726,불참,2021-05-21
21,3ZR4438W,2105726,불참,2021-05-21
21,16D7652C,2105726,불참,2021-05-21
21,8VY63414,2105726,찬성,2021-05-21
21,XR24352K,2105726,찬성,2021-05-21
21,QQP4727N,2105726,찬성,2021-05-21
21,GOC54665,2105726,불참,2021-05-21
21,LJK4960Z,2105726,찬성,2021-05-21
21,M2Q9024I,2105726,불참,2021-05-21
21,CI15627C,2105726,찬성,2021-05-21
21,C7E79345,2105726,불참,2021-05-21
21,4019850M,2105726,찬성,2021-05-21
21,UQ282145,2105726,찬성,2021-05-21
21,CDL93608,2105726,찬성,2021-05-21
21,2UD1340H,2105726,찬성,2021-05-21
21,X7I4680R,2105726,찬성,2021-05-21
21,EMC8812P,2105726,찬성,2021-05-21
21,XJC13432,2105726,찬성,2021-05-21
21,XSP20229,2105726,찬성,2021-05-21
21,T465023H,2105726,찬성,2021-05-21
21,7XY7109I,2105726,찬성,2021-05-21
21,TST4507I,2105726,찬성,2021-05-21
21,JC14718Q,2105726,찬성,2021-05-21
21,5KV82250,2105726,불참,2021-05-21
21,L7J93733,2105726,찬성,2021-05-21
21,LT72093S,2105726,찬성,2021-05-21
21,6YT83269,2105726,불참,2021-05-21
21,1MU99298,2105726,찬성,2021-05-21
21,FDC3144T,2105726,찬성,2021-05-21
21,17M85910,2105726,찬성,2021-05-21
21,G152611B,2105726,찬성,2021-05-21
21,9LD2641Q,2105726,찬성,2021-05-21
21,QUO78839,2105726,찬성,2021-05-21
21,BT62420K,2105726,찬성,2021-05-21
21,6V37131U,2105726,찬성,2021-05-21
21,RD42006Y,2105726,찬성,2021-05-21
21,1BX7234U,2105726,찬성,2021-05-21
21,QHL3248U,2105726,찬성,2021-05-21
21,AE685067,2105726,불참,2021-05-21
21,TZ228122,2105726,찬성,2021-05-21
21,9V18755A,2105726,찬성,2021-05-21
21,XA42275R,2105726,찬성,2021-05-21
21,FIC9046Z,2105726,찬성,2021-05-21
21,JNL7001A,2105726,불참,2021-05-21
21,4X525582,2105726,불참,2021-05-21
21,GKD32201,2105726,찬성,2021-05-21
21,S741317G,2105726,찬성,2021-05-21
21,CCU1009B,2105726,찬성,2021-05-21
21,2N793392,2105726,찬성,2021-05-21
21,QD25323M,2105726,불참,2021-05-21
21,A0P4646G,2105726,불참,2021-05-21
21,1X376850,2105726,찬성,2021-05-21
21,3DK8989T,2105726,불참,2021-05-21
21,7469929V,2105726,불참,2021-05-21
21,D4L60530,2105726,찬성,2021-05-21
21,09I2323E,2105726,찬성,2021-05-21
21,A3H7195R,2105726,찬성,2021-05-21
21,ZYH1940A,2105726,찬성,2021-05-21
21,NZF1659U,2105726,찬성,2021-05-21
21,WDS6044S,2105726,찬성,2021-05-21
21,ZDR63255,2105726,찬성,2021-05-21
21,SRP7336N,2105726,찬성,2021-05-21
21,5765663F,2105726,찬성,2021-05-21
21,GFF1986K,2105726,찬성,2021-05-21
21,WJL30106,2105726,불참,2021-05-21
21,5KV96424,2105726,찬성,2021-05-21
21,KNM3215T,2105726,찬성,2021-05-21
21,60490713,2105726,찬성,2021-05-21
21,1WE5693J,2105726,불참,2021-05-21
21,MY318392,2105726,찬성,2021-05-21
21,4T026790,2105726,찬성,2021-05-21
21,EH27538E,2105726,찬성,2021-05-21
21,WFU14784,2105726,찬성,2021-05-21
21,PZA4062H,2105726,찬성,2021-05-21
21,GF286398,2105726,찬성,2021-05-21
21,4L695580,2105726,찬성,2021-05-21
21,40E3739H,2105726,찬성,2021-05-21
21,RPN2293B,2105726,찬성,2021-05-21
21,V429892C,2105726,찬성,2021-05-21
21,ZA54991S,2105726,찬성,2021-05-21
21,0827740Q,2105726,찬성,2021-05-21
21,WTR5885Y,2105726,불참,2021-05-21
21,IOW1101J,2105726,찬성,2021-05-21
21,25I8709Q,2105726,찬성,2021-05-21
21,CT85313K,2105726,찬성,2021-05-21
21,PAO22428,2105726,찬성,2021-05-21
21,BLC8630L,2105726,찬성,2021-05-21
21,LG63087O,2105726,불참,2021-05-21
21,DAN6731C,2105726,찬성,2021-05-21
21,VG24001G,2105726,찬성,2021-05-21
21,WCD5518S,2105726,찬성,2021-05-21
21,I434361W,2105726,찬성,2021-05-21
21,SBK1544B,2105726,찬성,2021-05-21
21,8FC9697X,2105726,불참,2021-05-21
21,ZRF3039U,2105726,찬성,2021-05-21
21,V0O5343U,2105726,찬성,2021-05-21
21,P0F1530P,2105726,불참,2021-05-21
21,FRN1867O,2105726,찬성,2021-05-21
21,GAV6441G,2105726,찬성,2021-05-21
21,7JC3239L,2105726,찬성,2021-05-21
21,8KF7223D,2105726,찬성,2021-05-21
21,CNZ51556,2105726,찬성,2021-05-21
21,N4R2421C,2105726,불참,2021-05-21
21,GDG1847Z,2105726,찬성,2021-05-21
21,O7R5461J,2105726,찬성,2021-05-21
21,JMY9959W,2105726,찬성,2021-05-21
21,L7T64271,2105726,찬성,2021-05-21
21,G7512472,2105726,찬성,2021-05-21
21,3TO11703,2105726,찬성,2021-05-21
21,MU69217P,2105726,찬성,2021-05-21
21,66W6739S,2105726,찬성,2021-05-21
21,LM13674V,2105726,찬성,2021-05-21
21,DAY6557K,2105726,찬성,2021-05-21
21,GP07421U,2105726,찬성,2021-05-21
21,FGI27280,2105726,찬성,2021-05-21
21,USR7059P,2105726,찬성,2021-05-21
21,4XG1439M,2105726,찬성,2021-05-21
21,P2N50879,2105726,찬성,2021-05-21
21,A2V51235,2105726,찬성,2021-05-21
21,7I09543O,2105726,찬성,2021-05-21
21,M6H1705E,2105726,찬성,2021-05-21
21,OFE45081,2105726,찬성,2021-05-21
21,NTT8182Q,2105726,찬성,2021-05-21
21,0VU8517U,2105726,불참,2021-05-21
21,M0A1658U,2105726,찬성,2021-05-21
21,HSW1214Q,2105726,찬성,2021-05-21
21,3BC6890E,2105726,찬성,2021-05-21
21,KR14136C,2105726,불참,2021-05-21
21,ZKU88693,2105726,찬성,2021-05-21
21,M7T9712V,2105726,찬성,2021-05-21
21,UM51067K,2105726,불참,2021-05-21
21,HKJ99607,2105726,찬성,2021-05-21
21,X3170462,2105726,불참,2021-05-21
21,8FB1535Y,2105726,찬성,2021-05-21
21,SU53086M,2105726,찬성,2021-05-21
21,0WL9321T,2105726,찬성,2021-05-21
21,MR210505,2105726,불참,2021-05-21
21,8348421R,2105726,찬성,2021-05-21
21,H5476989,2105726,찬성,2021-05-21
21,JQA21112,2105726,기권,2021-05-21
21,HXT76735,2105726,찬성,2021-05-21
21,0R68099X,2105726,찬성,2021-05-21
21,4A067125,2105726,불참,2021-05-21
21,2385336L,2105726,찬성,2021-05-21
21,IN328264,2105726,찬성,2021-05-21
21,XBT9550Q,2105726,찬성,2021-05-21
21,MO52543L,2105726,찬성,2021-05-21
21,0W194007,2105726,찬성,2021-05-21
21,X1K3667J,2105726,찬성,2021-05-21
21,WMG57662,2105726,불참,2021-05-21
21,NCP9875N,2105726,찬성,2021-05-21
21,I5I2468R,2105726,불참,2021-05-21
21,L5P27909,2105726,불참,2021-05-21
21,3425169D,2105726,찬성,2021-05-21
21,ICH23251,2105726,불참,2021-05-21
21,OIA3741M,2105726,찬성,2021-05-21
21,6MO8786S,2105726,찬성,2021-05-21
21,XWX1513T,2105726,찬성,2021-05-21
21,NQR1206Q,2105726,찬성,2021-05-21
21,0767470D,2105726,불참,2021-05-21
21,NAL4555X,2105726,불참,2021-05-21
21,OW53107J,2105726,찬성,2021-05-21
21,PEP6922S,2105726,찬성,2021-05-21
21,L2I9861C,2105726,찬성,2021-05-21
21,SVH3899R,2105726,찬성,2021-05-21
21,IOW8224X,2105726,찬성,2021-05-21
21,9JF4562W,2105726,찬성,2021-05-21
21,Y7K5946R,2105726,찬성,2021-05-21
21,Z7Y7827F,2105726,찬성,2021-05-21
21,ATB59635,2105726,찬성,2021-05-21
21,KUO3574J,2105726,찬성,2021-05-21
21,D6U6678O,2105726,찬성,2021-05-21
21,FU87526G,2105726,찬성,2021-05-21
21,S9U45255,2105726,불참,2021-05-21
21,8SV6917G,2105726,불참,2021-05-21
21,QKO6165V,2105726,불참,2021-05-21
21,GD131760,2105726,불참,2021-05-21
21,68P7228G,2105726,찬성,2021-05-21
21,XPP2564T,2105726,불참,2021-05-21
21,LQW3652K,2105726,불참,2021-05-21
21,RO593601,2105726,찬성,2021-05-21
21,PFG2137X,2105726,찬성,2021-05-21
21,UB114374,2105726,찬성,2021-05-21
21,0YT3774N,2105726,찬성,2021-05-21
21,40S1959J,2105726,찬성,2021-05-21
21,IL74008M,2105726,찬성,2021-05-21
21,8P37634C,2105726,찬성,2021-05-21
21,3C23171A,2105726,찬성,2021-05-21
21,P2N4585G,2105726,찬성,2021-05-21
21,TVF3669B,2105726,불참,2021-05-21
21,7R156073,2105726,불참,2021-05-21
21,6AR6743G,2105726,찬성,2021-05-21
21,J2O8643H,2105726,찬성,2021-05-21
21,6AU2417B,2105726,불참,2021-05-21
21,B7D7534L,2105726,찬성,2021-05-21
21,GX22581L,2105726,찬성,2021-05-21
21,AFH96856,2105726,찬성,2021-05-21
21,B7H6207C,2105726,찬성,2021-05-21
21,WHV3448W,2105726,찬성,2021-05-21
21,1Y73132H,2105726,찬성,2021-05-21
21,I0S53762,2105726,불참,2021-05-21
21,LH97552Q,2105726,찬성,2021-05-21
21,TKJ4800F,2105726,찬성,2021-05-21
21,O6D8329R,2105726,불참,2021-05-21
21,04T3751T,2105726,찬성,2021-05-21
21,EVH1507C,2105726,찬성,2021-05-21
21,K5F2023J,2105726,찬성,2021-05-21
21,5MD4184K,2105726,찬성,2021-05-21
21,TP066860,2105726,찬성,2021-05-21
21,DPZ7685X,2105726,찬성,2021-05-21
21,6U243644,2105726,찬성,2021-05-21
21,E9R4507P,2105726,찬성,2021-05-21
21,UHB5553T,2105726,찬성,2021-05-21
21,A494529E,2105726,찬성,2021-05-21
21,CAA7713A,2105726,찬성,2021-05-21
21,0PK7354M,2105726,찬성,2021-05-21
21,O0I2045I,2105726,찬성,2021-05-21
21,QUM8288K,2105726,불참,2021-05-21
21,UGH6481E,2105726,불참,2021-05-21
21,W4X85128,2105726,찬성,2021-05-21
21,CFE3998F,2105726,불참,2021-05-21
21,JZY9937U,2105726,찬성,2021-05-21
21,YKW37422,2105726,불참,2021-05-21
21,M7O7878U,2105726,찬성,2021-05-21
21,YLS4431M,2105726,찬성,2021-05-21
21,MNZ4401T,2105726,찬성,2021-05-21
21,HSS7466Y,2105726,찬성,2021-05-21
21,KB04377U,2105726,찬성,2021-05-21
21,FU53642G,2105726,찬성,2021-05-21
21,MLH1404S,2105726,불참,2021-05-21
21,IUL4848V,2105726,찬성,2021-05-21
21,JEZ3130Q,2105726,찬성,2021-05-21
21,BCQ55105,2105726,찬성,2021-05-21
21,9L57027L,2105726,찬성,2021-05-21
21,5UN9725L,2105726,불참,2021-05-21
21,K3W33496,2105726,찬성,2021-05-21
21,DBA1057Z,2105726,찬성,2021-05-21
21,21N57758,2105726,찬성,2021-05-21
21,9YO73104,2105726,찬성,2021-05-21
21,TRE2429O,2105726,찬성,2021-05-21
21,E6U4345C,2105726,찬성,2021-05-21
21,7BM2933Y,2105726,찬성,2021-05-21
21,9VR65006,2105726,불참,2021-05-21
21,D0C85236,2105726,찬성,2021-05-21
21,3RW63706,2105726,찬성,2021-05-21
21,RQQ3807K,2105726,찬성,2021-05-21
21,FH777496,2105726,찬성,2021-05-21
21,FYI20317,2105726,찬성,2021-05-21
21,8X15119P,2105726,불참,2021-05-21
21,ZYP7962W,2105726,불참,2021-05-21
21,CNW5754J,2105726,찬성,2021-05-21
21,3249208I,2105726,찬성,2021-05-21
21,GX38539O,2105726,반대,2021-05-21
21,8Q88373R,2105726,찬성,2021-05-21
21,XEF29171,2105726,찬성,2021-05-21
21,WVU2479T,2105726,찬성,2021-05-21
21,9D939735,2105726,불참,2021-05-21
21,QTW6852F,2105726,찬성,2021-05-21
21,DAV7257X,2105726,찬성,2021-05-21
21,GE71932C,2105726,불참,2021-05-21
21,I7R13867,2105726,찬성,2021-05-21
21,SQ36001H,2105726,찬성,2021-05-21
21,G1570880,2105726,찬성,2021-05-21
21,FOK3459D,2105726,찬성,2021-05-21
21,LPB30152,2105726,찬성,2021-05-21
21,MD083627,2105726,찬성,2021-05-21
21,TZP9391O,2105726,찬성,2021-05-21
21,OSV9142K,2105726,찬성,2021-05-21
21,B7R2742J,2105726,찬성,2021-05-21
21,FJK3396E,2105726,찬성,2021-05-21
21,ZDP5704Q,2105726,찬성,2021-05-21
21,71J2365L,2105726,찬성,2021-05-21
21,7O71647Z,2105726,찬성,2021-05-21
21,W1Q6753M,2105726,찬성,2021-05-21
21,MHK9919B,2105726,불참,2021-05-21
21,E1J8836Y,2105726,찬성,2021-05-21
21,6EN68926,2105726,불참,2021-05-21
21,TJW93720,2105726,찬성,2021-05-21
21,9S151177,2105726,찬성,2021-05-21
21,PO64874I,2105726,불참,2021-05-21
21,S741317G,2101159,찬성,2020-09-24
21,2N793392,2101159,찬성,2020-09-24
21,WJL30106,2101159,찬성,2020-09-24
21,2385336L,2101159,찬성,2020-09-24
21,71J2365L,2101159,찬성,2020-09-24
21,VG24001G,2101159,찬성,2020-09-24
21,8SV6917G,2101159,불참,2020-09-24
21,21N57758,2101159,찬성,2020-09-24
21,FDC3144T,2101159,찬성,2020-09-24
21,PAO22428,2101159,찬성,2020-09-24
21,JNL7001A,2101159,찬성,2020-09-24
21,GKD32201,2101159,찬성,2020-09-24
21,3TO11703,2101159,찬성,2020-09-24
21,CCU1009B,2101159,찬성,2020-09-24
21,MU69217P,2101159,불참,2020-09-24
21,66W6739S,2101159,찬성,2020-09-24
21,LM13674V,2101159,불참,2020-09-24
21,QD25323M,2101159,찬성,2020-09-24
21,DAY6557K,2101159,찬성,2020-09-24
21,GP07421U,2101159,찬성,2020-09-24
21,FGI27280,2101159,찬성,2020-09-24
21,A0P4646G,2101159,찬성,2020-09-24
21,7I09543O,2101159,찬성,2020-09-24
21,1X376850,2101159,찬성,2020-09-24
21,3DK8989T,2101159,찬성,2020-09-24
21,7469929V,2101159,찬성,2020-09-24
21,D4L60530,2101159,찬성,2020-09-24
21,M6H1705E,2101159,찬성,2020-09-24
21,OFE45081,2101159,찬성,2020-09-24
21,NTT8182Q,2101159,찬성,2020-09-24
21,ZYH1940A,2101159,불참,2020-09-24
21,HSW1214Q,2101159,찬성,2020-09-24
21,NZF1659U,2101159,찬성,2020-09-24
21,WDS6044S,2101159,찬성,2020-09-24
21,ZDR63255,2101159,찬성,2020-09-24
21,KR14136C,2101159,찬성,2020-09-24
21,SRP7336N,2101159,불참,2020-09-24
21,5765663F,2101159,찬성,2020-09-24
21,KNM3215T,2101159,찬성,2020-09-24
21,M7T9712V,2101159,찬성,2020-09-24
21,60490713,2101159,찬성,2020-09-24
21,UM51067K,2101159,찬성,2020-09-24
21,HKJ99607,2101159,찬성,2020-09-24
21,1WE5693J,2101159,찬성,2020-09-24
21,X3170462,2101159,찬성,2020-09-24
21,MY318392,2101159,찬성,2020-09-24
21,4T026790,2101159,찬성,2020-09-24
21,EH27538E,2101159,찬성,2020-09-24
21,WFU14784,2101159,찬성,2020-09-24
21,SU53086M,2101159,찬성,2020-09-24
21,0WL9321T,2101159,찬성,2020-09-24
21,MR210505,2101159,찬성,2020-09-24
21,GF286398,2101159,찬성,2020-09-24
21,H5476989,2101159,찬성,2020-09-24
21,JQA21112,2101159,불참,2020-09-24
21,4L695580,2101159,찬성,2020-09-24
21,40E3739H,2101159,찬성,2020-09-24
21,RPN2293B,2101159,찬성,2020-09-24
21,0R68099X,2101159,찬성,2020-09-24
21,V429892C,2101159,찬성,2020-09-24
21,IN328264,2101159,찬성,2020-09-24
21,XBT9550Q,2101159,찬성,2020-09-24
21,ZA54991S,2101159,기권,2020-09-24
21,MO52543L,2101159,찬성,2020-09-24
21,0827740Q,2101159,찬성,2020-09-24
21,0W194007,2101159,찬성,2020-09-24
21,X1K3667J,2101159,찬성,2020-09-24
21,NCP9875N,2101159,찬성,2020-09-24
21,I5I2468R,2101159,찬성,2020-09-24
21,WTR5885Y,2101159,찬성,2020-09-24
21,L5P27909,2101159,불참,2020-09-24
21,3425169D,2101159,찬성,2020-09-24
21,IOW1101J,2101159,찬성,2020-09-24
21,ICH23251,2101159,찬성,2020-09-24
21,25I8709Q,2101159,찬성,2020-09-24
21,OIA3741M,2101159,찬성,2020-09-24
21,CT85313K,2101159,찬성,2020-09-24
21,BLC8630L,2101159,찬성,2020-09-24
21,0767470D,2101159,찬성,2020-09-24
21,LG63087O,2101159,찬성,2020-09-24
21,PEP6922S,2101159,찬성,2020-09-24
21,DAN6731C,2101159,불참,2020-09-24
21,L2I9861C,2101159,찬성,2020-09-24
21,WCD5518S,2101159,찬성,2020-09-24
21,SVH3899R,2101159,찬성,2020-09-24
21,I434361W,2101159,찬성,2020-09-24
21,IOW8224X,2101159,찬성,2020-09-24
21,9JF4562W,2101159,찬성,2020-09-24
21,Y7K5946R,2101159,찬성,2020-09-24
21,Z7Y7827F,2101159,찬성,2020-09-24
21,ATB59635,2101159,찬성,2020-09-24
21,SBK1544B,2101159,찬성,2020-09-24
21,KUO3574J,2101159,찬성,2020-09-24
21,8FC9697X,2101159,찬성,2020-09-24
21,QKO6165V,2101159,찬성,2020-09-24
21,GD131760,2101159,찬성,2020-09-24
21,ZRF3039U,2101159,찬성,2020-09-24
21,V0O5343U,2101159,찬성,2020-09-24
21,68P7228G,2101159,찬성,2020-09-24
21,XPP2564T,2101159,찬성,2020-09-24
21,FRN1867O,2101159,찬성,2020-09-24
21,PFG2137X,2101159,찬성,2020-09-24
21,UB114374,2101159,찬성,2020-09-24
21,0YT3774N,2101159,찬성,2020-09-24
21,7JC3239L,2101159,찬성,2020-09-24
21,40S1959J,2101159,찬성,2020-09-24
21,IL74008M,2101159,불참,2020-09-24
21,8KF7223D,2101159,찬성,2020-09-24
21,8P37634C,2101159,찬성,2020-09-24
21,CNZ51556,2101159,찬성,2020-09-24
21,N4R2421C,2101159,불참,2020-09-24
21,3C23171A,2101159,찬성,2020-09-24
21,GDG1847Z,2101159,불참,2020-09-24
21,P2N4585G,2101159,불참,2020-09-24
21,LNR7932L,2101159,찬성,2020-09-24
21,O7R5461J,2101159,찬성,2020-09-24
21,TVF3669B,2101159,찬성,2020-09-24
21,7R156073,2101159,찬성,2020-09-24
21,6AR6743G,2101159,불참,2020-09-24
21,J2O8643H,2101159,불참,2020-09-24
21,6AU2417B,2101159,찬성,2020-09-24
21,8VJ8533R,2101159,찬성,2020-09-24
21,GX22581L,2101159,불참,2020-09-24
21,SE233396,2101159,찬성,2020-09-24
21,52P3934K,2101159,찬성,2020-09-24
21,B7H6207C,2101159,찬성,2020-09-24
21,4U29186R,2101159,찬성,2020-09-24
21,F5Y4026Q,2101159,찬성,2020-09-24
21,WHV3448W,2101159,찬성,2020-09-24
21,1Y73132H,2101159,찬성,2020-09-24
21,I0S53762,2101159,찬성,2020-09-24
21,LH97552Q,2101159,찬성,2020-09-24
21,TKJ4800F,2101159,찬성,2020-09-24
21,O6D8329R,2101159,불참,2020-09-24
21,MSY7784L,2101159,불참,2020-09-24
21,K5F2023J,2101159,찬성,2020-09-24
21,N9X9673B,2101159,찬성,2020-09-24
21,5MD4184K,2101159,찬성,2020-09-24
21,5K93695T,2101159,찬성,2020-09-24
21,DPZ7685X,2101159,찬성,2020-09-24
21,KFS1358P,2101159,찬성,2020-09-24
21,A494529E,2101159,찬성,2020-09-24
21,VRY5522V,2101159,찬성,2020-09-24
21,CAA7713A,2101159,찬성,2020-09-24
21,0PK7354M,2101159,기권,2020-09-24
21,O0I2045I,2101159,찬성,2020-09-24
21,CZB4125D,2101159,찬성,2020-09-24
21,Z6R3959C,2101159,찬성,2020-09-24
21,UGH6481E,2101159,찬성,2020-09-24
21,S824682L,2101159,찬성,2020-09-24
21,W4X85128,2101159,불참,2020-09-24
21,Q9H5708M,2101159,찬성,2020-09-24
21,JZY9937U,2101159,찬성,2020-09-24
21,MRK4871S,2101159,찬성,2020-09-24
21,YKW37422,2101159,불참,2020-09-24
21,2NV6751W,2101159,찬성,2020-09-24
21,M7O7878U,2101159,찬성,2020-09-24
21,MNZ4401T,2101159,불참,2020-09-24
21,3ZR4438W,2101159,불참,2020-09-24
21,16D7652C,2101159,찬성,2020-09-24
21,KB04377U,2101159,찬성,2020-09-24
21,FU53642G,2101159,찬성,2020-09-24
21,MLH1404S,2101159,찬성,2020-09-24
21,8VY63414,2101159,찬성,2020-09-24
21,XR24352K,2101159,찬성,2020-09-24
21,QQP4727N,2101159,찬성,2020-09-24
21,IUL4848V,2101159,찬성,2020-09-24
21,JEZ3130Q,2101159,찬성,2020-09-24
21,BCQ55105,2101159,찬성,2020-09-24
21,9L57027L,2101159,찬성,2020-09-24
21,GOC54665,2101159,찬성,2020-09-24
21,LJK4960Z,2101159,찬성,2020-09-24
21,K3W33496,2101159,찬성,2020-09-24
21,M2Q9024I,2101159,찬성,2020-09-24
21,DBA1057Z,2101159,찬성,2020-09-24
21,CI15627C,2101159,불참,2020-09-24
21,C7E79345,2101159,찬성,2020-09-24
21,4019850M,2101159,찬성,2020-09-24
21,UQ282145,2101159,찬성,2020-09-24
21,TRE2429O,2101159,찬성,2020-09-24
21,E6U4345C,2101159,찬성,2020-09-24
21,7BM2933Y,2101159,찬성,2020-09-24
21,EMC8812P,2101159,불참,2020-09-24
21,XJC13432,2101159,찬성,2020-09-24
21,T465023H,2101159,찬성,2020-09-24
21,RQQ3807K,2101159,찬성,2020-09-24
21,FH777496,2101159,찬성,2020-09-24
21,FYI20317,2101159,찬성,2020-09-24
21,ZYP7962W,2101159,불참,2020-09-24
21,CNW5754J,2101159,찬성,2020-09-24
21,GX38539O,2101159,찬성,2020-09-24
21,8Q88373R,2101159,찬성,2020-09-24
21,WVU2479T,2101159,찬성,2020-09-24
21,9D939735,2101159,찬성,2020-09-24
21,QTW6852F,2101159,불참,2020-09-24
21,7XY7109I,2101159,찬성,2020-09-24
21,TST4507I,2101159,찬성,2020-09-24
21,JC14718Q,2101159,찬성,2020-09-24
21,5KV82250,2101159,찬성,2020-09-24
21,L7J93733,2101159,찬성,2020-09-24
21,LT72093S,2101159,찬성,2020-09-24
21,GE71932C,2101159,반대,2020-09-24
21,6YT83269,2101159,찬성,2020-09-24
21,1MU99298,2101159,찬성,2020-09-24
21,G152611B,2101159,찬성,2020-09-24
21,I7R13867,2101159,찬성,2020-09-24
21,SQ36001H,2101159,찬성,2020-09-24
21,9LD2641Q,2101159,찬성,2020-09-24
21,FOK3459D,2101159,찬성,2020-09-24
21,QUO78839,2101159,찬성,2020-09-24
21,LPB30152,2101159,찬성,2020-09-24
21,MD083627,2101159,찬성,2020-09-24
21,TZP9391O,2101159,찬성,2020-09-24
21,6V37131U,2101159,찬성,2020-09-24
21,B7R2742J,2101159,찬성,2020-09-24
21,FJK3396E,2101159,찬성,2020-09-24
21,7O71647Z,2101159,찬성,2020-09-24
21,W1Q6753M,2101159,찬성,2020-09-24
21,E1J8836Y,2101159,찬성,2020-09-24
21,RD42006Y,2101159,불참,2020-09-24
21,6EN68926,2101159,불참,2020-09-24
21,1BX7234U,2101159,찬성,2020-09-24
21,AE685067,2101159,찬성,2020-09-24
21,9S151177,2101159,찬성,2020-09-24
21,TZ228122,2101159,기권,2020-09-24
21,9V18755A,2101159,찬성,2020-09-24
21,PO64874I,2101159,불참,2020-09-24
21,17M85910,2101159,찬성,2020-09-24
21,G1570880,2101159,찬성,2020-09-24
21,BT62420K,2101159,찬성,2020-09-24
21,OSV9142K,2101159,찬성,2020-09-24
21,ZDP5704Q,2101159,불참,2020-09-24
21,MHK9919B,2101159,찬성,2020-09-24
21,QHL3248U,2101159,찬성,2020-09-24
21,TJW93720,2101159,찬성,2020-09-24
21,XA42275R,2101159,찬성,2020-09-24
21,L7T64271,2101159,찬성,2020-09-24
21,4X525582,2101159,불참,2020-09-24
21,G7512472,2101159,찬성,2020-09-24
21,USR7059P,2101159,찬성,2020-09-24
21,4XG1439M,2101159,찬성,2020-09-24
21,P2N50879,2101159,찬성,2020-09-24
21,A2V51235,2101159,찬성,2020-09-24
21,09I2323E,2101159,찬성,2020-09-24
21,A3H7195R,2101159,찬성,2020-09-24
21,0VU8517U,2101159,불참,2020-09-24
21,M0A1658U,2101159,찬성,2020-09-24
21,3BC6890E,2101159,찬성,2020-09-24
21,GFF1986K,2101159,찬성,2020-09-24
21,ZKU88693,2101159,찬성,2020-09-24
21,5KV96424,2101159,찬성,2020-09-24
21,8FB1535Y,2101159,찬성,2020-09-24
21,PZA4062H,2101159,찬성,2020-09-24
21,8348421R,2101159,찬성,2020-09-24
21,HXT76735,2101159,불참,2020-09-24
21,4A067125,2101159,찬성,2020-09-24
21,WMG57662,2101159,찬성,2020-09-24
21,6MO8786S,2101159,찬성,2020-09-24
21,XWX1513T,2101159,찬성,2020-09-24
21,NQR1206Q,2101159,찬성,2020-09-24
21,NAL4555X,2101159,찬성,2020-09-24
21,OW53107J,2101159,찬성,2020-09-24
21,D6U6678O,2101159,불참,2020-09-24
21,FU87526G,2101159,찬성,2020-09-24
21,S9U45255,2101159,찬성,2020-09-24
21,P0F1530P,2101159,불참,2020-09-24
21,LQW3652K,2101159,찬성,2020-09-24
21,RO593601,2101159,찬성,2020-09-24
21,GAV6441G,2101159,찬성,2020-09-24
21,JMY9959W,2101159,찬성,2020-09-24
21,VCP96419,2101159,찬성,2020-09-24
21,B7D7534L,2101159,찬성,2020-09-24
21,AFH96856,2101159,찬성,2020-09-24
21,6399076T,2101159,찬성,2020-09-24
21,04T3751T,2101159,찬성,2020-09-24
21,EVH1507C,2101159,찬성,2020-09-24
21,14M56632,2101159,찬성,2020-09-24
21,TP066860,2101159,찬성,2020-09-24
21,6U243644,2101159,찬성,2020-09-24
21,E9R4507P,2101159,찬성,2020-09-24
21,UHB5553T,2101159,불참,2020-09-24
21,J9S37905,2101159,불참,2020-09-24
21,QUM8288K,2101159,찬성,2020-09-24
21,CFE3998F,2101159,찬성,2020-09-24
21,BM63269Y,2101159,찬성,2020-09-24
21,YLS4431M,2101159,찬성,2020-09-24
21,HSS7466Y,2101159,찬성,2020-09-24
21,5UN9725L,2101159,찬성,2020-09-24
21,9YO73104,2101159,찬성,2020-09-24
21,CDL93608,2101159,찬성,2020-09-24
21,2UD1340H,2101159,찬성,2020-09-24
21,9VR65006,2101159,불참,2020-09-24
21,X7I4680R,2101159,찬성,2020-09-24
21,D0C85236,2101159,찬성,2020-09-24
21,XSP20229,2101159,찬성,2020-09-24
21,3RW63706,2101159,찬성,2020-09-24
21,8X15119P,2101159,불참,2020-09-24
21,3249208I,2101159,찬성,2020-09-24
21,XEF29171,2101159,찬성,2020-09-24
21,DAV7257X,2101159,찬성,2020-09-24
21,LT72093S,2123498,찬성,2023-07-27
21,FDC3144T,2123498,찬성,2023-07-27
21,9LD2641Q,2123498,불참,2023-07-27
21,MD083627,2123498,찬성,2023-07-27
21,OSV9142K,2123498,찬성,2023-07-27
21,B7R2742J,2123498,찬성,2023-07-27
21,ZDP5704Q,2123498,찬성,2023-07-27
21,71J2365L,2123498,찬성,2023-07-27
21,7O71647Z,2123498,찬성,2023-07-27
21,W1Q6753M,2123498,불참,2023-07-27
21,E1J8836Y,2123498,찬성,2023-07-27
21,TJW93720,2123498,찬성,2023-07-27
21,9S151177,2123498,찬성,2023-07-27
21,9V18755A,2123498,찬성,2023-07-27
21,PO64874I,2123498,불참,2023-07-27
21,VHK3402G,2123498,찬성,2023-07-27
21,LQW3652K,2123498,찬성,2023-07-27
21,GAV6441G,2123498,찬성,2023-07-27
21,0YT3774N,2123498,불참,2023-07-27
21,40S1959J,2123498,불참,2023-07-27
21,IL74008M,2123498,찬성,2023-07-27
21,8KF7223D,2123498,불참,2023-07-27
21,CNZ51556,2123498,찬성,2023-07-27
21,N4R2421C,2123498,불참,2023-07-27
21,3C23171A,2123498,찬성,2023-07-27
21,GDG1847Z,2123498,불참,2023-07-27
21,P2N4585G,2123498,찬성,2023-07-27
21,VCP96419,2123498,찬성,2023-07-27
21,6AU2417B,2123498,불참,2023-07-27
21,8VJ8533R,2123498,찬성,2023-07-27
21,B7D7534L,2123498,찬성,2023-07-27
21,AFH96856,2123498,찬성,2023-07-27
21,52P3934K,2123498,불참,2023-07-27
21,6399076T,2123498,찬성,2023-07-27
21,4U29186R,2123498,찬성,2023-07-27
21,WHV3448W,2123498,찬성,2023-07-27
21,O6D8329R,2123498,찬성,2023-07-27
21,04T3751T,2123498,찬성,2023-07-27
21,14M56632,2123498,불참,2023-07-27
21,N9X9673B,2123498,찬성,2023-07-27
21,5MD4184K,2123498,찬성,2023-07-27
21,DPZ7685X,2123498,불참,2023-07-27
21,E9R4507P,2123498,찬성,2023-07-27
21,J9S37905,2123498,불참,2023-07-27
21,CAA7713A,2123498,찬성,2023-07-27
21,0PK7354M,2123498,찬성,2023-07-27
21,O0I2045I,2123498,찬성,2023-07-27
21,Z6R3959C,2123498,찬성,2023-07-27
21,QUM8288K,2123498,불참,2023-07-27
21,UGH6481E,2123498,찬성,2023-07-27
21,JZY9937U,2123498,찬성,2023-07-27
21,YKW37422,2123498,불참,2023-07-27
21,2NV6751W,2123498,찬성,2023-07-27
21,3ZR4438W,2123498,찬성,2023-07-27
21,KB04377U,2123498,찬성,2023-07-27
21,FU53642G,2123498,찬성,2023-07-27
21,MLH1404S,2123498,불참,2023-07-27
21,IUD9392R,2123498,불참,2023-07-27
21,K3W33496,2123498,찬성,2023-07-27
21,M2Q9024I,2123498,찬성,2023-07-27
21,DBA1057Z,2123498,찬성,2023-07-27
21,CI15627C,2123498,찬성,2023-07-27
21,UQ282145,2123498,찬성,2023-07-27
21,TRE2429O,2123498,찬성,2023-07-27
21,7BM2933Y,2123498,찬성,2023-07-27
21,9VR65006,2123498,불참,2023-07-27
21,X7I4680R,2123498,찬성,2023-07-27
21,EMC8812P,2123498,찬성,2023-07-27
21,T465023H,2123498,찬성,2023-07-27
21,3RW63706,2123498,찬성,2023-07-27
21,RQQ3807K,2123498,찬성,2023-07-27
21,ZYP7962W,2123498,불참,2023-07-27
21,CNW5754J,2123498,찬성,2023-07-27
21,3249208I,2123498,찬성,2023-07-27
21,8Q88373R,2123498,불참,2023-07-27
21,XEF29171,2123498,불참,2023-07-27
21,QTW6852F,2123498,찬성,2023-07-27
21,7XY7109I,2123498,불참,2023-07-27
21,JC14718Q,2123498,찬성,2023-07-27
21,5KV82250,2123498,찬성,2023-07-27
21,DWK26447,2123498,찬성,2023-07-27
21,G7512472,2123498,찬성,2023-07-27
21,S741317G,2123498,찬성,2023-07-27
21,MU69217P,2123498,불참,2023-07-27
21,2N793392,2123498,찬성,2023-07-27
21,66W6739S,2123498,불참,2023-07-27
21,QD25323M,2123498,찬성,2023-07-27
21,DAY6557K,2123498,찬성,2023-07-27
21,USR7059P,2123498,불참,2023-07-27
21,P2N50879,2123498,찬성,2023-07-27
21,A0P4646G,2123498,찬성,2023-07-27
21,A2V51235,2123498,찬성,2023-07-27
21,7I09543O,2123498,찬성,2023-07-27
21,7469929V,2123498,찬성,2023-07-27
21,D4L60530,2123498,찬성,2023-07-27
21,OFE45081,2123498,찬성,2023-07-27
21,ZYH1940A,2123498,찬성,2023-07-27
21,HSW1214Q,2123498,찬성,2023-07-27
21,ZDR63255,2123498,찬성,2023-07-27
21,SRP7336N,2123498,불참,2023-07-27
21,5765663F,2123498,찬성,2023-07-27
21,GFF1986K,2123498,찬성,2023-07-27
21,ZKU88693,2123498,불참,2023-07-27
21,M7T9712V,2123498,불참,2023-07-27
21,60490713,2123498,찬성,2023-07-27
21,HKJ99607,2123498,찬성,2023-07-27
21,1WE5693J,2123498,찬성,2023-07-27
21,MY318392,2123498,찬성,2023-07-27
21,8FB1535Y,2123498,찬성,2023-07-27
21,EH27538E,2123498,찬성,2023-07-27
21,WFU14784,2123498,찬성,2023-07-27
21,SU53086M,2123498,찬성,2023-07-27
21,0WL9321T,2123498,찬성,2023-07-27
21,MR210505,2123498,찬성,2023-07-27
21,4L695580,2123498,찬성,2023-07-27
21,RPN2293B,2123498,불참,2023-07-27
21,MQU41854,2123498,반대,2023-07-27
21,V429892C,2123498,찬성,2023-07-27
21,IN328264,2123498,불참,2023-07-27
21,ZA54991S,2123498,찬성,2023-07-27
21,0827740Q,2123498,찬성,2023-07-27
21,0W194007,2123498,찬성,2023-07-27
21,NCP9875N,2123498,찬성,2023-07-27
21,I5I2468R,2123498,찬성,2023-07-27
21,3425169D,2123498,찬성,2023-07-27
21,CT85313K,2123498,불참,2023-07-27
21,BLC8630L,2123498,불참,2023-07-27
21,NQR1206Q,2123498,찬성,2023-07-27
21,DAN6731C,2123498,찬성,2023-07-27
21,VG24001G,2123498,찬성,2023-07-27
21,WCD5518S,2123498,찬성,2023-07-27
21,SVH3899R,2123498,찬성,2023-07-27
21,ATB59635,2123498,불참,2023-07-27
21,KUO3574J,2123498,찬성,2023-07-27
21,D6U6678O,2123498,찬성,2023-07-27
21,FU87526G,2123498,불참,2023-07-27
21,S9U45255,2123498,찬성,2023-07-27
21,8FC9697X,2123498,불참,2023-07-27
21,QKO6165V,2123498,불참,2023-07-27
21,GD131760,2123498,찬성,2023-07-27
21,ZRF3039U,2123498,찬성,2023-07-27
21,68P7228G,2123498,찬성,2023-07-27
21,P0F1530P,2123498,불참,2023-07-27
21,XPP2564T,2123498,불참,2023-07-27
21,F5U2979W,2123498,찬성,2023-07-27
21,YOG1280B,2123498,찬성,2023-07-27
21,FIC9046Z,2123498,찬성,2023-07-27
21,NUB4941Z,2123498,찬성,2023-07-27
21,KFM1081G,2123498,찬성,2023-07-27
21,NLR6572J,2123498,찬성,2023-07-27
21,YTA7297R,2123498,찬성,2023-07-27
21,L7T64271,2123498,불참,2023-07-27
21,4X525582,2123498,불참,2023-07-27
21,GKD32201,2123498,불참,2023-07-27
21,3TO11703,2123498,찬성,2023-07-27
21,CCU1009B,2123498,찬성,2023-07-27
21,LM13674V,2123498,찬성,2023-07-27
21,JVB6983V,2123498,찬성,2023-07-27
21,GP07421U,2123498,찬성,2023-07-27
21,FGI27280,2123498,찬성,2023-07-27
21,4XG1439M,2123498,찬성,2023-07-27
21,3DK8989T,2123498,찬성,2023-07-27
21,M6H1705E,2123498,찬성,2023-07-27
21,09I2323E,2123498,찬성,2023-07-27
21,NTT8182Q,2123498,찬성,2023-07-27
21,A3H7195R,2123498,찬성,2023-07-27
21,0VU8517U,2123498,불참,2023-07-27
21,M0A1658U,2123498,불참,2023-07-27
21,NZF1659U,2123498,찬성,2023-07-27
21,WDS6044S,2123498,불참,2023-07-27
21,3BC6890E,2123498,불참,2023-07-27
21,KR14136C,2123498,불참,2023-07-27
21,WJL30106,2123498,불참,2023-07-27
21,5KV96424,2123498,찬성,2023-07-27
21,KNM3215T,2123498,불참,2023-07-27
21,UM51067K,2123498,찬성,2023-07-27
21,X3170462,2123498,불참,2023-07-27
21,4T026790,2123498,찬성,2023-07-27
21,PZA4062H,2123498,찬성,2023-07-27
21,GF286398,2123498,찬성,2023-07-27
21,8348421R,2123498,찬성,2023-07-27
21,H5476989,2123498,찬성,2023-07-27
21,JQA21112,2123498,불참,2023-07-27
21,40E3739H,2123498,찬성,2023-07-27
21,6FS10566,2123498,찬성,2023-07-27
21,HXT76735,2123498,불참,2023-07-27
21,0R68099X,2123498,찬성,2023-07-27
21,6RM29022,2123498,찬성,2023-07-27
21,2385336L,2123498,찬성,2023-07-27
21,XBT9550Q,2123498,찬성,2023-07-27
21,MO52543L,2123498,찬성,2023-07-27
21,X1K3667J,2123498,찬성,2023-07-27
21,WMG57662,2123498,찬성,2023-07-27
21,WTR5885Y,2123498,찬성,2023-07-27
21,IOW1101J,2123498,찬성,2023-07-27
21,ICH23251,2123498,찬성,2023-07-27
21,25I8709Q,2123498,찬성,2023-07-27
21,OIA3741M,2123498,찬성,2023-07-27
21,6MO8786S,2123498,불참,2023-07-27
21,XWX1513T,2123498,찬성,2023-07-27
21,LG63087O,2123498,불참,2023-07-27
21,OW53107J,2123498,찬성,2023-07-27
21,PEP6922S,2123498,찬성,2023-07-27
21,L2I9861C,2123498,불참,2023-07-27
21,IOW8224X,2123498,찬성,2023-07-27
21,9JF4562W,2123498,불참,2023-07-27
21,Y7K5946R,2123498,찬성,2023-07-27
21,Z7Y7827F,2123498,찬성,2023-07-27
21,SBK1544B,2123498,불참,2023-07-27
21,8SV6917G,2123498,불참,2023-07-27
21,V0O5343U,2123498,찬성,2023-07-27
21,FRN1867O,2123498,불참,2023-07-27
21,RO593601,2123498,찬성,2023-07-27
21,PFG2137X,2123498,찬성,2023-07-27
21,UB114374,2123498,불참,2023-07-27
21,7JC3239L,2123498,찬성,2023-07-27
21,8P37634C,2123498,불참,2023-07-27
21,O7R5461J,2123498,불참,2023-07-27
21,JMY9959W,2123498,불참,2023-07-27
21,7R156073,2123498,불참,2023-07-27
21,6AR6743G,2123498,불참,2023-07-27
21,J2O8643H,2123498,찬성,2023-07-27
21,GX22581L,2123498,불참,2023-07-27
21,SE233396,2123498,불참,2023-07-27
21,B7H6207C,2123498,찬성,2023-07-27
21,F5Y4026Q,2123498,찬성,2023-07-27
21,6RD62559,2123498,찬성,2023-07-27
21,1Y73132H,2123498,찬성,2023-07-27
21,I0S53762,2123498,불참,2023-07-27
21,LH97552Q,2123498,찬성,2023-07-27
21,TKJ4800F,2123498,찬성,2023-07-27
21,MSY7784L,2123498,찬성,2023-07-27
21,EVH1507C,2123498,찬성,2023-07-27
21,K5F2023J,2123498,찬성,2023-07-27
21,5K93695T,2123498,찬성,2023-07-27
21,6U243644,2123498,찬성,2023-07-27
21,UHB5553T,2123498,찬성,2023-07-27
21,KFS1358P,2123498,찬성,2023-07-27
21,A494529E,2123498,찬성,2023-07-27
21,VRY5522V,2123498,찬성,2023-07-27
21,CZB4125D,2123498,불참,2023-07-27
21,S824682L,2123498,찬성,2023-07-27
21,W4X85128,2123498,찬성,2023-07-27
21,Q9H5708M,2123498,불참,2023-07-27
21,MRK4871S,2123498,불참,2023-07-27
21,BM63269Y,2123498,찬성,2023-07-27
21,M7O7878U,2123498,찬성,2023-07-27
21,YLS4431M,2123498,불참,2023-07-27
21,MNZ4401T,2123498,불참,2023-07-27
21,HSS7466Y,2123498,찬성,2023-07-27
21,16D7652C,2123498,찬성,2023-07-27
21,8VY63414,2123498,찬성,2023-07-27
21,XR24352K,2123498,찬성,2023-07-27
21,QQP4727N,2123498,찬성,2023-07-27
21,JEZ3130Q,2123498,불참,2023-07-27
21,BCQ55105,2123498,찬성,2023-07-27
21,9L57027L,2123498,불참,2023-07-27
21,GOC54665,2123498,불참,2023-07-27
21,5UN9725L,2123498,불참,2023-07-27
21,LJK4960Z,2123498,찬성,2023-07-27
21,C7E79345,2123498,찬성,2023-07-27
21,4019850M,2123498,찬성,2023-07-27
21,9YO73104,2123498,찬성,2023-07-27
21,E6U4345C,2123498,불참,2023-07-27
21,CDL93608,2123498,찬성,2023-07-27
21,2UD1340H,2123498,찬성,2023-07-27
21,XJC13432,2123498,불참,2023-07-27
21,XSP20229,2123498,불참,2023-07-27
21,FH777496,2123498,찬성,2023-07-27
21,FYI20317,2123498,찬성,2023-07-27
21,8X15119P,2123498,불참,2023-07-27
21,GX38539O,2123498,찬성,2023-07-27
21,WVU2479T,2123498,불참,2023-07-27
21,9D939735,2123498,찬성,2023-07-27
21,TST4507I,2123498,찬성,2023-07-27
21,L7J93733,2123498,찬성,2023-07-27
21,DAV7257X,2123498,찬성,2023-07-27
21,GE71932C,2123498,불참,2023-07-27
21,6YT83269,2123498,찬성,2023-07-27
21,1MU99298,2123498,찬성,2023-07-27
21,17M85910,2123498,찬성,2023-07-27
21,G152611B,2123498,불참,2023-07-27
21,I7R13867,2123498,찬성,2023-07-27
21,SQ36001H,2123498,찬성,2023-07-27
21,G1570880,2123498,찬성,2023-07-27
21,FOK3459D,2123498,불참,2023-07-27
21,QUO78839,2123498,불참,2023-07-27
21,BT62420K,2123498,불참,2023-07-27
21,LPB30152,2123498,찬성,2023-07-27
21,TZP9391O,2123498,불참,2023-07-27
21,6V37131U,2123498,찬성,2023-07-27
21,FJK3396E,2123498,불참,2023-07-27
21,RD42006Y,2123498,불참,2023-07-27
21,6EN68926,2123498,찬성,2023-07-27
21,1BX7234U,2123498,찬성,2023-07-27
21,QHL3248U,2123498,불참,2023-07-27
21,TZ228122,2123498,찬성,2023-07-27
21,XA42275R,2123498,찬성,2023-07-27
21,LBC8144B,2123498,불참,2023-07-27
21,F5Y4026Q,2103070,찬성,2021-02-26
21,MSY7784L,2103070,찬성,2021-02-26
21,TP066860,2103070,불참,2021-02-26
21,5K93695T,2103070,찬성,2021-02-26
21,DPZ7685X,2103070,찬성,2021-02-26
21,KFS1358P,2103070,찬성,2021-02-26
21,VRY5522V,2103070,불참,2021-02-26
21,CZB4125D,2103070,불참,2021-02-26
21,Z6R3959C,2103070,찬성,2021-02-26
21,UGH6481E,2103070,찬성,2021-02-26
21,S824682L,2103070,찬성,2021-02-26
21,Q9H5708M,2103070,찬성,2021-02-26
21,2NV6751W,2103070,찬성,2021-02-26
21,BM63269Y,2103070,불참,2021-02-26
21,HSS7466Y,2103070,불참,2021-02-26
21,8VY63414,2103070,찬성,2021-02-26
21,XR24352K,2103070,찬성,2021-02-26
21,QQP4727N,2103070,불참,2021-02-26
21,GOC54665,2103070,찬성,2021-02-26
21,LJK4960Z,2103070,찬성,2021-02-26
21,K3W33496,2103070,찬성,2021-02-26
21,CI15627C,2103070,찬성,2021-02-26
21,21N57758,2103070,불참,2021-02-26
21,CDL93608,2103070,찬성,2021-02-26
21,2UD1340H,2103070,찬성,2021-02-26
21,EMC8812P,2103070,찬성,2021-02-26
21,T465023H,2103070,찬성,2021-02-26
21,FYI20317,2103070,찬성,2021-02-26
21,WVU2479T,2103070,불참,2021-02-26
21,9D939735,2103070,찬성,2021-02-26
21,7XY7109I,2103070,불참,2021-02-26
21,TST4507I,2103070,찬성,2021-02-26
21,JC14718Q,2103070,찬성,2021-02-26
21,5KV82250,2103070,불참,2021-02-26
21,L7J93733,2103070,찬성,2021-02-26
21,LT72093S,2103070,찬성,2021-02-26
21,6YT83269,2103070,찬성,2021-02-26
21,1MU99298,2103070,찬성,2021-02-26
21,FDC3144T,2103070,찬성,2021-02-26
21,17M85910,2103070,불참,2021-02-26
21,9LD2641Q,2103070,불참,2021-02-26
21,FOK3459D,2103070,찬성,2021-02-26
21,BT62420K,2103070,찬성,2021-02-26
21,TZP9391O,2103070,찬성,2021-02-26
21,71J2365L,2103070,불참,2021-02-26
21,RD42006Y,2103070,찬성,2021-02-26
21,6EN68926,2103070,불참,2021-02-26
21,1BX7234U,2103070,찬성,2021-02-26
21,QHL3248U,2103070,불참,2021-02-26
21,TZ228122,2103070,찬성,2021-02-26
21,9V18755A,2103070,찬성,2021-02-26
21,JNL7001A,2103070,기권,2021-02-26
21,GKD32201,2103070,찬성,2021-02-26
21,S741317G,2103070,찬성,2021-02-26
21,CCU1009B,2103070,찬성,2021-02-26
21,2N793392,2103070,찬성,2021-02-26
21,1X376850,2103070,찬성,2021-02-26
21,7469929V,2103070,찬성,2021-02-26
21,D4L60530,2103070,찬성,2021-02-26
21,09I2323E,2103070,찬성,2021-02-26
21,NTT8182Q,2103070,기권,2021-02-26
21,M0A1658U,2103070,불참,2021-02-26
21,NZF1659U,2103070,찬성,2021-02-26
21,WDS6044S,2103070,찬성,2021-02-26
21,ZDR63255,2103070,찬성,2021-02-26
21,SRP7336N,2103070,찬성,2021-02-26
21,GFF1986K,2103070,찬성,2021-02-26
21,WJL30106,2103070,찬성,2021-02-26
21,5KV96424,2103070,찬성,2021-02-26
21,KNM3215T,2103070,찬성,2021-02-26
21,UM51067K,2103070,찬성,2021-02-26
21,MY318392,2103070,찬성,2021-02-26
21,4T026790,2103070,찬성,2021-02-26
21,EH27538E,2103070,찬성,2021-02-26
21,WFU14784,2103070,찬성,2021-02-26
21,0WL9321T,2103070,찬성,2021-02-26
21,H5476989,2103070,찬성,2021-02-26
21,4L695580,2103070,찬성,2021-02-26
21,40E3739H,2103070,찬성,2021-02-26
21,RPN2293B,2103070,찬성,2021-02-26
21,V429892C,2103070,불참,2021-02-26
21,IN328264,2103070,찬성,2021-02-26
21,ZA54991S,2103070,찬성,2021-02-26
21,0827740Q,2103070,찬성,2021-02-26
21,WTR5885Y,2103070,찬성,2021-02-26
21,IOW1101J,2103070,불참,2021-02-26
21,25I8709Q,2103070,찬성,2021-02-26
21,XWX1513T,2103070,찬성,2021-02-26
21,BLC8630L,2103070,불참,2021-02-26
21,0767470D,2103070,불참,2021-02-26
21,LG63087O,2103070,불참,2021-02-26
21,DAN6731C,2103070,불참,2021-02-26
21,VG24001G,2103070,찬성,2021-02-26
21,I434361W,2103070,찬성,2021-02-26
21,9JF4562W,2103070,찬성,2021-02-26
21,Y7K5946R,2103070,반대,2021-02-26
21,SBK1544B,2103070,찬성,2021-02-26
21,8SV6917G,2103070,불참,2021-02-26
21,ZRF3039U,2103070,찬성,2021-02-26
21,V0O5343U,2103070,불참,2021-02-26
21,GAV6441G,2103070,불참,2021-02-26
21,7JC3239L,2103070,기권,2021-02-26
21,8KF7223D,2103070,찬성,2021-02-26
21,CNZ51556,2103070,찬성,2021-02-26
21,N4R2421C,2103070,불참,2021-02-26
21,GDG1847Z,2103070,찬성,2021-02-26
21,LNR7932L,2103070,불참,2021-02-26
21,O7R5461J,2103070,찬성,2021-02-26
21,VCP96419,2103070,찬성,2021-02-26
21,8VJ8533R,2103070,기권,2021-02-26
21,GX22581L,2103070,찬성,2021-02-26
21,SE233396,2103070,찬성,2021-02-26
21,52P3934K,2103070,찬성,2021-02-26
21,6399076T,2103070,찬성,2021-02-26
21,4U29186R,2103070,찬성,2021-02-26
21,L7T64271,2103070,찬성,2021-02-26
21,4X525582,2103070,기권,2021-02-26
21,G7512472,2103070,찬성,2021-02-26
21,3TO11703,2103070,찬성,2021-02-26
21,MU69217P,2103070,불참,2021-02-26
21,66W6739S,2103070,찬성,2021-02-26
21,LM13674V,2103070,불참,2021-02-26
21,QD25323M,2103070,찬성,2021-02-26
21,DAY6557K,2103070,찬성,2021-02-26
21,GP07421U,2103070,불참,2021-02-26
21,FGI27280,2103070,찬성,2021-02-26
21,USR7059P,2103070,반대,2021-02-26
21,4XG1439M,2103070,찬성,2021-02-26
21,P2N50879,2103070,찬성,2021-02-26
21,A0P4646G,2103070,불참,2021-02-26
21,A2V51235,2103070,찬성,2021-02-26
21,7I09543O,2103070,찬성,2021-02-26
21,3DK8989T,2103070,불참,2021-02-26
21,M6H1705E,2103070,찬성,2021-02-26
21,OFE45081,2103070,불참,2021-02-26
21,A3H7195R,2103070,찬성,2021-02-26
21,ZYH1940A,2103070,불참,2021-02-26
21,0VU8517U,2103070,불참,2021-02-26
21,HSW1214Q,2103070,찬성,2021-02-26
21,3BC6890E,2103070,반대,2021-02-26
21,KR14136C,2103070,불참,2021-02-26
21,5765663F,2103070,찬성,2021-02-26
21,ZKU88693,2103070,찬성,2021-02-26
21,M7T9712V,2103070,찬성,2021-02-26
21,60490713,2103070,찬성,2021-02-26
21,HKJ99607,2103070,찬성,2021-02-26
21,1WE5693J,2103070,불참,2021-02-26
21,X3170462,2103070,불참,2021-02-26
21,8FB1535Y,2103070,찬성,2021-02-26
21,SU53086M,2103070,찬성,2021-02-26
21,PZA4062H,2103070,찬성,2021-02-26
21,MR210505,2103070,찬성,2021-02-26
21,GF286398,2103070,찬성,2021-02-26
21,8348421R,2103070,찬성,2021-02-26
21,JQA21112,2103070,찬성,2021-02-26
21,HXT76735,2103070,찬성,2021-02-26
21,0R68099X,2103070,찬성,2021-02-26
21,4A067125,2103070,불참,2021-02-26
21,2385336L,2103070,찬성,2021-02-26
21,XBT9550Q,2103070,찬성,2021-02-26
21,MO52543L,2103070,불참,2021-02-26
21,0W194007,2103070,찬성,2021-02-26
21,X1K3667J,2103070,찬성,2021-02-26
21,WMG57662,2103070,찬성,2021-02-26
21,NCP9875N,2103070,찬성,2021-02-26
21,I5I2468R,2103070,불참,2021-02-26
21,L5P27909,2103070,불참,2021-02-26
21,3425169D,2103070,찬성,2021-02-26
21,ICH23251,2103070,불참,2021-02-26
21,OIA3741M,2103070,찬성,2021-02-26
21,6MO8786S,2103070,찬성,2021-02-26
21,CT85313K,2103070,찬성,2021-02-26
21,PAO22428,2103070,찬성,2021-02-26
21,NQR1206Q,2103070,찬성,2021-02-26
21,NAL4555X,2103070,불참,2021-02-26
21,OW53107J,2103070,찬성,2021-02-26
21,PEP6922S,2103070,찬성,2021-02-26
21,L2I9861C,2103070,불참,2021-02-26
21,WCD5518S,2103070,찬성,2021-02-26
21,SVH3899R,2103070,불참,2021-02-26
21,IOW8224X,2103070,찬성,2021-02-26
21,Z7Y7827F,2103070,찬성,2021-02-26
21,ATB59635,2103070,불참,2021-02-26
21,KUO3574J,2103070,찬성,2021-02-26
21,D6U6678O,2103070,찬성,2021-02-26
21,FU87526G,2103070,찬성,2021-02-26
21,S9U45255,2103070,찬성,2021-02-26
21,8FC9697X,2103070,찬성,2021-02-26
21,QKO6165V,2103070,찬성,2021-02-26
21,GD131760,2103070,불참,2021-02-26
21,68P7228G,2103070,찬성,2021-02-26
21,P0F1530P,2103070,불참,2021-02-26
21,XPP2564T,2103070,불참,2021-02-26
21,FRN1867O,2103070,찬성,2021-02-26
21,LQW3652K,2103070,불참,2021-02-26
21,RO593601,2103070,찬성,2021-02-26
21,PFG2137X,2103070,찬성,2021-02-26
21,UB114374,2103070,기권,2021-02-26
21,0YT3774N,2103070,찬성,2021-02-26
21,40S1959J,2103070,찬성,2021-02-26
21,IL74008M,2103070,불참,2021-02-26
21,8P37634C,2103070,찬성,2021-02-26
21,3C23171A,2103070,찬성,2021-02-26
21,P2N4585G,2103070,찬성,2021-02-26
21,TVF3669B,2103070,찬성,2021-02-26
21,JMY9959W,2103070,찬성,2021-02-26
21,7R156073,2103070,불참,2021-02-26
21,6AR6743G,2103070,불참,2021-02-26
21,J2O8643H,2103070,찬성,2021-02-26
21,6AU2417B,2103070,불참,2021-02-26
21,B7D7534L,2103070,찬성,2021-02-26
21,AFH96856,2103070,찬성,2021-02-26
21,B7H6207C,2103070,기권,2021-02-26
21,WHV3448W,2103070,찬성,2021-02-26
21,1Y73132H,2103070,불참,2021-02-26
21,I0S53762,2103070,찬성,2021-02-26
21,LH97552Q,2103070,불참,2021-02-26
21,TKJ4800F,2103070,찬성,2021-02-26
21,O6D8329R,2103070,불참,2021-02-26
21,04T3751T,2103070,찬성,2021-02-26
21,EVH1507C,2103070,찬성,2021-02-26
21,K5F2023J,2103070,찬성,2021-02-26
21,14M56632,2103070,불참,2021-02-26
21,N9X9673B,2103070,찬성,2021-02-26
21,5MD4184K,2103070,찬성,2021-02-26
21,6U243644,2103070,찬성,2021-02-26
21,E9R4507P,2103070,기권,2021-02-26
21,UHB5553T,2103070,찬성,2021-02-26
21,J9S37905,2103070,기권,2021-02-26
21,A494529E,2103070,찬성,2021-02-26
21,CAA7713A,2103070,불참,2021-02-26
21,0PK7354M,2103070,찬성,2021-02-26
21,O0I2045I,2103070,찬성,2021-02-26
21,QUM8288K,2103070,불참,2021-02-26
21,W4X85128,2103070,반대,2021-02-26
21,CFE3998F,2103070,불참,2021-02-26
21,JZY9937U,2103070,찬성,2021-02-26
21,MRK4871S,2103070,기권,2021-02-26
21,YKW37422,2103070,불참,2021-02-26
21,M7O7878U,2103070,찬성,2021-02-26
21,YLS4431M,2103070,불참,2021-02-26
21,MNZ4401T,2103070,찬성,2021-02-26
21,3ZR4438W,2103070,불참,2021-02-26
21,16D7652C,2103070,찬성,2021-02-26
21,KB04377U,2103070,기권,2021-02-26
21,FU53642G,2103070,찬성,2021-02-26
21,MLH1404S,2103070,찬성,2021-02-26
21,IUL4848V,2103070,찬성,2021-02-26
21,JEZ3130Q,2103070,불참,2021-02-26
21,BCQ55105,2103070,찬성,2021-02-26
21,9L57027L,2103070,찬성,2021-02-26
21,5UN9725L,2103070,찬성,2021-02-26
21,M2Q9024I,2103070,불참,2021-02-26
21,DBA1057Z,2103070,찬성,2021-02-26
21,C7E79345,2103070,불참,2021-02-26
21,4019850M,2103070,찬성,2021-02-26
21,UQ282145,2103070,찬성,2021-02-26
21,9YO73104,2103070,불참,2021-02-26
21,TRE2429O,2103070,찬성,2021-02-26
21,E6U4345C,2103070,찬성,2021-02-26
21,7BM2933Y,2103070,찬성,2021-02-26
21,9VR65006,2103070,불참,2021-02-26
21,X7I4680R,2103070,찬성,2021-02-26
21,XJC13432,2103070,찬성,2021-02-26
21,D0C85236,2103070,찬성,2021-02-26
21,XSP20229,2103070,찬성,2021-02-26
21,3RW63706,2103070,찬성,2021-02-26
21,RQQ3807K,2103070,찬성,2021-02-26
21,FH777496,2103070,찬성,2021-02-26
21,8X15119P,2103070,불참,2021-02-26
21,ZYP7962W,2103070,불참,2021-02-26
21,CNW5754J,2103070,찬성,2021-02-26
21,3249208I,2103070,찬성,2021-02-26
21,GX38539O,2103070,찬성,2021-02-26
21,8Q88373R,2103070,불참,2021-02-26
21,XEF29171,2103070,찬성,2021-02-26
21,QTW6852F,2103070,불참,2021-02-26
21,DAV7257X,2103070,불참,2021-02-26
21,GE71932C,2103070,기권,2021-02-26
21,G152611B,2103070,찬성,2021-02-26
21,I7R13867,2103070,찬성,2021-02-26
21,SQ36001H,2103070,불참,2021-02-26
21,G1570880,2103070,불참,2021-02-26
21,QUO78839,2103070,불참,2021-02-26
21,LPB30152,2103070,불참,2021-02-26
21,MD083627,2103070,찬성,2021-02-26
21,6V37131U,2103070,찬성,2021-02-26
21,OSV9142K,2103070,찬성,2021-02-26
21,B7R2742J,2103070,찬성,2021-02-26
21,FJK3396E,2103070,찬성,2021-02-26
21,ZDP5704Q,2103070,찬성,2021-02-26
21,7O71647Z,2103070,찬성,2021-02-26
21,W1Q6753M,2103070,찬성,2021-02-26
21,MHK9919B,2103070,반대,2021-02-26
21,E1J8836Y,2103070,찬성,2021-02-26
21,AE685067,2103070,찬성,2021-02-26
21,TJW93720,2103070,찬성,2021-02-26
21,9S151177,2103070,찬성,2021-02-26
21,XA42275R,2103070,찬성,2021-02-26
21,PO64874I,2103070,찬성,2021-02-26
21,BM63269Y,2105218,불참,2021-06-29
21,8VY63414,2105218,찬성,2021-06-29
21,XR24352K,2105218,찬성,2021-06-29
21,QQP4727N,2105218,불참,2021-06-29
21,IUL4848V,2105218,불참,2021-06-29
21,JEZ3130Q,2105218,불참,2021-06-29
21,9L57027L,2105218,찬성,2021-06-29
21,LJK4960Z,2105218,찬성,2021-06-29
21,DBA1057Z,2105218,불참,2021-06-29
21,CI15627C,2105218,불참,2021-06-29
21,C7E79345,2105218,불참,2021-06-29
21,4019850M,2105218,찬성,2021-06-29
21,UQ282145,2105218,찬성,2021-06-29
21,2UD1340H,2105218,찬성,2021-06-29
21,X7I4680R,2105218,찬성,2021-06-29
21,XSP20229,2105218,찬성,2021-06-29
21,T465023H,2105218,찬성,2021-06-29
21,7XY7109I,2105218,불참,2021-06-29
21,TST4507I,2105218,찬성,2021-06-29
21,JC14718Q,2105218,찬성,2021-06-29
21,5KV82250,2105218,찬성,2021-06-29
21,LT72093S,2105218,불참,2021-06-29
21,1MU99298,2105218,찬성,2021-06-29
21,FDC3144T,2105218,찬성,2021-06-29
21,17M85910,2105218,찬성,2021-06-29
21,G152611B,2105218,불참,2021-06-29
21,9LD2641Q,2105218,찬성,2021-06-29
21,QUO78839,2105218,불참,2021-06-29
21,BT62420K,2105218,불참,2021-06-29
21,6V37131U,2105218,찬성,2021-06-29
21,RD42006Y,2105218,찬성,2021-06-29
21,1BX7234U,2105218,찬성,2021-06-29
21,QHL3248U,2105218,불참,2021-06-29
21,9V18755A,2105218,찬성,2021-06-29
21,XA42275R,2105218,찬성,2021-06-29
21,FIC9046Z,2105218,불참,2021-06-29
21,GKD32201,2105218,찬성,2021-06-29
21,S741317G,2105218,찬성,2021-06-29
21,2N793392,2105218,찬성,2021-06-29
21,QD25323M,2105218,찬성,2021-06-29
21,DAY6557K,2105218,찬성,2021-06-29
21,A0P4646G,2105218,찬성,2021-06-29
21,7I09543O,2105218,불참,2021-06-29
21,3DK8989T,2105218,불참,2021-06-29
21,7469929V,2105218,찬성,2021-06-29
21,09I2323E,2105218,불참,2021-06-29
21,A3H7195R,2105218,불참,2021-06-29
21,HSW1214Q,2105218,찬성,2021-06-29
21,ZDR63255,2105218,찬성,2021-06-29
21,5765663F,2105218,찬성,2021-06-29
21,GFF1986K,2105218,불참,2021-06-29
21,WJL30106,2105218,불참,2021-06-29
21,KNM3215T,2105218,찬성,2021-06-29
21,M7T9712V,2105218,찬성,2021-06-29
21,1WE5693J,2105218,불참,2021-06-29
21,X3170462,2105218,불참,2021-06-29
21,MY318392,2105218,불참,2021-06-29
21,4T026790,2105218,찬성,2021-06-29
21,EH27538E,2105218,찬성,2021-06-29
21,WFU14784,2105218,찬성,2021-06-29
21,GF286398,2105218,찬성,2021-06-29
21,8348421R,2105218,불참,2021-06-29
21,JQA21112,2105218,찬성,2021-06-29
21,4L695580,2105218,찬성,2021-06-29
21,40E3739H,2105218,찬성,2021-06-29
21,RPN2293B,2105218,찬성,2021-06-29
21,V429892C,2105218,불참,2021-06-29
21,ZA54991S,2105218,찬성,2021-06-29
21,0827740Q,2105218,찬성,2021-06-29
21,25I8709Q,2105218,찬성,2021-06-29
21,CT85313K,2105218,찬성,2021-06-29
21,PAO22428,2105218,불참,2021-06-29
21,BLC8630L,2105218,불참,2021-06-29
21,WCD5518S,2105218,찬성,2021-06-29
21,FU87526G,2105218,찬성,2021-06-29
21,S9U45255,2105218,불참,2021-06-29
21,V0O5343U,2105218,불참,2021-06-29
21,P0F1530P,2105218,불참,2021-06-29
21,FRN1867O,2105218,찬성,2021-06-29
21,GAV6441G,2105218,찬성,2021-06-29
21,CNZ51556,2105218,찬성,2021-06-29
21,N4R2421C,2105218,불참,2021-06-29
21,GDG1847Z,2105218,찬성,2021-06-29
21,O7R5461J,2105218,찬성,2021-06-29
21,VCP96419,2105218,찬성,2021-06-29
21,8VJ8533R,2105218,찬성,2021-06-29
21,52P3934K,2105218,불참,2021-06-29
21,6399076T,2105218,불참,2021-06-29
21,4U29186R,2105218,불참,2021-06-29
21,F5Y4026Q,2105218,찬성,2021-06-29
21,N9X9673B,2105218,찬성,2021-06-29
21,TP066860,2105218,찬성,2021-06-29
21,E9R4507P,2105218,찬성,2021-06-29
21,KFS1358P,2105218,찬성,2021-06-29
21,CAA7713A,2105218,찬성,2021-06-29
21,Z6R3959C,2105218,불참,2021-06-29
21,Q9H5708M,2105218,찬성,2021-06-29
21,MRK4871S,2105218,불참,2021-06-29
21,2NV6751W,2105218,찬성,2021-06-29
21,JNL7001A,2105218,불참,2021-06-29
21,L7T64271,2105218,찬성,2021-06-29
21,4X525582,2105218,불참,2021-06-29
21,G7512472,2105218,찬성,2021-06-29
21,3TO11703,2105218,찬성,2021-06-29
21,CCU1009B,2105218,찬성,2021-06-29
21,MU69217P,2105218,불참,2021-06-29
21,66W6739S,2105218,찬성,2021-06-29
21,LM13674V,2105218,불참,2021-06-29
21,GP07421U,2105218,찬성,2021-06-29
21,FGI27280,2105218,찬성,2021-06-29
21,USR7059P,2105218,찬성,2021-06-29
21,4XG1439M,2105218,찬성,2021-06-29
21,P2N50879,2105218,기권,2021-06-29
21,A2V51235,2105218,찬성,2021-06-29
21,1X376850,2105218,찬성,2021-06-29
21,D4L60530,2105218,불참,2021-06-29
21,M6H1705E,2105218,찬성,2021-06-29
21,OFE45081,2105218,찬성,2021-06-29
21,NTT8182Q,2105218,찬성,2021-06-29
21,ZYH1940A,2105218,불참,2021-06-29
21,0VU8517U,2105218,불참,2021-06-29
21,M0A1658U,2105218,찬성,2021-06-29
21,NZF1659U,2105218,불참,2021-06-29
21,WDS6044S,2105218,불참,2021-06-29
21,3BC6890E,2105218,찬성,2021-06-29
21,KR14136C,2105218,불참,2021-06-29
21,SRP7336N,2105218,불참,2021-06-29
21,ZKU88693,2105218,불참,2021-06-29
21,5KV96424,2105218,찬성,2021-06-29
21,60490713,2105218,찬성,2021-06-29
21,UM51067K,2105218,찬성,2021-06-29
21,HKJ99607,2105218,불참,2021-06-29
21,8FB1535Y,2105218,찬성,2021-06-29
21,SU53086M,2105218,찬성,2021-06-29
21,0WL9321T,2105218,찬성,2021-06-29
21,PZA4062H,2105218,찬성,2021-06-29
21,MR210505,2105218,불참,2021-06-29
21,H5476989,2105218,찬성,2021-06-29
21,HXT76735,2105218,찬성,2021-06-29
21,0R68099X,2105218,불참,2021-06-29
21,4A067125,2105218,불참,2021-06-29
21,2385336L,2105218,찬성,2021-06-29
21,IN328264,2105218,불참,2021-06-29
21,XBT9550Q,2105218,불참,2021-06-29
21,MO52543L,2105218,찬성,2021-06-29
21,0W194007,2105218,불참,2021-06-29
21,X1K3667J,2105218,찬성,2021-06-29
21,WMG57662,2105218,기권,2021-06-29
21,NCP9875N,2105218,찬성,2021-06-29
21,I5I2468R,2105218,찬성,2021-06-29
21,WTR5885Y,2105218,불참,2021-06-29
21,L5P27909,2105218,불참,2021-06-29
21,3425169D,2105218,찬성,2021-06-29
21,IOW1101J,2105218,불참,2021-06-29
21,ICH23251,2105218,불참,2021-06-29
21,OIA3741M,2105218,찬성,2021-06-29
21,6MO8786S,2105218,찬성,2021-06-29
21,XWX1513T,2105218,찬성,2021-06-29
21,NQR1206Q,2105218,불참,2021-06-29
21,0767470D,2105218,불참,2021-06-29
21,LG63087O,2105218,불참,2021-06-29
21,NAL4555X,2105218,불참,2021-06-29
21,OW53107J,2105218,찬성,2021-06-29
21,PEP6922S,2105218,불참,2021-06-29
21,DAN6731C,2105218,찬성,2021-06-29
21,VG24001G,2105218,찬성,2021-06-29
21,L2I9861C,2105218,불참,2021-06-29
21,SVH3899R,2105218,찬성,2021-06-29
21,I434361W,2105218,찬성,2021-06-29
21,IOW8224X,2105218,찬성,2021-06-29
21,9JF4562W,2105218,찬성,2021-06-29
21,Y7K5946R,2105218,찬성,2021-06-29
21,Z7Y7827F,2105218,찬성,2021-06-29
21,ATB59635,2105218,찬성,2021-06-29
21,SBK1544B,2105218,찬성,2021-06-29
21,KUO3574J,2105218,찬성,2021-06-29
21,D6U6678O,2105218,찬성,2021-06-29
21,8SV6917G,2105218,불참,2021-06-29
21,8FC9697X,2105218,불참,2021-06-29
21,QKO6165V,2105218,찬성,2021-06-29
21,GD131760,2105218,불참,2021-06-29
21,ZRF3039U,2105218,찬성,2021-06-29
21,68P7228G,2105218,찬성,2021-06-29
21,XPP2564T,2105218,불참,2021-06-29
21,LQW3652K,2105218,찬성,2021-06-29
21,RO593601,2105218,찬성,2021-06-29
21,PFG2137X,2105218,찬성,2021-06-29
21,UB114374,2105218,찬성,2021-06-29
21,0YT3774N,2105218,찬성,2021-06-29
21,7JC3239L,2105218,불참,2021-06-29
21,40S1959J,2105218,찬성,2021-06-29
21,IL74008M,2105218,찬성,2021-06-29
21,8KF7223D,2105218,찬성,2021-06-29
21,8P37634C,2105218,찬성,2021-06-29
21,3C23171A,2105218,찬성,2021-06-29
21,P2N4585G,2105218,찬성,2021-06-29
21,TVF3669B,2105218,불참,2021-06-29
21,JMY9959W,2105218,찬성,2021-06-29
21,7R156073,2105218,불참,2021-06-29
21,6AR6743G,2105218,불참,2021-06-29
21,J2O8643H,2105218,찬성,2021-06-29
21,6AU2417B,2105218,찬성,2021-06-29
21,B7D7534L,2105218,찬성,2021-06-29
21,GX22581L,2105218,찬성,2021-06-29
21,SE233396,2105218,찬성,2021-06-29
21,AFH96856,2105218,찬성,2021-06-29
21,B7H6207C,2105218,찬성,2021-06-29
21,WHV3448W,2105218,불참,2021-06-29
21,1Y73132H,2105218,찬성,2021-06-29
21,I0S53762,2105218,불참,2021-06-29
21,LH97552Q,2105218,찬성,2021-06-29
21,TKJ4800F,2105218,불참,2021-06-29
21,O6D8329R,2105218,찬성,2021-06-29
21,04T3751T,2105218,찬성,2021-06-29
21,MSY7784L,2105218,불참,2021-06-29
21,EVH1507C,2105218,찬성,2021-06-29
21,K5F2023J,2105218,찬성,2021-06-29
21,14M56632,2105218,불참,2021-06-29
21,5MD4184K,2105218,찬성,2021-06-29
21,5K93695T,2105218,찬성,2021-06-29
21,DPZ7685X,2105218,찬성,2021-06-29
21,6U243644,2105218,찬성,2021-06-29
21,UHB5553T,2105218,찬성,2021-06-29
21,J9S37905,2105218,불참,2021-06-29
21,A494529E,2105218,찬성,2021-06-29
21,VRY5522V,2105218,찬성,2021-06-29
21,0PK7354M,2105218,찬성,2021-06-29
21,O0I2045I,2105218,찬성,2021-06-29
21,CZB4125D,2105218,불참,2021-06-29
21,QUM8288K,2105218,찬성,2021-06-29
21,UGH6481E,2105218,찬성,2021-06-29
21,S824682L,2105218,찬성,2021-06-29
21,W4X85128,2105218,불참,2021-06-29
21,CFE3998F,2105218,불참,2021-06-29
21,JZY9937U,2105218,찬성,2021-06-29
21,YKW37422,2105218,불참,2021-06-29
21,M7O7878U,2105218,찬성,2021-06-29
21,YLS4431M,2105218,불참,2021-06-29
21,MNZ4401T,2105218,불참,2021-06-29
21,3ZR4438W,2105218,불참,2021-06-29
21,HSS7466Y,2105218,찬성,2021-06-29
21,16D7652C,2105218,불참,2021-06-29
21,KB04377U,2105218,불참,2021-06-29
21,FU53642G,2105218,찬성,2021-06-29
21,MLH1404S,2105218,불참,2021-06-29
21,BCQ55105,2105218,찬성,2021-06-29
21,GOC54665,2105218,불참,2021-06-29
21,5UN9725L,2105218,불참,2021-06-29
21,K3W33496,2105218,찬성,2021-06-29
21,M2Q9024I,2105218,불참,2021-06-29
21,21N57758,2105218,불참,2021-06-29
21,9YO73104,2105218,찬성,2021-06-29
21,TRE2429O,2105218,불참,2021-06-29
21,E6U4345C,2105218,찬성,2021-06-29
21,7BM2933Y,2105218,찬성,2021-06-29
21,CDL93608,2105218,찬성,2021-06-29
21,9VR65006,2105218,불참,2021-06-29
21,EMC8812P,2105218,찬성,2021-06-29
21,XJC13432,2105218,찬성,2021-06-29
21,D0C85236,2105218,불참,2021-06-29
21,3RW63706,2105218,찬성,2021-06-29
21,RQQ3807K,2105218,찬성,2021-06-29
21,FH777496,2105218,찬성,2021-06-29
21,FYI20317,2105218,찬성,2021-06-29
21,8X15119P,2105218,불참,2021-06-29
21,ZYP7962W,2105218,불참,2021-06-29
21,CNW5754J,2105218,찬성,2021-06-29
21,3249208I,2105218,불참,2021-06-29
21,GX38539O,2105218,찬성,2021-06-29
21,8Q88373R,2105218,불참,2021-06-29
21,XEF29171,2105218,찬성,2021-06-29
21,WVU2479T,2105218,불참,2021-06-29
21,9D939735,2105218,불참,2021-06-29
21,QTW6852F,2105218,불참,2021-06-29
21,L7J93733,2105218,찬성,2021-06-29
21,DAV7257X,2105218,찬성,2021-06-29
21,GE71932C,2105218,불참,2021-06-29
21,6YT83269,2105218,불참,2021-06-29
21,I7R13867,2105218,찬성,2021-06-29
21,SQ36001H,2105218,찬성,2021-06-29
21,G1570880,2105218,찬성,2021-06-29
21,FOK3459D,2105218,찬성,2021-06-29
21,LPB30152,2105218,불참,2021-06-29
21,MD083627,2105218,찬성,2021-06-29
21,TZP9391O,2105218,찬성,2021-06-29
21,OSV9142K,2105218,찬성,2021-06-29
21,B7R2742J,2105218,찬성,2021-06-29
21,FJK3396E,2105218,찬성,2021-06-29
21,ZDP5704Q,2105218,찬성,2021-06-29
21,71J2365L,2105218,찬성,2021-06-29
21,7O71647Z,2105218,찬성,2021-06-29
21,W1Q6753M,2105218,불참,2021-06-29
21,MHK9919B,2105218,찬성,2021-06-29
21,E1J8836Y,2105218,찬성,2021-06-29
21,6EN68926,2105218,불참,2021-06-29
21,AE685067,2105218,찬성,2021-06-29
21,TJW93720,2105218,찬성,2021-06-29
21,9S151177,2105218,찬성,2021-06-29
21,TZ228122,2105218,찬성,2021-06-29
21,PO64874I,2105218,찬성,2021-06-29
21,EMC8812P,2103414,찬성,2021-03-24
21,T465023H,2103414,찬성,2021-03-24
21,7XY7109I,2103414,찬성,2021-03-24
21,TST4507I,2103414,찬성,2021-03-24
21,JC14718Q,2103414,불참,2021-03-24
21,5KV82250,2103414,불참,2021-03-24
21,L7J93733,2103414,찬성,2021-03-24
21,6YT83269,2103414,찬성,2021-03-24
21,1MU99298,2103414,찬성,2021-03-24
21,FDC3144T,2103414,찬성,2021-03-24
21,17M85910,2103414,찬성,2021-03-24
21,9LD2641Q,2103414,찬성,2021-03-24
21,FOK3459D,2103414,찬성,2021-03-24
21,BT62420K,2103414,찬성,2021-03-24
21,71J2365L,2103414,찬성,2021-03-24
21,6EN68926,2103414,불참,2021-03-24
21,1BX7234U,2103414,찬성,2021-03-24
21,QHL3248U,2103414,찬성,2021-03-24
21,9V18755A,2103414,찬성,2021-03-24
21,JNL7001A,2103414,찬성,2021-03-24
21,GKD32201,2103414,찬성,2021-03-24
21,S741317G,2103414,찬성,2021-03-24
21,2N793392,2103414,찬성,2021-03-24
21,QD25323M,2103414,찬성,2021-03-24
21,1X376850,2103414,찬성,2021-03-24
21,D4L60530,2103414,불참,2021-03-24
21,NTT8182Q,2103414,찬성,2021-03-24
21,M0A1658U,2103414,찬성,2021-03-24
21,NZF1659U,2103414,불참,2021-03-24
21,WDS6044S,2103414,찬성,2021-03-24
21,ZDR63255,2103414,찬성,2021-03-24
21,GFF1986K,2103414,찬성,2021-03-24
21,WJL30106,2103414,불참,2021-03-24
21,KNM3215T,2103414,찬성,2021-03-24
21,MY318392,2103414,불참,2021-03-24
21,4T026790,2103414,찬성,2021-03-24
21,WFU14784,2103414,찬성,2021-03-24
21,0WL9321T,2103414,찬성,2021-03-24
21,4L695580,2103414,찬성,2021-03-24
21,RPN2293B,2103414,불참,2021-03-24
21,V429892C,2103414,찬성,2021-03-24
21,ZA54991S,2103414,찬성,2021-03-24
21,WTR5885Y,2103414,찬성,2021-03-24
21,IOW1101J,2103414,불참,2021-03-24
21,25I8709Q,2103414,찬성,2021-03-24
21,BLC8630L,2103414,불참,2021-03-24
21,0767470D,2103414,불참,2021-03-24
21,DAN6731C,2103414,불참,2021-03-24
21,VG24001G,2103414,찬성,2021-03-24
21,I434361W,2103414,찬성,2021-03-24
21,9JF4562W,2103414,기권,2021-03-24
21,Y7K5946R,2103414,찬성,2021-03-24
21,SBK1544B,2103414,찬성,2021-03-24
21,8SV6917G,2103414,불참,2021-03-24
21,ZRF3039U,2103414,찬성,2021-03-24
21,V0O5343U,2103414,찬성,2021-03-24
21,7JC3239L,2103414,불참,2021-03-24
21,CNZ51556,2103414,찬성,2021-03-24
21,N4R2421C,2103414,불참,2021-03-24
21,LNR7932L,2103414,불참,2021-03-24
21,O7R5461J,2103414,불참,2021-03-24
21,GX22581L,2103414,불참,2021-03-24
21,6399076T,2103414,찬성,2021-03-24
21,4U29186R,2103414,찬성,2021-03-24
21,F5Y4026Q,2103414,불참,2021-03-24
21,MSY7784L,2103414,불참,2021-03-24
21,5K93695T,2103414,불참,2021-03-24
21,KFS1358P,2103414,찬성,2021-03-24
21,VRY5522V,2103414,불참,2021-03-24
21,CZB4125D,2103414,불참,2021-03-24
21,Z6R3959C,2103414,불참,2021-03-24
21,UGH6481E,2103414,찬성,2021-03-24
21,Q9H5708M,2103414,찬성,2021-03-24
21,2NV6751W,2103414,찬성,2021-03-24
21,BM63269Y,2103414,불참,2021-03-24
21,XR24352K,2103414,찬성,2021-03-24
21,QQP4727N,2103414,찬성,2021-03-24
21,GOC54665,2103414,찬성,2021-03-24
21,LJK4960Z,2103414,찬성,2021-03-24
21,K3W33496,2103414,찬성,2021-03-24
21,CI15627C,2103414,찬성,2021-03-24
21,21N57758,2103414,찬성,2021-03-24
21,2UD1340H,2103414,찬성,2021-03-24
21,L7T64271,2103414,찬성,2021-03-24
21,4X525582,2103414,불참,2021-03-24
21,G7512472,2103414,찬성,2021-03-24
21,3TO11703,2103414,찬성,2021-03-24
21,CCU1009B,2103414,찬성,2021-03-24
21,MU69217P,2103414,찬성,2021-03-24
21,66W6739S,2103414,기권,2021-03-24
21,LM13674V,2103414,불참,2021-03-24
21,DAY6557K,2103414,찬성,2021-03-24
21,GP07421U,2103414,찬성,2021-03-24
21,FGI27280,2103414,찬성,2021-03-24
21,USR7059P,2103414,불참,2021-03-24
21,4XG1439M,2103414,찬성,2021-03-24
21,P2N50879,2103414,찬성,2021-03-24
21,A0P4646G,2103414,찬성,2021-03-24
21,A2V51235,2103414,찬성,2021-03-24
21,7I09543O,2103414,불참,2021-03-24
21,3DK8989T,2103414,불참,2021-03-24
21,7469929V,2103414,찬성,2021-03-24
21,M6H1705E,2103414,불참,2021-03-24
21,OFE45081,2103414,찬성,2021-03-24
21,09I2323E,2103414,불참,2021-03-24
21,A3H7195R,2103414,찬성,2021-03-24
21,ZYH1940A,2103414,불참,2021-03-24
21,0VU8517U,2103414,불참,2021-03-24
21,HSW1214Q,2103414,불참,2021-03-24
21,3BC6890E,2103414,찬성,2021-03-24
21,KR14136C,2103414,불참,2021-03-24
21,SRP7336N,2103414,불참,2021-03-24
21,5765663F,2103414,찬성,2021-03-24
21,ZKU88693,2103414,불참,2021-03-24
21,5KV96424,2103414,불참,2021-03-24
21,M7T9712V,2103414,기권,2021-03-24
21,60490713,2103414,찬성,2021-03-24
21,UM51067K,2103414,찬성,2021-03-24
21,HKJ99607,2103414,찬성,2021-03-24
21,1WE5693J,2103414,찬성,2021-03-24
21,X3170462,2103414,불참,2021-03-24
21,8FB1535Y,2103414,찬성,2021-03-24
21,EH27538E,2103414,찬성,2021-03-24
21,SU53086M,2103414,찬성,2021-03-24
21,PZA4062H,2103414,찬성,2021-03-24
21,MR210505,2103414,찬성,2021-03-24
21,GF286398,2103414,찬성,2021-03-24
21,8348421R,2103414,찬성,2021-03-24
21,H5476989,2103414,찬성,2021-03-24
21,JQA21112,2103414,찬성,2021-03-24
21,40E3739H,2103414,찬성,2021-03-24
21,HXT76735,2103414,찬성,2021-03-24
21,0R68099X,2103414,찬성,2021-03-24
21,4A067125,2103414,불참,2021-03-24
21,2385336L,2103414,불참,2021-03-24
21,IN328264,2103414,찬성,2021-03-24
21,XBT9550Q,2103414,불참,2021-03-24
21,MO52543L,2103414,찬성,2021-03-24
21,0827740Q,2103414,찬성,2021-03-24
21,0W194007,2103414,찬성,2021-03-24
21,X1K3667J,2103414,찬성,2021-03-24
21,WMG57662,2103414,찬성,2021-03-24
21,NCP9875N,2103414,찬성,2021-03-24
21,I5I2468R,2103414,찬성,2021-03-24
21,L5P27909,2103414,불참,2021-03-24
21,3425169D,2103414,찬성,2021-03-24
21,ICH23251,2103414,찬성,2021-03-24
21,OIA3741M,2103414,불참,2021-03-24
21,6MO8786S,2103414,찬성,2021-03-24
21,XWX1513T,2103414,불참,2021-03-24
21,CT85313K,2103414,불참,2021-03-24
21,PAO22428,2103414,불참,2021-03-24
21,NQR1206Q,2103414,찬성,2021-03-24
21,LG63087O,2103414,불참,2021-03-24
21,NAL4555X,2103414,불참,2021-03-24
21,OW53107J,2103414,찬성,2021-03-24
21,PEP6922S,2103414,찬성,2021-03-24
21,L2I9861C,2103414,찬성,2021-03-24
21,WCD5518S,2103414,불참,2021-03-24
21,SVH3899R,2103414,찬성,2021-03-24
21,IOW8224X,2103414,찬성,2021-03-24
21,Z7Y7827F,2103414,찬성,2021-03-24
21,ATB59635,2103414,찬성,2021-03-24
21,KUO3574J,2103414,찬성,2021-03-24
21,D6U6678O,2103414,기권,2021-03-24
21,FU87526G,2103414,찬성,2021-03-24
21,S9U45255,2103414,찬성,2021-03-24
21,8FC9697X,2103414,불참,2021-03-24
21,QKO6165V,2103414,찬성,2021-03-24
21,GD131760,2103414,불참,2021-03-24
21,68P7228G,2103414,찬성,2021-03-24
21,P0F1530P,2103414,불참,2021-03-24
21,XPP2564T,2103414,불참,2021-03-24
21,FRN1867O,2103414,찬성,2021-03-24
21,LQW3652K,2103414,찬성,2021-03-24
21,RO593601,2103414,찬성,2021-03-24
21,PFG2137X,2103414,찬성,2021-03-24
21,UB114374,2103414,기권,2021-03-24
21,GAV6441G,2103414,찬성,2021-03-24
21,0YT3774N,2103414,찬성,2021-03-24
21,40S1959J,2103414,불참,2021-03-24
21,IL74008M,2103414,불참,2021-03-24
21,8KF7223D,2103414,찬성,2021-03-24
21,8P37634C,2103414,찬성,2021-03-24
21,3C23171A,2103414,불참,2021-03-24
21,GDG1847Z,2103414,불참,2021-03-24
21,P2N4585G,2103414,찬성,2021-03-24
21,TVF3669B,2103414,불참,2021-03-24
21,JMY9959W,2103414,찬성,2021-03-24
21,7R156073,2103414,불참,2021-03-24
21,6AR6743G,2103414,찬성,2021-03-24
21,J2O8643H,2103414,찬성,2021-03-24
21,VCP96419,2103414,찬성,2021-03-24
21,6AU2417B,2103414,찬성,2021-03-24
21,8VJ8533R,2103414,불참,2021-03-24
21,B7D7534L,2103414,불참,2021-03-24
21,SE233396,2103414,찬성,2021-03-24
21,AFH96856,2103414,찬성,2021-03-24
21,52P3934K,2103414,찬성,2021-03-24
21,B7H6207C,2103414,불참,2021-03-24
21,WHV3448W,2103414,찬성,2021-03-24
21,1Y73132H,2103414,불참,2021-03-24
21,I0S53762,2103414,불참,2021-03-24
21,LH97552Q,2103414,찬성,2021-03-24
21,TKJ4800F,2103414,불참,2021-03-24
21,O6D8329R,2103414,찬성,2021-03-24
21,04T3751T,2103414,찬성,2021-03-24
21,EVH1507C,2103414,찬성,2021-03-24
21,K5F2023J,2103414,불참,2021-03-24
21,14M56632,2103414,불참,2021-03-24
21,N9X9673B,2103414,불참,2021-03-24
21,5MD4184K,2103414,찬성,2021-03-24
21,TP066860,2103414,불참,2021-03-24
21,DPZ7685X,2103414,불참,2021-03-24
21,6U243644,2103414,찬성,2021-03-24
21,E9R4507P,2103414,찬성,2021-03-24
21,UHB5553T,2103414,기권,2021-03-24
21,J9S37905,2103414,찬성,2021-03-24
21,A494529E,2103414,찬성,2021-03-24
21,CAA7713A,2103414,찬성,2021-03-24
21,0PK7354M,2103414,찬성,2021-03-24
21,O0I2045I,2103414,찬성,2021-03-24
21,QUM8288K,2103414,불참,2021-03-24
21,S824682L,2103414,불참,2021-03-24
21,W4X85128,2103414,불참,2021-03-24
21,CFE3998F,2103414,찬성,2021-03-24
21,JZY9937U,2103414,찬성,2021-03-24
21,MRK4871S,2103414,찬성,2021-03-24
21,YKW37422,2103414,불참,2021-03-24
21,M7O7878U,2103414,찬성,2021-03-24
21,YLS4431M,2103414,불참,2021-03-24
21,MNZ4401T,2103414,불참,2021-03-24
21,3ZR4438W,2103414,불참,2021-03-24
21,HSS7466Y,2103414,찬성,2021-03-24
21,16D7652C,2103414,기권,2021-03-24
21,KB04377U,2103414,불참,2021-03-24
21,FU53642G,2103414,찬성,2021-03-24
21,MLH1404S,2103414,불참,2021-03-24
21,8VY63414,2103414,찬성,2021-03-24
21,IUL4848V,2103414,찬성,2021-03-24
21,JEZ3130Q,2103414,찬성,2021-03-24
21,BCQ55105,2103414,찬성,2021-03-24
21,9L57027L,2103414,찬성,2021-03-24
21,5UN9725L,2103414,불참,2021-03-24
21,M2Q9024I,2103414,불참,2021-03-24
21,DBA1057Z,2103414,찬성,2021-03-24
21,C7E79345,2103414,불참,2021-03-24
21,4019850M,2103414,찬성,2021-03-24
21,UQ282145,2103414,불참,2021-03-24
21,9YO73104,2103414,불참,2021-03-24
21,TRE2429O,2103414,찬성,2021-03-24
21,E6U4345C,2103414,찬성,2021-03-24
21,7BM2933Y,2103414,찬성,2021-03-24
21,CDL93608,2103414,불참,2021-03-24
21,9VR65006,2103414,불참,2021-03-24
21,X7I4680R,2103414,찬성,2021-03-24
21,XJC13432,2103414,불참,2021-03-24
21,D0C85236,2103414,불참,2021-03-24
21,XSP20229,2103414,불참,2021-03-24
21,3RW63706,2103414,찬성,2021-03-24
21,RQQ3807K,2103414,찬성,2021-03-24
21,FH777496,2103414,찬성,2021-03-24
21,FYI20317,2103414,찬성,2021-03-24
21,8X15119P,2103414,불참,2021-03-24
21,ZYP7962W,2103414,불참,2021-03-24
21,CNW5754J,2103414,찬성,2021-03-24
21,3249208I,2103414,찬성,2021-03-24
21,GX38539O,2103414,찬성,2021-03-24
21,8Q88373R,2103414,찬성,2021-03-24
21,XEF29171,2103414,찬성,2021-03-24
21,WVU2479T,2103414,찬성,2021-03-24
21,9D939735,2103414,찬성,2021-03-24
21,QTW6852F,2103414,불참,2021-03-24
21,DAV7257X,2103414,찬성,2021-03-24
21,LT72093S,2103414,찬성,2021-03-24
21,GE71932C,2103414,찬성,2021-03-24
21,G152611B,2103414,불참,2021-03-24
21,I7R13867,2103414,찬성,2021-03-24
21,SQ36001H,2103414,찬성,2021-03-24
21,G1570880,2103414,찬성,2021-03-24
21,QUO78839,2103414,불참,2021-03-24
21,LPB30152,2103414,찬성,2021-03-24
21,MD083627,2103414,찬성,2021-03-24
21,TZP9391O,2103414,찬성,2021-03-24
21,6V37131U,2103414,찬성,2021-03-24
21,OSV9142K,2103414,찬성,2021-03-24
21,B7R2742J,2103414,찬성,2021-03-24
21,FJK3396E,2103414,찬성,2021-03-24
21,ZDP5704Q,2103414,찬성,2021-03-24
21,7O71647Z,2103414,찬성,2021-03-24
21,W1Q6753M,2103414,찬성,2021-03-24
21,MHK9919B,2103414,불참,2021-03-24
21,E1J8836Y,2103414,찬성,2021-03-24
21,RD42006Y,2103414,찬성,2021-03-24
21,AE685067,2103414,찬성,2021-03-24
21,TJW93720,2103414,찬성,2021-03-24
21,9S151177,2103414,불참,2021-03-24
21,TZ228122,2103414,불참,2021-03-24
21,XA42275R,2103414,찬성,2021-03-24
21,PO64874I,2103414,찬성,2021-03-24
21,FIC9046Z,2112216,반대,2021-08-31
21,JNL7001A,2112216,찬성,2021-08-31
21,GKD32201,2112216,찬성,2021-08-31
21,S741317G,2112216,찬성,2021-08-31
21,CCU1009B,2112216,찬성,2021-08-31
21,MU69217P,2112216,불참,2021-08-31
21,2N793392,2112216,찬성,2021-08-31
21,QD25323M,2112216,불참,2021-08-31
21,FGI27280,2112216,찬성,2021-08-31
21,4XG1439M,2112216,찬성,2021-08-31
21,7I09543O,2112216,찬성,2021-08-31
21,3DK8989T,2112216,찬성,2021-08-31
21,7469929V,2112216,불참,2021-08-31
21,09I2323E,2112216,찬성,2021-08-31
21,A3H7195R,2112216,찬성,2021-08-31
21,ZYH1940A,2112216,불참,2021-08-31
21,M0A1658U,2112216,찬성,2021-08-31
21,HSW1214Q,2112216,찬성,2021-08-31
21,NZF1659U,2112216,찬성,2021-08-31
21,WDS6044S,2112216,찬성,2021-08-31
21,3BC6890E,2112216,찬성,2021-08-31
21,ZDR63255,2112216,반대,2021-08-31
21,SRP7336N,2112216,찬성,2021-08-31
21,5765663F,2112216,찬성,2021-08-31
21,GFF1986K,2112216,찬성,2021-08-31
21,WJL30106,2112216,불참,2021-08-31
21,5KV96424,2112216,찬성,2021-08-31
21,60490713,2112216,기권,2021-08-31
21,1WE5693J,2112216,찬성,2021-08-31
21,MY318392,2112216,불참,2021-08-31
21,4T026790,2112216,찬성,2021-08-31
21,WFU14784,2112216,찬성,2021-08-31
21,GF286398,2112216,불참,2021-08-31
21,JQA21112,2112216,찬성,2021-08-31
21,4L695580,2112216,반대,2021-08-31
21,40E3739H,2112216,불참,2021-08-31
21,RPN2293B,2112216,찬성,2021-08-31
21,V429892C,2112216,찬성,2021-08-31
21,XBT9550Q,2112216,기권,2021-08-31
21,ZA54991S,2112216,불참,2021-08-31
21,MO52543L,2112216,불참,2021-08-31
21,0827740Q,2112216,찬성,2021-08-31
21,L5P27909,2112216,찬성,2021-08-31
21,IOW1101J,2112216,찬성,2021-08-31
21,ICH23251,2112216,기권,2021-08-31
21,25I8709Q,2112216,찬성,2021-08-31
21,6MO8786S,2112216,불참,2021-08-31
21,XWX1513T,2112216,불참,2021-08-31
21,CT85313K,2112216,불참,2021-08-31
21,PAO22428,2112216,찬성,2021-08-31
21,BLC8630L,2112216,찬성,2021-08-31
21,NQR1206Q,2112216,찬성,2021-08-31
21,WCD5518S,2112216,반대,2021-08-31
21,SVH3899R,2112216,찬성,2021-08-31
21,SBK1544B,2112216,찬성,2021-08-31
21,D6U6678O,2112216,찬성,2021-08-31
21,8FC9697X,2112216,반대,2021-08-31
21,QKO6165V,2112216,불참,2021-08-31
21,ZRF3039U,2112216,찬성,2021-08-31
21,V0O5343U,2112216,불참,2021-08-31
21,FRN1867O,2112216,불참,2021-08-31
21,LQW3652K,2112216,찬성,2021-08-31
21,GAV6441G,2112216,반대,2021-08-31
21,7JC3239L,2112216,찬성,2021-08-31
21,8P37634C,2112216,기권,2021-08-31
21,CNZ51556,2112216,찬성,2021-08-31
21,GDG1847Z,2112216,찬성,2021-08-31
21,O7R5461J,2112216,찬성,2021-08-31
21,TVF3669B,2112216,찬성,2021-08-31
21,JMY9959W,2112216,찬성,2021-08-31
21,6AR6743G,2112216,찬성,2021-08-31
21,VCP96419,2112216,찬성,2021-08-31
21,8VJ8533R,2112216,찬성,2021-08-31
21,SE233396,2112216,찬성,2021-08-31
21,52P3934K,2112216,찬성,2021-08-31
21,6399076T,2112216,찬성,2021-08-31
21,4U29186R,2112216,찬성,2021-08-31
21,F5Y4026Q,2112216,찬성,2021-08-31
21,I0S53762,2112216,불참,2021-08-31
21,EVH1507C,2112216,찬성,2021-08-31
21,N9X9673B,2112216,찬성,2021-08-31
21,5K93695T,2112216,기권,2021-08-31
21,6U243644,2112216,찬성,2021-08-31
21,UHB5553T,2112216,불참,2021-08-31
21,KFS1358P,2112216,기권,2021-08-31
21,A494529E,2112216,반대,2021-08-31
21,VRY5522V,2112216,기권,2021-08-31
21,0PK7354M,2112216,불참,2021-08-31
21,S824682L,2112216,기권,2021-08-31
21,Q9H5708M,2112216,찬성,2021-08-31
21,CFE3998F,2112216,불참,2021-08-31
21,JZY9937U,2112216,찬성,2021-08-31
21,YKW37422,2112216,반대,2021-08-31
21,2NV6751W,2112216,불참,2021-08-31
21,BM63269Y,2112216,불참,2021-08-31
21,YLS4431M,2112216,찬성,2021-08-31
21,3ZR4438W,2112216,불참,2021-08-31
21,16D7652C,2112216,불참,2021-08-31
21,KB04377U,2112216,찬성,2021-08-31
21,8VY63414,2112216,찬성,2021-08-31
21,XR24352K,2112216,찬성,2021-08-31
21,QQP4727N,2112216,찬성,2021-08-31
21,JEZ3130Q,2112216,찬성,2021-08-31
21,9L57027L,2112216,찬성,2021-08-31
21,LJK4960Z,2112216,찬성,2021-08-31
21,M2Q9024I,2112216,불참,2021-08-31
21,DBA1057Z,2112216,찬성,2021-08-31
21,CI15627C,2112216,불참,2021-08-31
21,C7E79345,2112216,불참,2021-08-31
21,4019850M,2112216,찬성,2021-08-31
21,UQ282145,2112216,불참,2021-08-31
21,TRE2429O,2112216,불참,2021-08-31
21,CDL93608,2112216,찬성,2021-08-31
21,2UD1340H,2112216,기권,2021-08-31
21,9VR65006,2112216,불참,2021-08-31
21,X7I4680R,2112216,찬성,2021-08-31
21,XJC13432,2112216,찬성,2021-08-31
21,D0C85236,2112216,찬성,2021-08-31
21,XSP20229,2112216,불참,2021-08-31
21,T465023H,2112216,찬성,2021-08-31
21,3RW63706,2112216,기권,2021-08-31
21,8X15119P,2112216,불참,2021-08-31
21,CNW5754J,2112216,찬성,2021-08-31
21,GX38539O,2112216,찬성,2021-08-31
21,9D939735,2112216,찬성,2021-08-31
21,QTW6852F,2112216,기권,2021-08-31
21,TST4507I,2112216,찬성,2021-08-31
21,JC14718Q,2112216,기권,2021-08-31
21,5KV82250,2112216,찬성,2021-08-31
21,L7J93733,2112216,찬성,2021-08-31
21,LT72093S,2112216,찬성,2021-08-31
21,6YT83269,2112216,불참,2021-08-31
21,1MU99298,2112216,찬성,2021-08-31
21,FDC3144T,2112216,찬성,2021-08-31
21,17M85910,2112216,찬성,2021-08-31
21,G152611B,2112216,찬성,2021-08-31
21,9LD2641Q,2112216,찬성,2021-08-31
21,FOK3459D,2112216,찬성,2021-08-31
21,QUO78839,2112216,반대,2021-08-31
21,BT62420K,2112216,반대,2021-08-31
21,6V37131U,2112216,찬성,2021-08-31
21,OSV9142K,2112216,찬성,2021-08-31
21,FJK3396E,2112216,불참,2021-08-31
21,7O71647Z,2112216,반대,2021-08-31
21,MHK9919B,2112216,찬성,2021-08-31
21,1BX7234U,2112216,찬성,2021-08-31
21,QHL3248U,2112216,불참,2021-08-31
21,AE685067,2112216,찬성,2021-08-31
21,TJW93720,2112216,찬성,2021-08-31
21,TZ228122,2112216,찬성,2021-08-31
21,XA42275R,2112216,찬성,2021-08-31
21,PO64874I,2112216,기권,2021-08-31
21,WVU2479T,2112216,불참,2021-08-31
21,7XY7109I,2112216,불참,2021-08-31
21,DAV7257X,2112216,찬성,2021-08-31
21,GE71932C,2112216,반대,2021-08-31
21,I7R13867,2112216,찬성,2021-08-31
21,SQ36001H,2112216,불참,2021-08-31
21,G1570880,2112216,반대,2021-08-31
21,LPB30152,2112216,불참,2021-08-31
21,MD083627,2112216,기권,2021-08-31
21,TZP9391O,2112216,찬성,2021-08-31
21,B7R2742J,2112216,찬성,2021-08-31
21,ZDP5704Q,2112216,찬성,2021-08-31
21,71J2365L,2112216,찬성,2021-08-31
21,W1Q6753M,2112216,반대,2021-08-31
21,E1J8836Y,2112216,찬성,2021-08-31
21,RD42006Y,2112216,불참,2021-08-31
21,6EN68926,2112216,불참,2021-08-31
21,9S151177,2112216,불참,2021-08-31
21,9V18755A,2112216,기권,2021-08-31
21,GD131760,2112216,불참,2021-08-31
21,68P7228G,2112216,찬성,2021-08-31
21,P0F1530P,2112216,불참,2021-08-31
21,XPP2564T,2112216,불참,2021-08-31
21,RO593601,2112216,불참,2021-08-31
21,PFG2137X,2112216,찬성,2021-08-31
21,UB114374,2112216,불참,2021-08-31
21,0YT3774N,2112216,찬성,2021-08-31
21,40S1959J,2112216,기권,2021-08-31
21,IL74008M,2112216,찬성,2021-08-31
21,8KF7223D,2112216,찬성,2021-08-31
21,N4R2421C,2112216,불참,2021-08-31
21,3C23171A,2112216,반대,2021-08-31
21,P2N4585G,2112216,찬성,2021-08-31
21,7R156073,2112216,불참,2021-08-31
21,J2O8643H,2112216,찬성,2021-08-31
21,6AU2417B,2112216,찬성,2021-08-31
21,B7D7534L,2112216,찬성,2021-08-31
21,GX22581L,2112216,찬성,2021-08-31
21,AFH96856,2112216,찬성,2021-08-31
21,B7H6207C,2112216,찬성,2021-08-31
21,WHV3448W,2112216,찬성,2021-08-31
21,1Y73132H,2112216,불참,2021-08-31
21,LH97552Q,2112216,찬성,2021-08-31
21,TKJ4800F,2112216,찬성,2021-08-31
21,O6D8329R,2112216,반대,2021-08-31
21,04T3751T,2112216,찬성,2021-08-31
21,MSY7784L,2112216,불참,2021-08-31
21,K5F2023J,2112216,찬성,2021-08-31
21,14M56632,2112216,불참,2021-08-31
21,5MD4184K,2112216,찬성,2021-08-31
21,DPZ7685X,2112216,찬성,2021-08-31
21,E9R4507P,2112216,찬성,2021-08-31
21,J9S37905,2112216,불참,2021-08-31
21,CAA7713A,2112216,찬성,2021-08-31
21,O0I2045I,2112216,불참,2021-08-31
21,CZB4125D,2112216,불참,2021-08-31
21,Z6R3959C,2112216,찬성,2021-08-31
21,QUM8288K,2112216,불참,2021-08-31
21,UGH6481E,2112216,반대,2021-08-31
21,W4X85128,2112216,불참,2021-08-31
21,MRK4871S,2112216,불참,2021-08-31
21,M7O7878U,2112216,불참,2021-08-31
21,MNZ4401T,2112216,불참,2021-08-31
21,HSS7466Y,2112216,찬성,2021-08-31
21,FU53642G,2112216,반대,2021-08-31
21,MLH1404S,2112216,불참,2021-08-31
21,IUL4848V,2112216,불참,2021-08-31
21,BCQ55105,2112216,찬성,2021-08-31
21,GOC54665,2112216,찬성,2021-08-31
21,5UN9725L,2112216,불참,2021-08-31
21,K3W33496,2112216,불참,2021-08-31
21,21N57758,2112216,불참,2021-08-31
21,9YO73104,2112216,불참,2021-08-31
21,E6U4345C,2112216,불참,2021-08-31
21,7BM2933Y,2112216,찬성,2021-08-31
21,EMC8812P,2112216,찬성,2021-08-31
21,RQQ3807K,2112216,반대,2021-08-31
21,FH777496,2112216,찬성,2021-08-31
21,FYI20317,2112216,찬성,2021-08-31
21,ZYP7962W,2112216,불참,2021-08-31
21,3249208I,2112216,찬성,2021-08-31
21,8Q88373R,2112216,불참,2021-08-31
21,XEF29171,2112216,찬성,2021-08-31
21,L7T64271,2112216,찬성,2021-08-31
21,4X525582,2112216,찬성,2021-08-31
21,G7512472,2112216,반대,2021-08-31
21,3TO11703,2112216,찬성,2021-08-31
21,66W6739S,2112216,불참,2021-08-31
21,LM13674V,2112216,불참,2021-08-31
21,DAY6557K,2112216,찬성,2021-08-31
21,GP07421U,2112216,불참,2021-08-31
21,USR7059P,2112216,찬성,2021-08-31
21,P2N50879,2112216,반대,2021-08-31
21,A0P4646G,2112216,불참,2021-08-31
21,A2V51235,2112216,반대,2021-08-31
21,1X376850,2112216,찬성,2021-08-31
21,D4L60530,2112216,찬성,2021-08-31
21,M6H1705E,2112216,불참,2021-08-31
21,OFE45081,2112216,찬성,2021-08-31
21,NTT8182Q,2112216,찬성,2021-08-31
21,0VU8517U,2112216,불참,2021-08-31
21,KR14136C,2112216,반대,2021-08-31
21,ZKU88693,2112216,반대,2021-08-31
21,KNM3215T,2112216,반대,2021-08-31
21,M7T9712V,2112216,찬성,2021-08-31
21,UM51067K,2112216,찬성,2021-08-31
21,HKJ99607,2112216,찬성,2021-08-31
21,X3170462,2112216,찬성,2021-08-31
21,8FB1535Y,2112216,반대,2021-08-31
21,EH27538E,2112216,찬성,2021-08-31
21,SU53086M,2112216,반대,2021-08-31
21,0WL9321T,2112216,기권,2021-08-31
21,PZA4062H,2112216,반대,2021-08-31
21,MR210505,2112216,찬성,2021-08-31
21,8348421R,2112216,찬성,2021-08-31
21,H5476989,2112216,찬성,2021-08-31
21,HXT76735,2112216,찬성,2021-08-31
21,0R68099X,2112216,찬성,2021-08-31
21,4A067125,2112216,찬성,2021-08-31
21,2385336L,2112216,기권,2021-08-31
21,IN328264,2112216,찬성,2021-08-31
21,0W194007,2112216,찬성,2021-08-31
21,X1K3667J,2112216,불참,2021-08-31
21,WMG57662,2112216,반대,2021-08-31
21,NCP9875N,2112216,반대,2021-08-31
21,I5I2468R,2112216,찬성,2021-08-31
21,WTR5885Y,2112216,찬성,2021-08-31
21,3425169D,2112216,찬성,2021-08-31
21,OIA3741M,2112216,기권,2021-08-31
21,0767470D,2112216,불참,2021-08-31
21,LG63087O,2112216,찬성,2021-08-31
21,NAL4555X,2112216,불참,2021-08-31
21,OW53107J,2112216,불참,2021-08-31
21,PEP6922S,2112216,불참,2021-08-31
21,DAN6731C,2112216,찬성,2021-08-31
21,VG24001G,2112216,찬성,2021-08-31
21,L2I9861C,2112216,찬성,2021-08-31
21,I434361W,2112216,찬성,2021-08-31
21,IOW8224X,2112216,찬성,2021-08-31
21,9JF4562W,2112216,찬성,2021-08-31
21,Y7K5946R,2112216,기권,2021-08-31
21,Z7Y7827F,2112216,찬성,2021-08-31
21,ATB59635,2112216,찬성,2021-08-31
21,KUO3574J,2112216,찬성,2021-08-31
21,FU87526G,2112216,찬성,2021-08-31
21,S9U45255,2112216,찬성,2021-08-31
21,8SV6917G,2112216,찬성,2021-08-31
21,YOG1280B,2125814,찬성,2023-12-08
21,NUB4941Z,2125814,찬성,2023-12-08
21,KFM1081G,2125814,찬성,2023-12-08
21,F0I5053J,2125814,찬성,2023-12-08
21,G7512472,2125814,기권,2023-12-08
21,3TO11703,2125814,불참,2023-12-08
21,MU69217P,2125814,찬성,2023-12-08
21,66W6739S,2125814,찬성,2023-12-08
21,QD25323M,2125814,기권,2023-12-08
21,DAY6557K,2125814,찬성,2023-12-08
21,USR7059P,2125814,찬성,2023-12-08
21,P2N50879,2125814,반대,2023-12-08
21,A0P4646G,2125814,찬성,2023-12-08
21,A2V51235,2125814,찬성,2023-12-08
21,7I09543O,2125814,찬성,2023-12-08
21,3DK8989T,2125814,찬성,2023-12-08
21,7469929V,2125814,찬성,2023-12-08
21,OFE45081,2125814,기권,2023-12-08
21,ZYH1940A,2125814,불참,2023-12-08
21,NZF1659U,2125814,불참,2023-12-08
21,WDS6044S,2125814,찬성,2023-12-08
21,3BC6890E,2125814,찬성,2023-12-08
21,ZDR63255,2125814,불참,2023-12-08
21,5765663F,2125814,찬성,2023-12-08
21,GFF1986K,2125814,찬성,2023-12-08
21,ZKU88693,2125814,불참,2023-12-08
21,5KV96424,2125814,찬성,2023-12-08
21,M7T9712V,2125814,불참,2023-12-08
21,60490713,2125814,찬성,2023-12-08
21,1WE5693J,2125814,불참,2023-12-08
21,X3170462,2125814,찬성,2023-12-08
21,8FB1535Y,2125814,기권,2023-12-08
21,EH27538E,2125814,찬성,2023-12-08
21,WFU14784,2125814,찬성,2023-12-08
21,SU53086M,2125814,찬성,2023-12-08
21,0WL9321T,2125814,찬성,2023-12-08
21,PZA4062H,2125814,찬성,2023-12-08
21,MR210505,2125814,불참,2023-12-08
21,JQA21112,2125814,찬성,2023-12-08
21,4L695580,2125814,불참,2023-12-08
21,40E3739H,2125814,찬성,2023-12-08
21,RPN2293B,2125814,기권,2023-12-08
21,6RM29022,2125814,찬성,2023-12-08
21,MQU41854,2125814,찬성,2023-12-08
21,V429892C,2125814,불참,2023-12-08
21,IN328264,2125814,불참,2023-12-08
21,XBT9550Q,2125814,불참,2023-12-08
21,ZA54991S,2125814,찬성,2023-12-08
21,0827740Q,2125814,찬성,2023-12-08
21,0W194007,2125814,찬성,2023-12-08
21,WMG57662,2125814,찬성,2023-12-08
21,NCP9875N,2125814,찬성,2023-12-08
21,I5I2468R,2125814,찬성,2023-12-08
21,3425169D,2125814,기권,2023-12-08
21,OIA3741M,2125814,찬성,2023-12-08
21,6MO8786S,2125814,찬성,2023-12-08
21,CT85313K,2125814,찬성,2023-12-08
21,BLC8630L,2125814,불참,2023-12-08
21,NQR1206Q,2125814,찬성,2023-12-08
21,L2I9861C,2125814,찬성,2023-12-08
21,WCD5518S,2125814,찬성,2023-12-08
21,SVH3899R,2125814,찬성,2023-12-08
21,IOW8224X,2125814,불참,2023-12-08
21,Y7K5946R,2125814,찬성,2023-12-08
21,KUO3574J,2125814,찬성,2023-12-08
21,D6U6678O,2125814,기권,2023-12-08
21,S9U45255,2125814,불참,2023-12-08
21,8FC9697X,2125814,불참,2023-12-08
21,QKO6165V,2125814,불참,2023-12-08
21,GD131760,2125814,불참,2023-12-08
21,ZRF3039U,2125814,찬성,2023-12-08
21,68P7228G,2125814,찬성,2023-12-08
21,XPP2564T,2125814,찬성,2023-12-08
21,FRN1867O,2125814,찬성,2023-12-08
21,GAV6441G,2125814,찬성,2023-12-08
21,0YT3774N,2125814,찬성,2023-12-08
21,40S1959J,2125814,불참,2023-12-08
21,IL74008M,2125814,찬성,2023-12-08
21,8KF7223D,2125814,불참,2023-12-08
21,8P37634C,2125814,찬성,2023-12-08
21,3C23171A,2125814,찬성,2023-12-08
21,GDG1847Z,2125814,찬성,2023-12-08
21,P2N4585G,2125814,불참,2023-12-08
21,JMY9959W,2125814,불참,2023-12-08
21,6AR6743G,2125814,불참,2023-12-08
21,VCP96419,2125814,찬성,2023-12-08
21,B7D7534L,2125814,찬성,2023-12-08
21,SE233396,2125814,찬성,2023-12-08
21,AFH96856,2125814,기권,2023-12-08
21,B7H6207C,2125814,불참,2023-12-08
21,6399076T,2125814,찬성,2023-12-08
21,4U29186R,2125814,찬성,2023-12-08
21,F5Y4026Q,2125814,불참,2023-12-08
21,WHV3448W,2125814,불참,2023-12-08
21,6RD62559,2125814,찬성,2023-12-08
21,LH97552Q,2125814,찬성,2023-12-08
21,O6D8329R,2125814,찬성,2023-12-08
21,MSY7784L,2125814,불참,2023-12-08
21,EVH1507C,2125814,찬성,2023-12-08
21,N9X9673B,2125814,불참,2023-12-08
21,5MD4184K,2125814,불참,2023-12-08
21,5K93695T,2125814,불참,2023-12-08
21,DPZ7685X,2125814,찬성,2023-12-08
21,J9S37905,2125814,찬성,2023-12-08
21,VRY5522V,2125814,불참,2023-12-08
21,CAA7713A,2125814,찬성,2023-12-08
21,0PK7354M,2125814,기권,2023-12-08
21,O0I2045I,2125814,찬성,2023-12-08
21,CZB4125D,2125814,불참,2023-12-08
21,UGH6481E,2125814,찬성,2023-12-08
21,W4X85128,2125814,불참,2023-12-08
21,JZY9937U,2125814,불참,2023-12-08
21,YKW37422,2125814,찬성,2023-12-08
21,2NV6751W,2125814,기권,2023-12-08
21,BM63269Y,2125814,기권,2023-12-08
21,YLS4431M,2125814,찬성,2023-12-08
21,3ZR4438W,2125814,찬성,2023-12-08
21,KB04377U,2125814,찬성,2023-12-08
21,8VY63414,2125814,찬성,2023-12-08
21,QQP4727N,2125814,불참,2023-12-08
21,BCQ55105,2125814,찬성,2023-12-08
21,LJK4960Z,2125814,찬성,2023-12-08
21,IUD9392R,2125814,불참,2023-12-08
21,M2Q9024I,2125814,불참,2023-12-08
21,DBA1057Z,2125814,불참,2023-12-08
21,UQ282145,2125814,찬성,2023-12-08
21,TRE2429O,2125814,기권,2023-12-08
21,7BM2933Y,2125814,찬성,2023-12-08
21,X7I4680R,2125814,찬성,2023-12-08
21,XJC13432,2125814,찬성,2023-12-08
21,T465023H,2125814,찬성,2023-12-08
21,RQQ3807K,2125814,기권,2023-12-08
21,FH777496,2125814,찬성,2023-12-08
21,8X15119P,2125814,찬성,2023-12-08
21,CNW5754J,2125814,찬성,2023-12-08
21,3249208I,2125814,기권,2023-12-08
21,GX38539O,2125814,찬성,2023-12-08
21,8Q88373R,2125814,불참,2023-12-08
21,XEF29171,2125814,찬성,2023-12-08
21,7XY7109I,2125814,찬성,2023-12-08
21,JC14718Q,2125814,찬성,2023-12-08
21,5KV82250,2125814,찬성,2023-12-08
21,LT72093S,2125814,반대,2023-12-08
21,FDC3144T,2125814,찬성,2023-12-08
21,I7R13867,2125814,찬성,2023-12-08
21,SQ36001H,2125814,불참,2023-12-08
21,9LD2641Q,2125814,불참,2023-12-08
21,LPB30152,2125814,찬성,2023-12-08
21,MD083627,2125814,찬성,2023-12-08
21,B7R2742J,2125814,기권,2023-12-08
21,ZDP5704Q,2125814,찬성,2023-12-08
21,71J2365L,2125814,찬성,2023-12-08
21,7O71647Z,2125814,기권,2023-12-08
21,W1Q6753M,2125814,찬성,2023-12-08
21,E1J8836Y,2125814,찬성,2023-12-08
21,RD42006Y,2125814,불참,2023-12-08
21,QHL3248U,2125814,불참,2023-12-08
21,TJW93720,2125814,찬성,2023-12-08
21,9S151177,2125814,불참,2023-12-08
21,9V18755A,2125814,찬성,2023-12-08
21,XA42275R,2125814,기권,2023-12-08
21,PO64874I,2125814,찬성,2023-12-08
21,VHK3402G,2125814,찬성,2023-12-08
21,6V37131U,2125814,불참,2023-12-08
21,OSV9142K,2125814,찬성,2023-12-08
21,FJK3396E,2125814,찬성,2023-12-08
21,6EN68926,2125814,찬성,2023-12-08
21,1BX7234U,2125814,반대,2023-12-08
21,TZ228122,2125814,기권,2023-12-08
21,LBC8144B,2125814,찬성,2023-12-08
21,7R156073,2125814,찬성,2023-12-08
21,J2O8643H,2125814,찬성,2023-12-08
21,6AU2417B,2125814,불참,2023-12-08
21,8VJ8533R,2125814,불참,2023-12-08
21,GX22581L,2125814,불참,2023-12-08
21,52P3934K,2125814,찬성,2023-12-08
21,1Y73132H,2125814,찬성,2023-12-08
21,I0S53762,2125814,불참,2023-12-08
21,TKJ4800F,2125814,불참,2023-12-08
21,04T3751T,2125814,기권,2023-12-08
21,K5F2023J,2125814,찬성,2023-12-08
21,14M56632,2125814,찬성,2023-12-08
21,6U243644,2125814,찬성,2023-12-08
21,E9R4507P,2125814,찬성,2023-12-08
21,UHB5553T,2125814,찬성,2023-12-08
21,KFS1358P,2125814,기권,2023-12-08
21,A494529E,2125814,찬성,2023-12-08
21,Z6R3959C,2125814,불참,2023-12-08
21,QUM8288K,2125814,불참,2023-12-08
21,S824682L,2125814,찬성,2023-12-08
21,Q9H5708M,2125814,불참,2023-12-08
21,MRK4871S,2125814,불참,2023-12-08
21,M7O7878U,2125814,기권,2023-12-08
21,MNZ4401T,2125814,불참,2023-12-08
21,HSS7466Y,2125814,불참,2023-12-08
21,16D7652C,2125814,찬성,2023-12-08
21,FU53642G,2125814,기권,2023-12-08
21,MLH1404S,2125814,찬성,2023-12-08
21,XR24352K,2125814,찬성,2023-12-08
21,JEZ3130Q,2125814,불참,2023-12-08
21,9L57027L,2125814,찬성,2023-12-08
21,GOC54665,2125814,불참,2023-12-08
21,5UN9725L,2125814,불참,2023-12-08
21,K3W33496,2125814,찬성,2023-12-08
21,NCO99988,2125814,기권,2023-12-08
21,CI15627C,2125814,반대,2023-12-08
21,C7E79345,2125814,찬성,2023-12-08
21,4019850M,2125814,찬성,2023-12-08
21,9YO73104,2125814,불참,2023-12-08
21,E6U4345C,2125814,기권,2023-12-08
21,CDL93608,2125814,불참,2023-12-08
21,2UD1340H,2125814,찬성,2023-12-08
21,9VR65006,2125814,불참,2023-12-08
21,EMC8812P,2125814,찬성,2023-12-08
21,XSP20229,2125814,불참,2023-12-08
21,3RW63706,2125814,찬성,2023-12-08
21,FYI20317,2125814,불참,2023-12-08
21,ZYP7962W,2125814,찬성,2023-12-08
21,WVU2479T,2125814,불참,2023-12-08
21,9D939735,2125814,찬성,2023-12-08
21,QTW6852F,2125814,찬성,2023-12-08
21,TST4507I,2125814,찬성,2023-12-08
21,L7J93733,2125814,찬성,2023-12-08
21,DAV7257X,2125814,찬성,2023-12-08
21,GE71932C,2125814,불참,2023-12-08
21,6YT83269,2125814,찬성,2023-12-08
21,1MU99298,2125814,찬성,2023-12-08
21,17M85910,2125814,찬성,2023-12-08
21,G152611B,2125814,불참,2023-12-08
21,G1570880,2125814,찬성,2023-12-08
21,FOK3459D,2125814,불참,2023-12-08
21,QUO78839,2125814,찬성,2023-12-08
21,BT62420K,2125814,불참,2023-12-08
21,TZP9391O,2125814,찬성,2023-12-08
21,F5U2979W,2125814,찬성,2023-12-08
21,FIC9046Z,2125814,찬성,2023-12-08
21,DWK26447,2125814,찬성,2023-12-08
21,NLR6572J,2125814,찬성,2023-12-08
21,YTA7297R,2125814,찬성,2023-12-08
21,L7T64271,2125814,찬성,2023-12-08
21,4X525582,2125814,불참,2023-12-08
21,GKD32201,2125814,반대,2023-12-08
21,S741317G,2125814,찬성,2023-12-08
21,CCU1009B,2125814,찬성,2023-12-08
21,2N793392,2125814,기권,2023-12-08
21,LM13674V,2125814,찬성,2023-12-08
21,JVB6983V,2125814,찬성,2023-12-08
21,GP07421U,2125814,찬성,2023-12-08
21,FGI27280,2125814,반대,2023-12-08
21,4XG1439M,2125814,찬성,2023-12-08
21,D4L60530,2125814,불참,2023-12-08
21,M6H1705E,2125814,찬성,2023-12-08
21,09I2323E,2125814,찬성,2023-12-08
21,NTT8182Q,2125814,찬성,2023-12-08
21,A3H7195R,2125814,불참,2023-12-08
21,0VU8517U,2125814,찬성,2023-12-08
21,M0A1658U,2125814,찬성,2023-12-08
21,HSW1214Q,2125814,찬성,2023-12-08
21,KR14136C,2125814,찬성,2023-12-08
21,WJL30106,2125814,불참,2023-12-08
21,KNM3215T,2125814,불참,2023-12-08
21,UM51067K,2125814,찬성,2023-12-08
21,HKJ99607,2125814,불참,2023-12-08
21,MY318392,2125814,찬성,2023-12-08
21,4T026790,2125814,불참,2023-12-08
21,GF286398,2125814,불참,2023-12-08
21,8348421R,2125814,찬성,2023-12-08
21,H5476989,2125814,찬성,2023-12-08
21,6FS10566,2125814,기권,2023-12-08
21,HXT76735,2125814,찬성,2023-12-08
21,0R68099X,2125814,기권,2023-12-08
21,2385336L,2125814,찬성,2023-12-08
21,MO52543L,2125814,불참,2023-12-08
21,X1K3667J,2125814,찬성,2023-12-08
21,WTR5885Y,2125814,찬성,2023-12-08
21,IOW1101J,2125814,불참,2023-12-08
21,25I8709Q,2125814,불참,2023-12-08
21,XWX1513T,2125814,기권,2023-12-08
21,LG63087O,2125814,찬성,2023-12-08
21,OW53107J,2125814,반대,2023-12-08
21,PEP6922S,2125814,찬성,2023-12-08
21,DAN6731C,2125814,불참,2023-12-08
21,VG24001G,2125814,불참,2023-12-08
21,9JF4562W,2125814,찬성,2023-12-08
21,Z7Y7827F,2125814,기권,2023-12-08
21,ATB59635,2125814,기권,2023-12-08
21,FU87526G,2125814,찬성,2023-12-08
21,8SV6917G,2125814,찬성,2023-12-08
21,V0O5343U,2125814,찬성,2023-12-08
21,P0F1530P,2125814,불참,2023-12-08
21,LQW3652K,2125814,찬성,2023-12-08
21,RO593601,2125814,불참,2023-12-08
21,PFG2137X,2125814,찬성,2023-12-08
21,UB114374,2125814,찬성,2023-12-08
21,7JC3239L,2125814,찬성,2023-12-08
21,CNZ51556,2125814,찬성,2023-12-08
21,N4R2421C,2125814,찬성,2023-12-08
21,O7R5461J,2125814,불참,2023-12-08
21,DWK26447,2112456,찬성,2023-07-27
21,9S151177,2112456,찬성,2023-07-27
21,66W6739S,2112456,불참,2023-07-27
21,DAY6557K,2112456,찬성,2023-07-27
21,USR7059P,2112456,불참,2023-07-27
21,P2N50879,2112456,찬성,2023-07-27
21,A0P4646G,2112456,찬성,2023-07-27
21,A2V51235,2112456,찬성,2023-07-27
21,7469929V,2112456,불참,2023-07-27
21,OFE45081,2112456,찬성,2023-07-27
21,M7T9712V,2112456,불참,2023-07-27
21,1WE5693J,2112456,찬성,2023-07-27
21,MY318392,2112456,찬성,2023-07-27
21,SU53086M,2112456,찬성,2023-07-27
21,MQU41854,2112456,기권,2023-07-27
21,ZA54991S,2112456,찬성,2023-07-27
21,0827740Q,2112456,찬성,2023-07-27
21,0W194007,2112456,찬성,2023-07-27
21,NCP9875N,2112456,찬성,2023-07-27
21,I5I2468R,2112456,찬성,2023-07-27
21,3425169D,2112456,찬성,2023-07-27
21,CT85313K,2112456,찬성,2023-07-27
21,KUO3574J,2112456,찬성,2023-07-27
21,8FC9697X,2112456,불참,2023-07-27
21,ZRF3039U,2112456,찬성,2023-07-27
21,68P7228G,2112456,찬성,2023-07-27
21,0YT3774N,2112456,불참,2023-07-27
21,8KF7223D,2112456,불참,2023-07-27
21,CNZ51556,2112456,찬성,2023-07-27
21,P2N4585G,2112456,찬성,2023-07-27
21,52P3934K,2112456,불참,2023-07-27
21,WHV3448W,2112456,찬성,2023-07-27
21,N9X9673B,2112456,찬성,2023-07-27
21,YKW37422,2112456,불참,2023-07-27
21,FU53642G,2112456,불참,2023-07-27
21,MLH1404S,2112456,불참,2023-07-27
21,IUD9392R,2112456,불참,2023-07-27
21,DBA1057Z,2112456,찬성,2023-07-27
21,CI15627C,2112456,찬성,2023-07-27
21,TRE2429O,2112456,찬성,2023-07-27
21,9VR65006,2112456,불참,2023-07-27
21,T465023H,2112456,찬성,2023-07-27
21,ZYP7962W,2112456,불참,2023-07-27
21,CNW5754J,2112456,불참,2023-07-27
21,8Q88373R,2112456,불참,2023-07-27
21,LT72093S,2112456,찬성,2023-07-27
21,FDC3144T,2112456,찬성,2023-07-27
21,OSV9142K,2112456,찬성,2023-07-27
21,B7R2742J,2112456,찬성,2023-07-27
21,71J2365L,2112456,찬성,2023-07-27
21,S741317G,2112456,찬성,2023-07-27
21,F5U2979W,2112456,찬성,2023-07-27
21,YOG1280B,2112456,찬성,2023-07-27
21,FIC9046Z,2112456,찬성,2023-07-27
21,NUB4941Z,2112456,찬성,2023-07-27
21,KFM1081G,2112456,찬성,2023-07-27
21,NLR6572J,2112456,기권,2023-07-27
21,YTA7297R,2112456,찬성,2023-07-27
21,L7T64271,2112456,불참,2023-07-27
21,4X525582,2112456,불참,2023-07-27
21,GKD32201,2112456,불참,2023-07-27
21,G7512472,2112456,찬성,2023-07-27
21,3TO11703,2112456,찬성,2023-07-27
21,CCU1009B,2112456,찬성,2023-07-27
21,MU69217P,2112456,불참,2023-07-27
21,2N793392,2112456,찬성,2023-07-27
21,LM13674V,2112456,찬성,2023-07-27
21,QD25323M,2112456,찬성,2023-07-27
21,JVB6983V,2112456,찬성,2023-07-27
21,GP07421U,2112456,찬성,2023-07-27
21,FGI27280,2112456,찬성,2023-07-27
21,4XG1439M,2112456,찬성,2023-07-27
21,7I09543O,2112456,찬성,2023-07-27
21,3DK8989T,2112456,찬성,2023-07-27
21,D4L60530,2112456,찬성,2023-07-27
21,M6H1705E,2112456,찬성,2023-07-27
21,09I2323E,2112456,찬성,2023-07-27
21,NTT8182Q,2112456,찬성,2023-07-27
21,A3H7195R,2112456,찬성,2023-07-27
21,ZYH1940A,2112456,찬성,2023-07-27
21,0VU8517U,2112456,불참,2023-07-27
21,M0A1658U,2112456,불참,2023-07-27
21,HSW1214Q,2112456,찬성,2023-07-27
21,NZF1659U,2112456,찬성,2023-07-27
21,WDS6044S,2112456,불참,2023-07-27
21,3BC6890E,2112456,불참,2023-07-27
21,ZDR63255,2112456,찬성,2023-07-27
21,KR14136C,2112456,불참,2023-07-27
21,SRP7336N,2112456,불참,2023-07-27
21,5765663F,2112456,찬성,2023-07-27
21,GFF1986K,2112456,찬성,2023-07-27
21,ZKU88693,2112456,불참,2023-07-27
21,WJL30106,2112456,불참,2023-07-27
21,5KV96424,2112456,찬성,2023-07-27
21,KNM3215T,2112456,불참,2023-07-27
21,60490713,2112456,찬성,2023-07-27
21,UM51067K,2112456,찬성,2023-07-27
21,HKJ99607,2112456,찬성,2023-07-27
21,X3170462,2112456,불참,2023-07-27
21,8FB1535Y,2112456,찬성,2023-07-27
21,4T026790,2112456,찬성,2023-07-27
21,EH27538E,2112456,찬성,2023-07-27
21,WFU14784,2112456,찬성,2023-07-27
21,0WL9321T,2112456,찬성,2023-07-27
21,PZA4062H,2112456,기권,2023-07-27
21,MR210505,2112456,찬성,2023-07-27
21,GF286398,2112456,찬성,2023-07-27
21,8348421R,2112456,찬성,2023-07-27
21,H5476989,2112456,찬성,2023-07-27
21,JQA21112,2112456,불참,2023-07-27
21,4L695580,2112456,찬성,2023-07-27
21,40E3739H,2112456,찬성,2023-07-27
21,6FS10566,2112456,찬성,2023-07-27
21,HXT76735,2112456,찬성,2023-07-27
21,RPN2293B,2112456,불참,2023-07-27
21,0R68099X,2112456,찬성,2023-07-27
21,6RM29022,2112456,찬성,2023-07-27
21,V429892C,2112456,찬성,2023-07-27
21,2385336L,2112456,찬성,2023-07-27
21,IN328264,2112456,불참,2023-07-27
21,XBT9550Q,2112456,찬성,2023-07-27
21,MO52543L,2112456,찬성,2023-07-27
21,X1K3667J,2112456,찬성,2023-07-27
21,WMG57662,2112456,찬성,2023-07-27
21,WTR5885Y,2112456,찬성,2023-07-27
21,IOW1101J,2112456,찬성,2023-07-27
21,ICH23251,2112456,찬성,2023-07-27
21,25I8709Q,2112456,찬성,2023-07-27
21,OIA3741M,2112456,찬성,2023-07-27
21,6MO8786S,2112456,불참,2023-07-27
21,XWX1513T,2112456,찬성,2023-07-27
21,BLC8630L,2112456,불참,2023-07-27
21,NQR1206Q,2112456,찬성,2023-07-27
21,LG63087O,2112456,불참,2023-07-27
21,OW53107J,2112456,찬성,2023-07-27
21,PEP6922S,2112456,찬성,2023-07-27
21,DAN6731C,2112456,찬성,2023-07-27
21,VG24001G,2112456,찬성,2023-07-27
21,L2I9861C,2112456,찬성,2023-07-27
21,WCD5518S,2112456,찬성,2023-07-27
21,SVH3899R,2112456,찬성,2023-07-27
21,IOW8224X,2112456,찬성,2023-07-27
21,9JF4562W,2112456,불참,2023-07-27
21,Y7K5946R,2112456,찬성,2023-07-27
21,Z7Y7827F,2112456,찬성,2023-07-27
21,ATB59635,2112456,불참,2023-07-27
21,SBK1544B,2112456,불참,2023-07-27
21,D6U6678O,2112456,찬성,2023-07-27
21,FU87526G,2112456,불참,2023-07-27
21,S9U45255,2112456,찬성,2023-07-27
21,8SV6917G,2112456,불참,2023-07-27
21,QKO6165V,2112456,불참,2023-07-27
21,GD131760,2112456,찬성,2023-07-27
21,V0O5343U,2112456,찬성,2023-07-27
21,P0F1530P,2112456,불참,2023-07-27
21,XPP2564T,2112456,불참,2023-07-27
21,FRN1867O,2112456,불참,2023-07-27
21,LQW3652K,2112456,찬성,2023-07-27
21,RO593601,2112456,찬성,2023-07-27
21,PFG2137X,2112456,찬성,2023-07-27
21,UB114374,2112456,불참,2023-07-27
21,GAV6441G,2112456,찬성,2023-07-27
21,7JC3239L,2112456,기권,2023-07-27
21,40S1959J,2112456,불참,2023-07-27
21,IL74008M,2112456,찬성,2023-07-27
21,8P37634C,2112456,불참,2023-07-27
21,N4R2421C,2112456,불참,2023-07-27
21,3C23171A,2112456,찬성,2023-07-27
21,GDG1847Z,2112456,불참,2023-07-27
21,O7R5461J,2112456,불참,2023-07-27
21,JMY9959W,2112456,불참,2023-07-27
21,7R156073,2112456,불참,2023-07-27
21,6AR6743G,2112456,불참,2023-07-27
21,J2O8643H,2112456,찬성,2023-07-27
21,VCP96419,2112456,찬성,2023-07-27
21,6AU2417B,2112456,불참,2023-07-27
21,8VJ8533R,2112456,찬성,2023-07-27
21,B7D7534L,2112456,찬성,2023-07-27
21,GX22581L,2112456,불참,2023-07-27
21,SE233396,2112456,불참,2023-07-27
21,AFH96856,2112456,찬성,2023-07-27
21,B7H6207C,2112456,찬성,2023-07-27
21,6399076T,2112456,찬성,2023-07-27
21,4U29186R,2112456,찬성,2023-07-27
21,F5Y4026Q,2112456,찬성,2023-07-27
21,6RD62559,2112456,찬성,2023-07-27
21,1Y73132H,2112456,찬성,2023-07-27
21,I0S53762,2112456,불참,2023-07-27
21,LH97552Q,2112456,찬성,2023-07-27
21,TKJ4800F,2112456,찬성,2023-07-27
21,O6D8329R,2112456,찬성,2023-07-27
21,04T3751T,2112456,찬성,2023-07-27
21,MSY7784L,2112456,찬성,2023-07-27
21,EVH1507C,2112456,찬성,2023-07-27
21,K5F2023J,2112456,찬성,2023-07-27
21,14M56632,2112456,불참,2023-07-27
21,5MD4184K,2112456,찬성,2023-07-27
21,5K93695T,2112456,찬성,2023-07-27
21,DPZ7685X,2112456,불참,2023-07-27
21,6U243644,2112456,찬성,2023-07-27
21,E9R4507P,2112456,찬성,2023-07-27
21,UHB5553T,2112456,찬성,2023-07-27
21,KFS1358P,2112456,찬성,2023-07-27
21,J9S37905,2112456,불참,2023-07-27
21,A494529E,2112456,찬성,2023-07-27
21,VRY5522V,2112456,찬성,2023-07-27
21,CAA7713A,2112456,찬성,2023-07-27
21,0PK7354M,2112456,찬성,2023-07-27
21,O0I2045I,2112456,찬성,2023-07-27
21,CZB4125D,2112456,불참,2023-07-27
21,Z6R3959C,2112456,찬성,2023-07-27
21,QUM8288K,2112456,불참,2023-07-27
21,UGH6481E,2112456,찬성,2023-07-27
21,S824682L,2112456,찬성,2023-07-27
21,W4X85128,2112456,찬성,2023-07-27
21,Q9H5708M,2112456,불참,2023-07-27
21,JZY9937U,2112456,불참,2023-07-27
21,MRK4871S,2112456,불참,2023-07-27
21,2NV6751W,2112456,찬성,2023-07-27
21,BM63269Y,2112456,찬성,2023-07-27
21,M7O7878U,2112456,찬성,2023-07-27
21,YLS4431M,2112456,불참,2023-07-27
21,MNZ4401T,2112456,불참,2023-07-27
21,3ZR4438W,2112456,찬성,2023-07-27
21,HSS7466Y,2112456,찬성,2023-07-27
21,16D7652C,2112456,찬성,2023-07-27
21,KB04377U,2112456,찬성,2023-07-27
21,8VY63414,2112456,찬성,2023-07-27
21,XR24352K,2112456,찬성,2023-07-27
21,QQP4727N,2112456,찬성,2023-07-27
21,JEZ3130Q,2112456,불참,2023-07-27
21,BCQ55105,2112456,찬성,2023-07-27
21,9L57027L,2112456,불참,2023-07-27
21,GOC54665,2112456,불참,2023-07-27
21,5UN9725L,2112456,찬성,2023-07-27
21,LJK4960Z,2112456,찬성,2023-07-27
21,K3W33496,2112456,찬성,2023-07-27
21,M2Q9024I,2112456,찬성,2023-07-27
21,C7E79345,2112456,찬성,2023-07-27
21,4019850M,2112456,찬성,2023-07-27
21,UQ282145,2112456,찬성,2023-07-27
21,9YO73104,2112456,찬성,2023-07-27
21,E6U4345C,2112456,불참,2023-07-27
21,7BM2933Y,2112456,찬성,2023-07-27
21,CDL93608,2112456,찬성,2023-07-27
21,2UD1340H,2112456,찬성,2023-07-27
21,X7I4680R,2112456,찬성,2023-07-27
21,EMC8812P,2112456,찬성,2023-07-27
21,XJC13432,2112456,불참,2023-07-27
21,XSP20229,2112456,불참,2023-07-27
21,3RW63706,2112456,찬성,2023-07-27
21,RQQ3807K,2112456,찬성,2023-07-27
21,FH777496,2112456,찬성,2023-07-27
21,FYI20317,2112456,찬성,2023-07-27
21,8X15119P,2112456,불참,2023-07-27
21,3249208I,2112456,찬성,2023-07-27
21,GX38539O,2112456,찬성,2023-07-27
21,XEF29171,2112456,불참,2023-07-27
21,WVU2479T,2112456,불참,2023-07-27
21,9D939735,2112456,찬성,2023-07-27
21,QTW6852F,2112456,찬성,2023-07-27
21,7XY7109I,2112456,불참,2023-07-27
21,TST4507I,2112456,찬성,2023-07-27
21,JC14718Q,2112456,찬성,2023-07-27
21,5KV82250,2112456,찬성,2023-07-27
21,L7J93733,2112456,찬성,2023-07-27
21,DAV7257X,2112456,찬성,2023-07-27
21,GE71932C,2112456,불참,2023-07-27
21,6YT83269,2112456,찬성,2023-07-27
21,1MU99298,2112456,찬성,2023-07-27
21,17M85910,2112456,찬성,2023-07-27
21,G152611B,2112456,불참,2023-07-27
21,I7R13867,2112456,찬성,2023-07-27
21,SQ36001H,2112456,찬성,2023-07-27
21,G1570880,2112456,찬성,2023-07-27
21,9LD2641Q,2112456,불참,2023-07-27
21,FOK3459D,2112456,불참,2023-07-27
21,QUO78839,2112456,불참,2023-07-27
21,BT62420K,2112456,불참,2023-07-27
21,LPB30152,2112456,찬성,2023-07-27
21,MD083627,2112456,찬성,2023-07-27
21,TZP9391O,2112456,불참,2023-07-27
21,6V37131U,2112456,찬성,2023-07-27
21,FJK3396E,2112456,불참,2023-07-27
21,ZDP5704Q,2112456,찬성,2023-07-27
21,7O71647Z,2112456,불참,2023-07-27
21,W1Q6753M,2112456,불참,2023-07-27
21,E1J8836Y,2112456,찬성,2023-07-27
21,RD42006Y,2112456,불참,2023-07-27
21,6EN68926,2112456,찬성,2023-07-27
21,1BX7234U,2112456,찬성,2023-07-27
21,QHL3248U,2112456,불참,2023-07-27
21,TJW93720,2112456,찬성,2023-07-27
21,TZ228122,2112456,찬성,2023-07-27
21,9V18755A,2112456,찬성,2023-07-27
21,XA42275R,2112456,찬성,2023-07-27
21,PO64874I,2112456,불참,2023-07-27
21,LBC8144B,2112456,찬성,2023-07-27
21,VHK3402G,2112456,찬성,2023-07-27
21,YOG1280B,2119805,찬성,2023-12-08
21,NUB4941Z,2119805,찬성,2023-12-08
21,KFM1081G,2119805,불참,2023-12-08
21,F0I5053J,2119805,찬성,2023-12-08
21,G7512472,2119805,찬성,2023-12-08
21,3TO11703,2119805,불참,2023-12-08
21,MU69217P,2119805,불참,2023-12-08
21,66W6739S,2119805,찬성,2023-12-08
21,DAY6557K,2119805,찬성,2023-12-08
21,USR7059P,2119805,기권,2023-12-08
21,P2N50879,2119805,찬성,2023-12-08
21,A0P4646G,2119805,찬성,2023-12-08
21,A2V51235,2119805,찬성,2023-12-08
21,7I09543O,2119805,찬성,2023-12-08
21,3DK8989T,2119805,찬성,2023-12-08
21,7469929V,2119805,찬성,2023-12-08
21,OFE45081,2119805,찬성,2023-12-08
21,ZYH1940A,2119805,불참,2023-12-08
21,NZF1659U,2119805,불참,2023-12-08
21,WDS6044S,2119805,찬성,2023-12-08
21,3BC6890E,2119805,불참,2023-12-08
21,ZDR63255,2119805,불참,2023-12-08
21,5765663F,2119805,찬성,2023-12-08
21,GFF1986K,2119805,찬성,2023-12-08
21,ZKU88693,2119805,불참,2023-12-08
21,5KV96424,2119805,찬성,2023-12-08
21,M7T9712V,2119805,불참,2023-12-08
21,60490713,2119805,불참,2023-12-08
21,1WE5693J,2119805,찬성,2023-12-08
21,X3170462,2119805,불참,2023-12-08
21,8FB1535Y,2119805,찬성,2023-12-08
21,EH27538E,2119805,찬성,2023-12-08
21,WFU14784,2119805,찬성,2023-12-08
21,SU53086M,2119805,불참,2023-12-08
21,0WL9321T,2119805,찬성,2023-12-08
21,PZA4062H,2119805,찬성,2023-12-08
21,MR210505,2119805,불참,2023-12-08
21,JQA21112,2119805,불참,2023-12-08
21,4L695580,2119805,찬성,2023-12-08
21,40E3739H,2119805,불참,2023-12-08
21,RPN2293B,2119805,찬성,2023-12-08
21,6RM29022,2119805,찬성,2023-12-08
21,MQU41854,2119805,찬성,2023-12-08
21,V429892C,2119805,불참,2023-12-08
21,IN328264,2119805,찬성,2023-12-08
21,XBT9550Q,2119805,불참,2023-12-08
21,ZA54991S,2119805,찬성,2023-12-08
21,0827740Q,2119805,찬성,2023-12-08
21,0W194007,2119805,찬성,2023-12-08
21,WMG57662,2119805,찬성,2023-12-08
21,NCP9875N,2119805,찬성,2023-12-08
21,I5I2468R,2119805,찬성,2023-12-08
21,3425169D,2119805,찬성,2023-12-08
21,OIA3741M,2119805,찬성,2023-12-08
21,6MO8786S,2119805,찬성,2023-12-08
21,CT85313K,2119805,찬성,2023-12-08
21,BLC8630L,2119805,불참,2023-12-08
21,NQR1206Q,2119805,찬성,2023-12-08
21,L2I9861C,2119805,불참,2023-12-08
21,WCD5518S,2119805,찬성,2023-12-08
21,SVH3899R,2119805,불참,2023-12-08
21,KUO3574J,2119805,찬성,2023-12-08
21,D6U6678O,2119805,찬성,2023-12-08
21,S9U45255,2119805,찬성,2023-12-08
21,8FC9697X,2119805,불참,2023-12-08
21,QKO6165V,2119805,불참,2023-12-08
21,GD131760,2119805,불참,2023-12-08
21,ZRF3039U,2119805,불참,2023-12-08
21,68P7228G,2119805,찬성,2023-12-08
21,XPP2564T,2119805,찬성,2023-12-08
21,FRN1867O,2119805,찬성,2023-12-08
21,GAV6441G,2119805,찬성,2023-12-08
21,0YT3774N,2119805,불참,2023-12-08
21,40S1959J,2119805,불참,2023-12-08
21,IL74008M,2119805,찬성,2023-12-08
21,8KF7223D,2119805,불참,2023-12-08
21,8P37634C,2119805,불참,2023-12-08
21,3C23171A,2119805,찬성,2023-12-08
21,GDG1847Z,2119805,찬성,2023-12-08
21,P2N4585G,2119805,찬성,2023-12-08
21,JMY9959W,2119805,불참,2023-12-08
21,6AR6743G,2119805,불참,2023-12-08
21,VCP96419,2119805,불참,2023-12-08
21,B7D7534L,2119805,찬성,2023-12-08
21,SE233396,2119805,찬성,2023-12-08
21,AFH96856,2119805,찬성,2023-12-08
21,B7H6207C,2119805,찬성,2023-12-08
21,6399076T,2119805,찬성,2023-12-08
21,4U29186R,2119805,찬성,2023-12-08
21,F5Y4026Q,2119805,찬성,2023-12-08
21,WHV3448W,2119805,불참,2023-12-08
21,6RD62559,2119805,찬성,2023-12-08
21,LH97552Q,2119805,찬성,2023-12-08
21,O6D8329R,2119805,찬성,2023-12-08
21,MSY7784L,2119805,불참,2023-12-08
21,EVH1507C,2119805,찬성,2023-12-08
21,N9X9673B,2119805,불참,2023-12-08
21,5MD4184K,2119805,불참,2023-12-08
21,5K93695T,2119805,불참,2023-12-08
21,DPZ7685X,2119805,불참,2023-12-08
21,J9S37905,2119805,불참,2023-12-08
21,VRY5522V,2119805,찬성,2023-12-08
21,CAA7713A,2119805,불참,2023-12-08
21,0PK7354M,2119805,찬성,2023-12-08
21,O0I2045I,2119805,찬성,2023-12-08
21,CZB4125D,2119805,불참,2023-12-08
21,UGH6481E,2119805,찬성,2023-12-08
21,W4X85128,2119805,찬성,2023-12-08
21,JZY9937U,2119805,불참,2023-12-08
21,YKW37422,2119805,찬성,2023-12-08
21,2NV6751W,2119805,불참,2023-12-08
21,BM63269Y,2119805,찬성,2023-12-08
21,YLS4431M,2119805,찬성,2023-12-08
21,3ZR4438W,2119805,찬성,2023-12-08
21,KB04377U,2119805,찬성,2023-12-08
21,8VY63414,2119805,찬성,2023-12-08
21,QQP4727N,2119805,불참,2023-12-08
21,BCQ55105,2119805,찬성,2023-12-08
21,LJK4960Z,2119805,찬성,2023-12-08
21,IUD9392R,2119805,불참,2023-12-08
21,M2Q9024I,2119805,불참,2023-12-08
21,DBA1057Z,2119805,불참,2023-12-08
21,UQ282145,2119805,불참,2023-12-08
21,TRE2429O,2119805,찬성,2023-12-08
21,7BM2933Y,2119805,찬성,2023-12-08
21,X7I4680R,2119805,찬성,2023-12-08
21,XJC13432,2119805,찬성,2023-12-08
21,T465023H,2119805,찬성,2023-12-08
21,RQQ3807K,2119805,찬성,2023-12-08
21,FH777496,2119805,찬성,2023-12-08
21,8X15119P,2119805,불참,2023-12-08
21,CNW5754J,2119805,찬성,2023-12-08
21,3249208I,2119805,불참,2023-12-08
21,GX38539O,2119805,찬성,2023-12-08
21,8Q88373R,2119805,불참,2023-12-08
21,XEF29171,2119805,찬성,2023-12-08
21,7XY7109I,2119805,찬성,2023-12-08
21,JC14718Q,2119805,찬성,2023-12-08
21,5KV82250,2119805,찬성,2023-12-08
21,LT72093S,2119805,불참,2023-12-08
21,FDC3144T,2119805,찬성,2023-12-08
21,I7R13867,2119805,찬성,2023-12-08
21,SQ36001H,2119805,불참,2023-12-08
21,9LD2641Q,2119805,불참,2023-12-08
21,LPB30152,2119805,찬성,2023-12-08
21,MD083627,2119805,불참,2023-12-08
21,B7R2742J,2119805,찬성,2023-12-08
21,ZDP5704Q,2119805,기권,2023-12-08
21,71J2365L,2119805,불참,2023-12-08
21,7O71647Z,2119805,불참,2023-12-08
21,W1Q6753M,2119805,찬성,2023-12-08
21,E1J8836Y,2119805,찬성,2023-12-08
21,RD42006Y,2119805,불참,2023-12-08
21,QHL3248U,2119805,불참,2023-12-08
21,TJW93720,2119805,찬성,2023-12-08
21,9S151177,2119805,불참,2023-12-08
21,9V18755A,2119805,찬성,2023-12-08
21,PO64874I,2119805,불참,2023-12-08
21,VHK3402G,2119805,찬성,2023-12-08
21,QUO78839,2119805,찬성,2023-12-08
21,BT62420K,2119805,불참,2023-12-08
21,TZP9391O,2119805,찬성,2023-12-08
21,6V37131U,2119805,불참,2023-12-08
21,OSV9142K,2119805,찬성,2023-12-08
21,FJK3396E,2119805,불참,2023-12-08
21,6EN68926,2119805,찬성,2023-12-08
21,1BX7234U,2119805,찬성,2023-12-08
21,TZ228122,2119805,찬성,2023-12-08
21,XA42275R,2119805,찬성,2023-12-08
21,LBC8144B,2119805,불참,2023-12-08
21,CNZ51556,2119805,찬성,2023-12-08
21,N4R2421C,2119805,찬성,2023-12-08
21,O7R5461J,2119805,불참,2023-12-08
21,7R156073,2119805,찬성,2023-12-08
21,J2O8643H,2119805,찬성,2023-12-08
21,6AU2417B,2119805,찬성,2023-12-08
21,8VJ8533R,2119805,찬성,2023-12-08
21,GX22581L,2119805,불참,2023-12-08
21,52P3934K,2119805,불참,2023-12-08
21,1Y73132H,2119805,불참,2023-12-08
21,I0S53762,2119805,불참,2023-12-08
21,TKJ4800F,2119805,찬성,2023-12-08
21,04T3751T,2119805,불참,2023-12-08
21,K5F2023J,2119805,찬성,2023-12-08
21,14M56632,2119805,불참,2023-12-08
21,6U243644,2119805,불참,2023-12-08
21,E9R4507P,2119805,불참,2023-12-08
21,UHB5553T,2119805,찬성,2023-12-08
21,KFS1358P,2119805,찬성,2023-12-08
21,A494529E,2119805,찬성,2023-12-08
21,Z6R3959C,2119805,불참,2023-12-08
21,QUM8288K,2119805,불참,2023-12-08
21,S824682L,2119805,찬성,2023-12-08
21,Q9H5708M,2119805,불참,2023-12-08
21,MRK4871S,2119805,찬성,2023-12-08
21,M7O7878U,2119805,찬성,2023-12-08
21,MNZ4401T,2119805,불참,2023-12-08
21,HSS7466Y,2119805,찬성,2023-12-08
21,16D7652C,2119805,불참,2023-12-08
21,FU53642G,2119805,불참,2023-12-08
21,MLH1404S,2119805,불참,2023-12-08
21,XR24352K,2119805,찬성,2023-12-08
21,JEZ3130Q,2119805,찬성,2023-12-08
21,9L57027L,2119805,찬성,2023-12-08
21,GOC54665,2119805,불참,2023-12-08
21,5UN9725L,2119805,불참,2023-12-08
21,K3W33496,2119805,찬성,2023-12-08
21,NCO99988,2119805,찬성,2023-12-08
21,CI15627C,2119805,불참,2023-12-08
21,C7E79345,2119805,찬성,2023-12-08
21,4019850M,2119805,불참,2023-12-08
21,9YO73104,2119805,불참,2023-12-08
21,E6U4345C,2119805,찬성,2023-12-08
21,CDL93608,2119805,불참,2023-12-08
21,2UD1340H,2119805,찬성,2023-12-08
21,9VR65006,2119805,불참,2023-12-08
21,EMC8812P,2119805,찬성,2023-12-08
21,XSP20229,2119805,불참,2023-12-08
21,3RW63706,2119805,찬성,2023-12-08
21,FYI20317,2119805,찬성,2023-12-08
21,ZYP7962W,2119805,불참,2023-12-08
21,WVU2479T,2119805,불참,2023-12-08
21,9D939735,2119805,찬성,2023-12-08
21,QTW6852F,2119805,불참,2023-12-08
21,TST4507I,2119805,찬성,2023-12-08
21,L7J93733,2119805,불참,2023-12-08
21,DAV7257X,2119805,찬성,2023-12-08
21,GE71932C,2119805,불참,2023-12-08
21,6YT83269,2119805,불참,2023-12-08
21,1MU99298,2119805,불참,2023-12-08
21,17M85910,2119805,찬성,2023-12-08
21,G152611B,2119805,불참,2023-12-08
21,G1570880,2119805,찬성,2023-12-08
21,FOK3459D,2119805,불참,2023-12-08
21,F5U2979W,2119805,불참,2023-12-08
21,FIC9046Z,2119805,불참,2023-12-08
21,DWK26447,2119805,불참,2023-12-08
21,NLR6572J,2119805,찬성,2023-12-08
21,YTA7297R,2119805,찬성,2023-12-08
21,L7T64271,2119805,찬성,2023-12-08
21,4X525582,2119805,불참,2023-12-08
21,GKD32201,2119805,찬성,2023-12-08
21,S741317G,2119805,찬성,2023-12-08
21,CCU1009B,2119805,찬성,2023-12-08
21,2N793392,2119805,찬성,2023-12-08
21,LM13674V,2119805,불참,2023-12-08
21,QD25323M,2119805,찬성,2023-12-08
21,JVB6983V,2119805,찬성,2023-12-08
21,GP07421U,2119805,불참,2023-12-08
21,FGI27280,2119805,불참,2023-12-08
21,4XG1439M,2119805,찬성,2023-12-08
21,D4L60530,2119805,찬성,2023-12-08
21,M6H1705E,2119805,찬성,2023-12-08
21,09I2323E,2119805,찬성,2023-12-08
21,NTT8182Q,2119805,찬성,2023-12-08
21,A3H7195R,2119805,불참,2023-12-08
21,0VU8517U,2119805,불참,2023-12-08
21,M0A1658U,2119805,찬성,2023-12-08
21,HSW1214Q,2119805,찬성,2023-12-08
21,KR14136C,2119805,불참,2023-12-08
21,WJL30106,2119805,불참,2023-12-08
21,KNM3215T,2119805,불참,2023-12-08
21,UM51067K,2119805,찬성,2023-12-08
21,HKJ99607,2119805,불참,2023-12-08
21,MY318392,2119805,찬성,2023-12-08
21,4T026790,2119805,찬성,2023-12-08
21,GF286398,2119805,불참,2023-12-08
21,8348421R,2119805,불참,2023-12-08
21,H5476989,2119805,찬성,2023-12-08
21,6FS10566,2119805,찬성,2023-12-08
21,HXT76735,2119805,불참,2023-12-08
21,0R68099X,2119805,찬성,2023-12-08
21,2385336L,2119805,찬성,2023-12-08
21,MO52543L,2119805,불참,2023-12-08
21,X1K3667J,2119805,찬성,2023-12-08
21,WTR5885Y,2119805,찬성,2023-12-08
21,IOW1101J,2119805,불참,2023-12-08
21,25I8709Q,2119805,찬성,2023-12-08
21,XWX1513T,2119805,불참,2023-12-08
21,LG63087O,2119805,불참,2023-12-08
21,OW53107J,2119805,불참,2023-12-08
21,PEP6922S,2119805,찬성,2023-12-08
21,DAN6731C,2119805,기권,2023-12-08
21,VG24001G,2119805,불참,2023-12-08
21,IOW8224X,2119805,불참,2023-12-08
21,9JF4562W,2119805,찬성,2023-12-08
21,Y7K5946R,2119805,찬성,2023-12-08
21,Z7Y7827F,2119805,불참,2023-12-08
21,ATB59635,2119805,찬성,2023-12-08
21,FU87526G,2119805,찬성,2023-12-08
21,8SV6917G,2119805,찬성,2023-12-08
21,V0O5343U,2119805,불참,2023-12-08
21,P0F1530P,2119805,불참,2023-12-08
21,LQW3652K,2119805,찬성,2023-12-08
21,RO593601,2119805,찬성,2023-12-08
21,PFG2137X,2119805,찬성,2023-12-08
21,UB114374,2119805,불참,2023-12-08
21,7JC3239L,2119805,찬성,2023-12-08
21,QTW6852F,2108498,불참,2021-03-25
21,7XY7109I,2108498,찬성,2021-03-25
21,TST4507I,2108498,찬성,2021-03-25
21,JC14718Q,2108498,찬성,2021-03-25
21,5KV82250,2108498,반대,2021-03-25
21,L7J93733,2108498,불참,2021-03-25
21,LT72093S,2108498,찬성,2021-03-25
21,6YT83269,2108498,불참,2021-03-25
21,1MU99298,2108498,찬성,2021-03-25
21,FDC3144T,2108498,찬성,2021-03-25
21,17M85910,2108498,찬성,2021-03-25
21,9LD2641Q,2108498,찬성,2021-03-25
21,FOK3459D,2108498,찬성,2021-03-25
21,QUO78839,2108498,불참,2021-03-25
21,BT62420K,2108498,찬성,2021-03-25
21,TZP9391O,2108498,찬성,2021-03-25
21,6V37131U,2108498,찬성,2021-03-25
21,FJK3396E,2108498,찬성,2021-03-25
21,71J2365L,2108498,찬성,2021-03-25
21,E1J8836Y,2108498,찬성,2021-03-25
21,RD42006Y,2108498,찬성,2021-03-25
21,6EN68926,2108498,불참,2021-03-25
21,1BX7234U,2108498,찬성,2021-03-25
21,QHL3248U,2108498,찬성,2021-03-25
21,AE685067,2108498,찬성,2021-03-25
21,TZ228122,2108498,찬성,2021-03-25
21,9V18755A,2108498,찬성,2021-03-25
21,PO64874I,2108498,찬성,2021-03-25
21,GD131760,2108498,불참,2021-03-25
21,ZRF3039U,2108498,찬성,2021-03-25
21,V0O5343U,2108498,찬성,2021-03-25
21,FRN1867O,2108498,찬성,2021-03-25
21,PFG2137X,2108498,찬성,2021-03-25
21,GAV6441G,2108498,찬성,2021-03-25
21,7JC3239L,2108498,기권,2021-03-25
21,8KF7223D,2108498,찬성,2021-03-25
21,8P37634C,2108498,찬성,2021-03-25
21,CNZ51556,2108498,찬성,2021-03-25
21,N4R2421C,2108498,찬성,2021-03-25
21,GDG1847Z,2108498,찬성,2021-03-25
21,O7R5461J,2108498,찬성,2021-03-25
21,TVF3669B,2108498,기권,2021-03-25
21,6AR6743G,2108498,기권,2021-03-25
21,VCP96419,2108498,찬성,2021-03-25
21,8VJ8533R,2108498,찬성,2021-03-25
21,GX22581L,2108498,찬성,2021-03-25
21,SE233396,2108498,찬성,2021-03-25
21,52P3934K,2108498,찬성,2021-03-25
21,B7H6207C,2108498,찬성,2021-03-25
21,6399076T,2108498,찬성,2021-03-25
21,4U29186R,2108498,찬성,2021-03-25
21,F5Y4026Q,2108498,찬성,2021-03-25
21,1Y73132H,2108498,찬성,2021-03-25
21,MSY7784L,2108498,불참,2021-03-25
21,TP066860,2108498,불참,2021-03-25
21,5K93695T,2108498,찬성,2021-03-25
21,KFS1358P,2108498,찬성,2021-03-25
21,A494529E,2108498,찬성,2021-03-25
21,VRY5522V,2108498,찬성,2021-03-25
21,0PK7354M,2108498,찬성,2021-03-25
21,CZB4125D,2108498,찬성,2021-03-25
21,Z6R3959C,2108498,불참,2021-03-25
21,UGH6481E,2108498,찬성,2021-03-25
21,S824682L,2108498,찬성,2021-03-25
21,Q9H5708M,2108498,찬성,2021-03-25
21,MRK4871S,2108498,불참,2021-03-25
21,YKW37422,2108498,불참,2021-03-25
21,2NV6751W,2108498,찬성,2021-03-25
21,BM63269Y,2108498,불참,2021-03-25
21,3ZR4438W,2108498,불참,2021-03-25
21,HSS7466Y,2108498,찬성,2021-03-25
21,8VY63414,2108498,찬성,2021-03-25
21,XR24352K,2108498,찬성,2021-03-25
21,QQP4727N,2108498,찬성,2021-03-25
21,IUL4848V,2108498,불참,2021-03-25
21,BCQ55105,2108498,찬성,2021-03-25
21,GOC54665,2108498,찬성,2021-03-25
21,LJK4960Z,2108498,찬성,2021-03-25
21,K3W33496,2108498,찬성,2021-03-25
21,CI15627C,2108498,불참,2021-03-25
21,21N57758,2108498,찬성,2021-03-25
21,C7E79345,2108498,불참,2021-03-25
21,UQ282145,2108498,찬성,2021-03-25
21,CDL93608,2108498,찬성,2021-03-25
21,2UD1340H,2108498,찬성,2021-03-25
21,EMC8812P,2108498,찬성,2021-03-25
21,XJC13432,2108498,기권,2021-03-25
21,T465023H,2108498,찬성,2021-03-25
21,RQQ3807K,2108498,찬성,2021-03-25
21,FYI20317,2108498,찬성,2021-03-25
21,WVU2479T,2108498,찬성,2021-03-25
21,9D939735,2108498,찬성,2021-03-25
21,JNL7001A,2108498,기권,2021-03-25
21,GKD32201,2108498,찬성,2021-03-25
21,G7512472,2108498,찬성,2021-03-25
21,S741317G,2108498,찬성,2021-03-25
21,CCU1009B,2108498,찬성,2021-03-25
21,2N793392,2108498,찬성,2021-03-25
21,66W6739S,2108498,찬성,2021-03-25
21,QD25323M,2108498,찬성,2021-03-25
21,DAY6557K,2108498,찬성,2021-03-25
21,4XG1439M,2108498,찬성,2021-03-25
21,7I09543O,2108498,찬성,2021-03-25
21,1X376850,2108498,찬성,2021-03-25
21,3DK8989T,2108498,불참,2021-03-25
21,7469929V,2108498,찬성,2021-03-25
21,D4L60530,2108498,찬성,2021-03-25
21,09I2323E,2108498,찬성,2021-03-25
21,NTT8182Q,2108498,찬성,2021-03-25
21,ZYH1940A,2108498,불참,2021-03-25
21,M0A1658U,2108498,찬성,2021-03-25
21,NZF1659U,2108498,찬성,2021-03-25
21,WDS6044S,2108498,불참,2021-03-25
21,ZDR63255,2108498,불참,2021-03-25
21,SRP7336N,2108498,불참,2021-03-25
21,GFF1986K,2108498,찬성,2021-03-25
21,WJL30106,2108498,찬성,2021-03-25
21,5KV96424,2108498,찬성,2021-03-25
21,KNM3215T,2108498,찬성,2021-03-25
21,1WE5693J,2108498,찬성,2021-03-25
21,MY318392,2108498,찬성,2021-03-25
21,4T026790,2108498,찬성,2021-03-25
21,EH27538E,2108498,찬성,2021-03-25
21,WFU14784,2108498,찬성,2021-03-25
21,0WL9321T,2108498,찬성,2021-03-25
21,PZA4062H,2108498,찬성,2021-03-25
21,H5476989,2108498,찬성,2021-03-25
21,4L695580,2108498,찬성,2021-03-25
21,40E3739H,2108498,찬성,2021-03-25
21,RPN2293B,2108498,찬성,2021-03-25
21,V429892C,2108498,찬성,2021-03-25
21,IN328264,2108498,찬성,2021-03-25
21,XBT9550Q,2108498,불참,2021-03-25
21,ZA54991S,2108498,찬성,2021-03-25
21,MO52543L,2108498,찬성,2021-03-25
21,0827740Q,2108498,찬성,2021-03-25
21,WTR5885Y,2108498,찬성,2021-03-25
21,IOW1101J,2108498,찬성,2021-03-25
21,ICH23251,2108498,불참,2021-03-25
21,25I8709Q,2108498,찬성,2021-03-25
21,XWX1513T,2108498,찬성,2021-03-25
21,CT85313K,2108498,찬성,2021-03-25
21,BLC8630L,2108498,찬성,2021-03-25
21,0767470D,2108498,찬성,2021-03-25
21,LG63087O,2108498,찬성,2021-03-25
21,DAN6731C,2108498,불참,2021-03-25
21,VG24001G,2108498,찬성,2021-03-25
21,L2I9861C,2108498,찬성,2021-03-25
21,WCD5518S,2108498,찬성,2021-03-25
21,SVH3899R,2108498,찬성,2021-03-25
21,I434361W,2108498,찬성,2021-03-25
21,9JF4562W,2108498,찬성,2021-03-25
21,Y7K5946R,2108498,찬성,2021-03-25
21,SBK1544B,2108498,찬성,2021-03-25
21,8SV6917G,2108498,찬성,2021-03-25
21,8FC9697X,2108498,찬성,2021-03-25
21,L7T64271,2108498,찬성,2021-03-25
21,4X525582,2108498,불참,2021-03-25
21,3TO11703,2108498,찬성,2021-03-25
21,MU69217P,2108498,찬성,2021-03-25
21,LM13674V,2108498,찬성,2021-03-25
21,GP07421U,2108498,찬성,2021-03-25
21,FGI27280,2108498,찬성,2021-03-25
21,USR7059P,2108498,불참,2021-03-25
21,P2N50879,2108498,찬성,2021-03-25
21,A0P4646G,2108498,찬성,2021-03-25
21,A2V51235,2108498,찬성,2021-03-25
21,M6H1705E,2108498,찬성,2021-03-25
21,OFE45081,2108498,찬성,2021-03-25
21,A3H7195R,2108498,찬성,2021-03-25
21,0VU8517U,2108498,불참,2021-03-25
21,HSW1214Q,2108498,찬성,2021-03-25
21,3BC6890E,2108498,찬성,2021-03-25
21,KR14136C,2108498,찬성,2021-03-25
21,5765663F,2108498,찬성,2021-03-25
21,ZKU88693,2108498,찬성,2021-03-25
21,M7T9712V,2108498,기권,2021-03-25
21,60490713,2108498,찬성,2021-03-25
21,UM51067K,2108498,찬성,2021-03-25
21,HKJ99607,2108498,찬성,2021-03-25
21,X3170462,2108498,찬성,2021-03-25
21,8FB1535Y,2108498,찬성,2021-03-25
21,SU53086M,2108498,찬성,2021-03-25
21,MR210505,2108498,찬성,2021-03-25
21,GF286398,2108498,찬성,2021-03-25
21,8348421R,2108498,찬성,2021-03-25
21,JQA21112,2108498,찬성,2021-03-25
21,HXT76735,2108498,찬성,2021-03-25
21,0R68099X,2108498,찬성,2021-03-25
21,4A067125,2108498,불참,2021-03-25
21,2385336L,2108498,찬성,2021-03-25
21,0W194007,2108498,찬성,2021-03-25
21,X1K3667J,2108498,찬성,2021-03-25
21,WMG57662,2108498,찬성,2021-03-25
21,NCP9875N,2108498,찬성,2021-03-25
21,I5I2468R,2108498,찬성,2021-03-25
21,L5P27909,2108498,찬성,2021-03-25
21,3425169D,2108498,찬성,2021-03-25
21,OIA3741M,2108498,찬성,2021-03-25
21,6MO8786S,2108498,반대,2021-03-25
21,PAO22428,2108498,불참,2021-03-25
21,NQR1206Q,2108498,찬성,2021-03-25
21,NAL4555X,2108498,불참,2021-03-25
21,OW53107J,2108498,찬성,2021-03-25
21,PEP6922S,2108498,찬성,2021-03-25
21,IOW8224X,2108498,찬성,2021-03-25
21,Z7Y7827F,2108498,찬성,2021-03-25
21,ATB59635,2108498,찬성,2021-03-25
21,KUO3574J,2108498,찬성,2021-03-25
21,D6U6678O,2108498,찬성,2021-03-25
21,FU87526G,2108498,불참,2021-03-25
21,S9U45255,2108498,찬성,2021-03-25
21,QKO6165V,2108498,찬성,2021-03-25
21,68P7228G,2108498,찬성,2021-03-25
21,P0F1530P,2108498,불참,2021-03-25
21,XPP2564T,2108498,불참,2021-03-25
21,LQW3652K,2108498,찬성,2021-03-25
21,RO593601,2108498,찬성,2021-03-25
21,UB114374,2108498,찬성,2021-03-25
21,0YT3774N,2108498,찬성,2021-03-25
21,40S1959J,2108498,찬성,2021-03-25
21,IL74008M,2108498,찬성,2021-03-25
21,3C23171A,2108498,찬성,2021-03-25
21,P2N4585G,2108498,찬성,2021-03-25
21,JMY9959W,2108498,찬성,2021-03-25
21,7R156073,2108498,불참,2021-03-25
21,J2O8643H,2108498,기권,2021-03-25
21,6AU2417B,2108498,찬성,2021-03-25
21,B7D7534L,2108498,찬성,2021-03-25
21,AFH96856,2108498,찬성,2021-03-25
21,WHV3448W,2108498,찬성,2021-03-25
21,I0S53762,2108498,찬성,2021-03-25
21,LH97552Q,2108498,기권,2021-03-25
21,TKJ4800F,2108498,찬성,2021-03-25
21,O6D8329R,2108498,불참,2021-03-25
21,04T3751T,2108498,찬성,2021-03-25
21,EVH1507C,2108498,찬성,2021-03-25
21,K5F2023J,2108498,찬성,2021-03-25
21,14M56632,2108498,불참,2021-03-25
21,N9X9673B,2108498,찬성,2021-03-25
21,5MD4184K,2108498,찬성,2021-03-25
21,DPZ7685X,2108498,찬성,2021-03-25
21,6U243644,2108498,찬성,2021-03-25
21,E9R4507P,2108498,찬성,2021-03-25
21,UHB5553T,2108498,찬성,2021-03-25
21,J9S37905,2108498,불참,2021-03-25
21,CAA7713A,2108498,찬성,2021-03-25
21,O0I2045I,2108498,찬성,2021-03-25
21,QUM8288K,2108498,찬성,2021-03-25
21,W4X85128,2108498,기권,2021-03-25
21,CFE3998F,2108498,찬성,2021-03-25
21,JZY9937U,2108498,찬성,2021-03-25
21,M7O7878U,2108498,찬성,2021-03-25
21,YLS4431M,2108498,불참,2021-03-25
21,MNZ4401T,2108498,찬성,2021-03-25
21,16D7652C,2108498,찬성,2021-03-25
21,KB04377U,2108498,기권,2021-03-25
21,FU53642G,2108498,찬성,2021-03-25
21,MLH1404S,2108498,찬성,2021-03-25
21,JEZ3130Q,2108498,찬성,2021-03-25
21,9L57027L,2108498,찬성,2021-03-25
21,5UN9725L,2108498,찬성,2021-03-25
21,M2Q9024I,2108498,찬성,2021-03-25
21,DBA1057Z,2108498,찬성,2021-03-25
21,4019850M,2108498,찬성,2021-03-25
21,9YO73104,2108498,불참,2021-03-25
21,TRE2429O,2108498,찬성,2021-03-25
21,E6U4345C,2108498,찬성,2021-03-25
21,7BM2933Y,2108498,찬성,2021-03-25
21,9VR65006,2108498,찬성,2021-03-25
21,X7I4680R,2108498,불참,2021-03-25
21,D0C85236,2108498,불참,2021-03-25
21,XSP20229,2108498,찬성,2021-03-25
21,3RW63706,2108498,찬성,2021-03-25
21,FH777496,2108498,찬성,2021-03-25
21,8X15119P,2108498,찬성,2021-03-25
21,ZYP7962W,2108498,찬성,2021-03-25
21,CNW5754J,2108498,찬성,2021-03-25
21,3249208I,2108498,찬성,2021-03-25
21,GX38539O,2108498,찬성,2021-03-25
21,8Q88373R,2108498,찬성,2021-03-25
21,XEF29171,2108498,찬성,2021-03-25
21,DAV7257X,2108498,찬성,2021-03-25
21,GE71932C,2108498,반대,2021-03-25
21,G152611B,2108498,찬성,2021-03-25
21,I7R13867,2108498,찬성,2021-03-25
21,SQ36001H,2108498,찬성,2021-03-25
21,G1570880,2108498,찬성,2021-03-25
21,LPB30152,2108498,찬성,2021-03-25
21,MD083627,2108498,찬성,2021-03-25
21,OSV9142K,2108498,찬성,2021-03-25
21,B7R2742J,2108498,찬성,2021-03-25
21,ZDP5704Q,2108498,찬성,2021-03-25
21,7O71647Z,2108498,찬성,2021-03-25
21,W1Q6753M,2108498,찬성,2021-03-25
21,MHK9919B,2108498,찬성,2021-03-25
21,TJW93720,2108498,찬성,2021-03-25
21,9S151177,2108498,찬성,2021-03-25
21,XA42275R,2108498,찬성,2021-03-25
21,JVB6983V,2105884,찬성,2022-10-27
21,E1J8836Y,2105884,불참,2022-10-27
21,7I09543O,2105884,찬성,2022-10-27
21,M0A1658U,2105884,찬성,2022-10-27
21,SRP7336N,2105884,찬성,2022-10-27
21,1WE5693J,2105884,불참,2022-10-27
21,X3170462,2105884,찬성,2022-10-27
21,GF286398,2105884,찬성,2022-10-27
21,0827740Q,2105884,찬성,2022-10-27
21,0W194007,2105884,불참,2022-10-27
21,NCP9875N,2105884,찬성,2022-10-27
21,CT85313K,2105884,불참,2022-10-27
21,VG24001G,2105884,찬성,2022-10-27
21,ATB59635,2105884,찬성,2022-10-27
21,KUO3574J,2105884,불참,2022-10-27
21,8SV6917G,2105884,불참,2022-10-27
21,LQW3652K,2105884,기권,2022-10-27
21,CNZ51556,2105884,찬성,2022-10-27
21,P2N4585G,2105884,찬성,2022-10-27
21,8VJ8533R,2105884,불참,2022-10-27
21,6399076T,2105884,찬성,2022-10-27
21,I0S53762,2105884,불참,2022-10-27
21,5K93695T,2105884,불참,2022-10-27
21,JEZ3130Q,2105884,찬성,2022-10-27
21,IUD9392R,2105884,찬성,2022-10-27
21,K3W33496,2105884,불참,2022-10-27
21,CI15627C,2105884,찬성,2022-10-27
21,TRE2429O,2105884,찬성,2022-10-27
21,XSP20229,2105884,찬성,2022-10-27
21,T465023H,2105884,찬성,2022-10-27
21,8X15119P,2105884,불참,2022-10-27
21,9D939735,2105884,불참,2022-10-27
21,L7J93733,2105884,찬성,2022-10-27
21,FDC3144T,2105884,찬성,2022-10-27
21,QUO78839,2105884,찬성,2022-10-27
21,FJK3396E,2105884,불참,2022-10-27
21,A2V51235,2105884,찬성,2022-10-27
21,F5U2979W,2105884,찬성,2022-10-27
21,YOG1280B,2105884,불참,2022-10-27
21,FIC9046Z,2105884,불참,2022-10-27
21,DWK26447,2105884,찬성,2022-10-27
21,NUB4941Z,2105884,찬성,2022-10-27
21,KFM1081G,2105884,찬성,2022-10-27
21,NLR6572J,2105884,찬성,2022-10-27
21,YTA7297R,2105884,찬성,2022-10-27
21,JNL7001A,2105884,기권,2022-10-27
21,L7T64271,2105884,찬성,2022-10-27
21,4X525582,2105884,불참,2022-10-27
21,GKD32201,2105884,불참,2022-10-27
21,G7512472,2105884,찬성,2022-10-27
21,3TO11703,2105884,찬성,2022-10-27
21,S741317G,2105884,기권,2022-10-27
21,CCU1009B,2105884,찬성,2022-10-27
21,MU69217P,2105884,불참,2022-10-27
21,2N793392,2105884,찬성,2022-10-27
21,66W6739S,2105884,기권,2022-10-27
21,LM13674V,2105884,찬성,2022-10-27
21,QD25323M,2105884,불참,2022-10-27
21,DAY6557K,2105884,불참,2022-10-27
21,GP07421U,2105884,찬성,2022-10-27
21,FGI27280,2105884,불참,2022-10-27
21,USR7059P,2105884,불참,2022-10-27
21,4XG1439M,2105884,불참,2022-10-27
21,P2N50879,2105884,찬성,2022-10-27
21,A0P4646G,2105884,찬성,2022-10-27
21,3DK8989T,2105884,찬성,2022-10-27
21,7469929V,2105884,찬성,2022-10-27
21,D4L60530,2105884,찬성,2022-10-27
21,M6H1705E,2105884,불참,2022-10-27
21,OFE45081,2105884,찬성,2022-10-27
21,09I2323E,2105884,찬성,2022-10-27
21,NTT8182Q,2105884,찬성,2022-10-27
21,A3H7195R,2105884,찬성,2022-10-27
21,ZYH1940A,2105884,찬성,2022-10-27
21,0VU8517U,2105884,찬성,2022-10-27
21,HSW1214Q,2105884,불참,2022-10-27
21,NZF1659U,2105884,찬성,2022-10-27
21,WDS6044S,2105884,불참,2022-10-27
21,3BC6890E,2105884,기권,2022-10-27
21,ZDR63255,2105884,찬성,2022-10-27
21,KR14136C,2105884,찬성,2022-10-27
21,5765663F,2105884,찬성,2022-10-27
21,GFF1986K,2105884,찬성,2022-10-27
21,ZKU88693,2105884,찬성,2022-10-27
21,WJL30106,2105884,불참,2022-10-27
21,5KV96424,2105884,불참,2022-10-27
21,KNM3215T,2105884,찬성,2022-10-27
21,M7T9712V,2105884,찬성,2022-10-27
21,60490713,2105884,찬성,2022-10-27
21,UM51067K,2105884,찬성,2022-10-27
21,HKJ99607,2105884,불참,2022-10-27
21,MY318392,2105884,찬성,2022-10-27
21,8FB1535Y,2105884,불참,2022-10-27
21,4T026790,2105884,찬성,2022-10-27
21,EH27538E,2105884,기권,2022-10-27
21,WFU14784,2105884,찬성,2022-10-27
21,SU53086M,2105884,찬성,2022-10-27
21,0WL9321T,2105884,찬성,2022-10-27
21,PZA4062H,2105884,불참,2022-10-27
21,MR210505,2105884,불참,2022-10-27
21,8348421R,2105884,불참,2022-10-27
21,H5476989,2105884,찬성,2022-10-27
21,JQA21112,2105884,찬성,2022-10-27
21,4L695580,2105884,찬성,2022-10-27
21,40E3739H,2105884,불참,2022-10-27
21,HXT76735,2105884,찬성,2022-10-27
21,RPN2293B,2105884,불참,2022-10-27
21,0R68099X,2105884,찬성,2022-10-27
21,6RM29022,2105884,기권,2022-10-27
21,MQU41854,2105884,불참,2022-10-27
21,V429892C,2105884,찬성,2022-10-27
21,2385336L,2105884,찬성,2022-10-27
21,IN328264,2105884,불참,2022-10-27
21,XBT9550Q,2105884,불참,2022-10-27
21,ZA54991S,2105884,찬성,2022-10-27
21,MO52543L,2105884,불참,2022-10-27
21,X1K3667J,2105884,찬성,2022-10-27
21,WMG57662,2105884,찬성,2022-10-27
21,I5I2468R,2105884,찬성,2022-10-27
21,WTR5885Y,2105884,찬성,2022-10-27
21,3425169D,2105884,찬성,2022-10-27
21,IOW1101J,2105884,불참,2022-10-27
21,ICH23251,2105884,찬성,2022-10-27
21,25I8709Q,2105884,찬성,2022-10-27
21,OIA3741M,2105884,찬성,2022-10-27
21,6MO8786S,2105884,불참,2022-10-27
21,XWX1513T,2105884,불참,2022-10-27
21,BLC8630L,2105884,찬성,2022-10-27
21,NQR1206Q,2105884,찬성,2022-10-27
21,LG63087O,2105884,불참,2022-10-27
21,OW53107J,2105884,찬성,2022-10-27
21,PEP6922S,2105884,찬성,2022-10-27
21,DAN6731C,2105884,불참,2022-10-27
21,L2I9861C,2105884,기권,2022-10-27
21,WCD5518S,2105884,찬성,2022-10-27
21,SVH3899R,2105884,찬성,2022-10-27
21,IOW8224X,2105884,찬성,2022-10-27
21,9JF4562W,2105884,찬성,2022-10-27
21,Y7K5946R,2105884,불참,2022-10-27
21,Z7Y7827F,2105884,찬성,2022-10-27
21,SBK1544B,2105884,불참,2022-10-27
21,D6U6678O,2105884,찬성,2022-10-27
21,FU87526G,2105884,기권,2022-10-27
21,S9U45255,2105884,찬성,2022-10-27
21,8FC9697X,2105884,불참,2022-10-27
21,QKO6165V,2105884,불참,2022-10-27
21,GD131760,2105884,불참,2022-10-27
21,ZRF3039U,2105884,찬성,2022-10-27
21,V0O5343U,2105884,찬성,2022-10-27
21,68P7228G,2105884,찬성,2022-10-27
21,P0F1530P,2105884,불참,2022-10-27
21,XPP2564T,2105884,찬성,2022-10-27
21,FRN1867O,2105884,찬성,2022-10-27
21,RO593601,2105884,찬성,2022-10-27
21,PFG2137X,2105884,찬성,2022-10-27
21,UB114374,2105884,찬성,2022-10-27
21,GAV6441G,2105884,불참,2022-10-27
21,0YT3774N,2105884,찬성,2022-10-27
21,7JC3239L,2105884,불참,2022-10-27
21,40S1959J,2105884,찬성,2022-10-27
21,IL74008M,2105884,찬성,2022-10-27
21,8KF7223D,2105884,찬성,2022-10-27
21,8P37634C,2105884,찬성,2022-10-27
21,N4R2421C,2105884,찬성,2022-10-27
21,3C23171A,2105884,찬성,2022-10-27
21,GDG1847Z,2105884,반대,2022-10-27
21,O7R5461J,2105884,찬성,2022-10-27
21,JMY9959W,2105884,찬성,2022-10-27
21,7R156073,2105884,찬성,2022-10-27
21,6AR6743G,2105884,찬성,2022-10-27
21,J2O8643H,2105884,찬성,2022-10-27
21,VCP96419,2105884,찬성,2022-10-27
21,6AU2417B,2105884,불참,2022-10-27
21,B7D7534L,2105884,찬성,2022-10-27
21,GX22581L,2105884,불참,2022-10-27
21,SE233396,2105884,찬성,2022-10-27
21,AFH96856,2105884,찬성,2022-10-27
21,52P3934K,2105884,찬성,2022-10-27
21,B7H6207C,2105884,불참,2022-10-27
21,4U29186R,2105884,찬성,2022-10-27
21,F5Y4026Q,2105884,찬성,2022-10-27
21,WHV3448W,2105884,불참,2022-10-27
21,6RD62559,2105884,찬성,2022-10-27
21,1Y73132H,2105884,찬성,2022-10-27
21,LH97552Q,2105884,찬성,2022-10-27
21,TKJ4800F,2105884,찬성,2022-10-27
21,O6D8329R,2105884,찬성,2022-10-27
21,04T3751T,2105884,찬성,2022-10-27
21,MSY7784L,2105884,불참,2022-10-27
21,EVH1507C,2105884,찬성,2022-10-27
21,K5F2023J,2105884,찬성,2022-10-27
21,14M56632,2105884,불참,2022-10-27
21,N9X9673B,2105884,찬성,2022-10-27
21,5MD4184K,2105884,불참,2022-10-27
21,DPZ7685X,2105884,찬성,2022-10-27
21,6U243644,2105884,찬성,2022-10-27
21,E9R4507P,2105884,찬성,2022-10-27
21,UHB5553T,2105884,찬성,2022-10-27
21,KFS1358P,2105884,찬성,2022-10-27
21,J9S37905,2105884,기권,2022-10-27
21,A494529E,2105884,불참,2022-10-27
21,VRY5522V,2105884,찬성,2022-10-27
21,CAA7713A,2105884,찬성,2022-10-27
21,0PK7354M,2105884,찬성,2022-10-27
21,O0I2045I,2105884,찬성,2022-10-27
21,CZB4125D,2105884,불참,2022-10-27
21,Z6R3959C,2105884,불참,2022-10-27
21,QUM8288K,2105884,찬성,2022-10-27
21,UGH6481E,2105884,찬성,2022-10-27
21,S824682L,2105884,찬성,2022-10-27
21,W4X85128,2105884,불참,2022-10-27
21,Q9H5708M,2105884,찬성,2022-10-27
21,JZY9937U,2105884,찬성,2022-10-27
21,MRK4871S,2105884,찬성,2022-10-27
21,YKW37422,2105884,찬성,2022-10-27
21,2NV6751W,2105884,찬성,2022-10-27
21,BM63269Y,2105884,불참,2022-10-27
21,M7O7878U,2105884,찬성,2022-10-27
21,YLS4431M,2105884,기권,2022-10-27
21,MNZ4401T,2105884,불참,2022-10-27
21,3ZR4438W,2105884,찬성,2022-10-27
21,HSS7466Y,2105884,찬성,2022-10-27
21,16D7652C,2105884,찬성,2022-10-27
21,KB04377U,2105884,불참,2022-10-27
21,FU53642G,2105884,찬성,2022-10-27
21,MLH1404S,2105884,찬성,2022-10-27
21,8VY63414,2105884,불참,2022-10-27
21,XR24352K,2105884,찬성,2022-10-27
21,QQP4727N,2105884,불참,2022-10-27
21,BCQ55105,2105884,기권,2022-10-27
21,9L57027L,2105884,불참,2022-10-27
21,GOC54665,2105884,찬성,2022-10-27
21,5UN9725L,2105884,찬성,2022-10-27
21,LJK4960Z,2105884,찬성,2022-10-27
21,M2Q9024I,2105884,찬성,2022-10-27
21,DBA1057Z,2105884,찬성,2022-10-27
21,C7E79345,2105884,찬성,2022-10-27
21,4019850M,2105884,찬성,2022-10-27
21,UQ282145,2105884,불참,2022-10-27
21,9YO73104,2105884,찬성,2022-10-27
21,E6U4345C,2105884,찬성,2022-10-27
21,7BM2933Y,2105884,찬성,2022-10-27
21,CDL93608,2105884,불참,2022-10-27
21,2UD1340H,2105884,찬성,2022-10-27
21,9VR65006,2105884,찬성,2022-10-27
21,X7I4680R,2105884,불참,2022-10-27
21,EMC8812P,2105884,불참,2022-10-27
21,XJC13432,2105884,불참,2022-10-27
21,3RW63706,2105884,기권,2022-10-27
21,RQQ3807K,2105884,찬성,2022-10-27
21,FH777496,2105884,찬성,2022-10-27
21,FYI20317,2105884,찬성,2022-10-27
21,ZYP7962W,2105884,불참,2022-10-27
21,CNW5754J,2105884,기권,2022-10-27
21,3249208I,2105884,찬성,2022-10-27
21,GX38539O,2105884,찬성,2022-10-27
21,8Q88373R,2105884,불참,2022-10-27
21,XEF29171,2105884,찬성,2022-10-27
21,WVU2479T,2105884,찬성,2022-10-27
21,QTW6852F,2105884,찬성,2022-10-27
21,7XY7109I,2105884,불참,2022-10-27
21,TST4507I,2105884,찬성,2022-10-27
21,JC14718Q,2105884,찬성,2022-10-27
21,5KV82250,2105884,찬성,2022-10-27
21,DAV7257X,2105884,찬성,2022-10-27
21,LT72093S,2105884,찬성,2022-10-27
21,GE71932C,2105884,찬성,2022-10-27
21,6YT83269,2105884,찬성,2022-10-27
21,1MU99298,2105884,찬성,2022-10-27
21,17M85910,2105884,찬성,2022-10-27
21,G152611B,2105884,불참,2022-10-27
21,I7R13867,2105884,찬성,2022-10-27
21,SQ36001H,2105884,불참,2022-10-27
21,G1570880,2105884,불참,2022-10-27
21,9LD2641Q,2105884,찬성,2022-10-27
21,FOK3459D,2105884,찬성,2022-10-27
21,BT62420K,2105884,찬성,2022-10-27
21,LPB30152,2105884,불참,2022-10-27
21,MD083627,2105884,찬성,2022-10-27
21,TZP9391O,2105884,불참,2022-10-27
21,6V37131U,2105884,찬성,2022-10-27
21,OSV9142K,2105884,찬성,2022-10-27
21,B7R2742J,2105884,찬성,2022-10-27
21,ZDP5704Q,2105884,기권,2022-10-27
21,71J2365L,2105884,찬성,2022-10-27
21,7O71647Z,2105884,찬성,2022-10-27
21,W1Q6753M,2105884,찬성,2022-10-27
21,RD42006Y,2105884,불참,2022-10-27
21,6EN68926,2105884,불참,2022-10-27
21,1BX7234U,2105884,찬성,2022-10-27
21,QHL3248U,2105884,찬성,2022-10-27
21,TJW93720,2105884,찬성,2022-10-27
21,9S151177,2105884,찬성,2022-10-27
21,TZ228122,2105884,찬성,2022-10-27
21,9V18755A,2105884,찬성,2022-10-27
21,XA42275R,2105884,찬성,2022-10-27
21,PO64874I,2105884,찬성,2022-10-27
21,LBC8144B,2105884,불참,2022-10-27
21,VHK3402G,2105884,불참,2022-10-27
21,GKD32201,2104650,찬성,2020-12-10
21,71J2365L,2104650,불참,2020-12-10
21,2N793392,2104650,찬성,2020-12-10
21,WJL30106,2104650,찬성,2020-12-10
21,4L695580,2104650,찬성,2020-12-10
21,2385336L,2104650,찬성,2020-12-10
21,PAO22428,2104650,찬성,2020-12-10
21,VG24001G,2104650,불참,2020-12-10
21,I434361W,2104650,불참,2020-12-10
21,8SV6917G,2104650,불참,2020-12-10
21,GX22581L,2104650,불참,2020-12-10
21,Q9H5708M,2104650,찬성,2020-12-10
21,CI15627C,2104650,찬성,2020-12-10
21,21N57758,2104650,찬성,2020-12-10
21,FDC3144T,2104650,불참,2020-12-10
21,S741317G,2104650,불참,2020-12-10
21,JNL7001A,2104650,불참,2020-12-10
21,L7T64271,2104650,찬성,2020-12-10
21,4X525582,2104650,불참,2020-12-10
21,G7512472,2104650,찬성,2020-12-10
21,3TO11703,2104650,찬성,2020-12-10
21,CCU1009B,2104650,찬성,2020-12-10
21,MU69217P,2104650,불참,2020-12-10
21,66W6739S,2104650,불참,2020-12-10
21,LM13674V,2104650,찬성,2020-12-10
21,QD25323M,2104650,찬성,2020-12-10
21,DAY6557K,2104650,불참,2020-12-10
21,GP07421U,2104650,찬성,2020-12-10
21,FGI27280,2104650,불참,2020-12-10
21,4XG1439M,2104650,찬성,2020-12-10
21,P2N50879,2104650,찬성,2020-12-10
21,A0P4646G,2104650,불참,2020-12-10
21,A2V51235,2104650,찬성,2020-12-10
21,7I09543O,2104650,찬성,2020-12-10
21,1X376850,2104650,불참,2020-12-10
21,3DK8989T,2104650,불참,2020-12-10
21,7469929V,2104650,불참,2020-12-10
21,D4L60530,2104650,찬성,2020-12-10
21,M6H1705E,2104650,찬성,2020-12-10
21,OFE45081,2104650,찬성,2020-12-10
21,NTT8182Q,2104650,찬성,2020-12-10
21,A3H7195R,2104650,찬성,2020-12-10
21,ZYH1940A,2104650,찬성,2020-12-10
21,0VU8517U,2104650,찬성,2020-12-10
21,M0A1658U,2104650,찬성,2020-12-10
21,HSW1214Q,2104650,불참,2020-12-10
21,NZF1659U,2104650,불참,2020-12-10
21,WDS6044S,2104650,불참,2020-12-10
21,3BC6890E,2104650,불참,2020-12-10
21,ZDR63255,2104650,찬성,2020-12-10
21,KR14136C,2104650,찬성,2020-12-10
21,SRP7336N,2104650,불참,2020-12-10
21,5765663F,2104650,찬성,2020-12-10
21,GFF1986K,2104650,찬성,2020-12-10
21,5KV96424,2104650,찬성,2020-12-10
21,KNM3215T,2104650,찬성,2020-12-10
21,M7T9712V,2104650,불참,2020-12-10
21,60490713,2104650,찬성,2020-12-10
21,UM51067K,2104650,찬성,2020-12-10
21,HKJ99607,2104650,찬성,2020-12-10
21,1WE5693J,2104650,찬성,2020-12-10
21,X3170462,2104650,불참,2020-12-10
21,MY318392,2104650,찬성,2020-12-10
21,8FB1535Y,2104650,찬성,2020-12-10
21,4T026790,2104650,찬성,2020-12-10
21,EH27538E,2104650,불참,2020-12-10
21,WFU14784,2104650,불참,2020-12-10
21,SU53086M,2104650,찬성,2020-12-10
21,0WL9321T,2104650,찬성,2020-12-10
21,MR210505,2104650,불참,2020-12-10
21,GF286398,2104650,찬성,2020-12-10
21,8348421R,2104650,불참,2020-12-10
21,H5476989,2104650,찬성,2020-12-10
21,JQA21112,2104650,불참,2020-12-10
21,40E3739H,2104650,불참,2020-12-10
21,HXT76735,2104650,찬성,2020-12-10
21,RPN2293B,2104650,찬성,2020-12-10
21,0R68099X,2104650,찬성,2020-12-10
21,V429892C,2104650,찬성,2020-12-10
21,4A067125,2104650,찬성,2020-12-10
21,IN328264,2104650,찬성,2020-12-10
21,XBT9550Q,2104650,찬성,2020-12-10
21,ZA54991S,2104650,찬성,2020-12-10
21,MO52543L,2104650,찬성,2020-12-10
21,0827740Q,2104650,찬성,2020-12-10
21,0W194007,2104650,찬성,2020-12-10
21,X1K3667J,2104650,찬성,2020-12-10
21,WMG57662,2104650,찬성,2020-12-10
21,NCP9875N,2104650,찬성,2020-12-10
21,I5I2468R,2104650,찬성,2020-12-10
21,WTR5885Y,2104650,찬성,2020-12-10
21,L5P27909,2104650,불참,2020-12-10
21,3425169D,2104650,찬성,2020-12-10
21,IOW1101J,2104650,불참,2020-12-10
21,ICH23251,2104650,찬성,2020-12-10
21,25I8709Q,2104650,찬성,2020-12-10
21,OIA3741M,2104650,찬성,2020-12-10
21,6MO8786S,2104650,불참,2020-12-10
21,XWX1513T,2104650,찬성,2020-12-10
21,CT85313K,2104650,불참,2020-12-10
21,BLC8630L,2104650,찬성,2020-12-10
21,NQR1206Q,2104650,불참,2020-12-10
21,0767470D,2104650,찬성,2020-12-10
21,LG63087O,2104650,불참,2020-12-10
21,NAL4555X,2104650,불참,2020-12-10
21,OW53107J,2104650,찬성,2020-12-10
21,PEP6922S,2104650,찬성,2020-12-10
21,DAN6731C,2104650,불참,2020-12-10
21,L2I9861C,2104650,불참,2020-12-10
21,WCD5518S,2104650,찬성,2020-12-10
21,SVH3899R,2104650,불참,2020-12-10
21,IOW8224X,2104650,찬성,2020-12-10
21,9JF4562W,2104650,찬성,2020-12-10
21,Y7K5946R,2104650,불참,2020-12-10
21,Z7Y7827F,2104650,찬성,2020-12-10
21,ATB59635,2104650,찬성,2020-12-10
21,SBK1544B,2104650,불참,2020-12-10
21,KUO3574J,2104650,찬성,2020-12-10
21,FU87526G,2104650,불참,2020-12-10
21,S9U45255,2104650,불참,2020-12-10
21,8FC9697X,2104650,찬성,2020-12-10
21,QKO6165V,2104650,불참,2020-12-10
21,GD131760,2104650,불참,2020-12-10
21,ZRF3039U,2104650,불참,2020-12-10
21,V0O5343U,2104650,찬성,2020-12-10
21,68P7228G,2104650,찬성,2020-12-10
21,XPP2564T,2104650,찬성,2020-12-10
21,FRN1867O,2104650,찬성,2020-12-10
21,LQW3652K,2104650,불참,2020-12-10
21,PFG2137X,2104650,불참,2020-12-10
21,UB114374,2104650,불참,2020-12-10
21,GAV6441G,2104650,찬성,2020-12-10
21,0YT3774N,2104650,찬성,2020-12-10
21,7JC3239L,2104650,불참,2020-12-10
21,40S1959J,2104650,찬성,2020-12-10
21,IL74008M,2104650,찬성,2020-12-10
21,8KF7223D,2104650,찬성,2020-12-10
21,8P37634C,2104650,찬성,2020-12-10
21,CNZ51556,2104650,불참,2020-12-10
21,N4R2421C,2104650,불참,2020-12-10
21,3C23171A,2104650,찬성,2020-12-10
21,GDG1847Z,2104650,불참,2020-12-10
21,P2N4585G,2104650,찬성,2020-12-10
21,LNR7932L,2104650,찬성,2020-12-10
21,O7R5461J,2104650,찬성,2020-12-10
21,TVF3669B,2104650,불참,2020-12-10
21,JMY9959W,2104650,찬성,2020-12-10
21,7R156073,2104650,찬성,2020-12-10
21,6AR6743G,2104650,불참,2020-12-10
21,J2O8643H,2104650,찬성,2020-12-10
21,VCP96419,2104650,찬성,2020-12-10
21,6AU2417B,2104650,찬성,2020-12-10
21,8VJ8533R,2104650,반대,2020-12-10
21,B7D7534L,2104650,찬성,2020-12-10
21,SE233396,2104650,찬성,2020-12-10
21,AFH96856,2104650,찬성,2020-12-10
21,52P3934K,2104650,불참,2020-12-10
21,B7H6207C,2104650,불참,2020-12-10
21,6399076T,2104650,찬성,2020-12-10
21,4U29186R,2104650,찬성,2020-12-10
21,F5Y4026Q,2104650,찬성,2020-12-10
21,WHV3448W,2104650,찬성,2020-12-10
21,1Y73132H,2104650,불참,2020-12-10
21,I0S53762,2104650,불참,2020-12-10
21,LH97552Q,2104650,불참,2020-12-10
21,TKJ4800F,2104650,찬성,2020-12-10
21,O6D8329R,2104650,찬성,2020-12-10
21,04T3751T,2104650,찬성,2020-12-10
21,MSY7784L,2104650,불참,2020-12-10
21,EVH1507C,2104650,불참,2020-12-10
21,K5F2023J,2104650,찬성,2020-12-10
21,N9X9673B,2104650,찬성,2020-12-10
21,5MD4184K,2104650,찬성,2020-12-10
21,TP066860,2104650,불참,2020-12-10
21,5K93695T,2104650,불참,2020-12-10
21,DPZ7685X,2104650,불참,2020-12-10
21,6U243644,2104650,불참,2020-12-10
21,E9R4507P,2104650,불참,2020-12-10
21,UHB5553T,2104650,찬성,2020-12-10
21,KFS1358P,2104650,찬성,2020-12-10
21,A494529E,2104650,찬성,2020-12-10
21,VRY5522V,2104650,찬성,2020-12-10
21,CAA7713A,2104650,불참,2020-12-10
21,0PK7354M,2104650,찬성,2020-12-10
21,CZB4125D,2104650,불참,2020-12-10
21,Z6R3959C,2104650,불참,2020-12-10
21,QUM8288K,2104650,불참,2020-12-10
21,UGH6481E,2104650,찬성,2020-12-10
21,S824682L,2104650,찬성,2020-12-10
21,W4X85128,2104650,불참,2020-12-10
21,CFE3998F,2104650,찬성,2020-12-10
21,JZY9937U,2104650,찬성,2020-12-10
21,MRK4871S,2104650,불참,2020-12-10
21,YKW37422,2104650,불참,2020-12-10
21,2NV6751W,2104650,찬성,2020-12-10
21,BM63269Y,2104650,찬성,2020-12-10
21,M7O7878U,2104650,찬성,2020-12-10
21,YLS4431M,2104650,불참,2020-12-10
21,MNZ4401T,2104650,찬성,2020-12-10
21,3ZR4438W,2104650,불참,2020-12-10
21,HSS7466Y,2104650,찬성,2020-12-10
21,16D7652C,2104650,찬성,2020-12-10
21,KB04377U,2104650,불참,2020-12-10
21,FU53642G,2104650,찬성,2020-12-10
21,MLH1404S,2104650,찬성,2020-12-10
21,8VY63414,2104650,불참,2020-12-10
21,XR24352K,2104650,찬성,2020-12-10
21,QQP4727N,2104650,불참,2020-12-10
21,IUL4848V,2104650,불참,2020-12-10
21,JEZ3130Q,2104650,불참,2020-12-10
21,BCQ55105,2104650,찬성,2020-12-10
21,9L57027L,2104650,불참,2020-12-10
21,GOC54665,2104650,찬성,2020-12-10
21,5UN9725L,2104650,불참,2020-12-10
21,LJK4960Z,2104650,불참,2020-12-10
21,K3W33496,2104650,찬성,2020-12-10
21,M2Q9024I,2104650,찬성,2020-12-10
21,DBA1057Z,2104650,찬성,2020-12-10
21,C7E79345,2104650,찬성,2020-12-10
21,4019850M,2104650,찬성,2020-12-10
21,UQ282145,2104650,찬성,2020-12-10
21,9YO73104,2104650,찬성,2020-12-10
21,TRE2429O,2104650,찬성,2020-12-10
21,E6U4345C,2104650,찬성,2020-12-10
21,7BM2933Y,2104650,찬성,2020-12-10
21,2UD1340H,2104650,찬성,2020-12-10
21,9VR65006,2104650,불참,2020-12-10
21,EMC8812P,2104650,불참,2020-12-10
21,XJC13432,2104650,불참,2020-12-10
21,T465023H,2104650,찬성,2020-12-10
21,3RW63706,2104650,불참,2020-12-10
21,RQQ3807K,2104650,찬성,2020-12-10
21,FH777496,2104650,찬성,2020-12-10
21,FYI20317,2104650,찬성,2020-12-10
21,8X15119P,2104650,불참,2020-12-10
21,ZYP7962W,2104650,불참,2020-12-10
21,CNW5754J,2104650,불참,2020-12-10
21,GX38539O,2104650,찬성,2020-12-10
21,8Q88373R,2104650,찬성,2020-12-10
21,WVU2479T,2104650,찬성,2020-12-10
21,9D939735,2104650,불참,2020-12-10
21,QTW6852F,2104650,반대,2020-12-10
21,7XY7109I,2104650,불참,2020-12-10
21,TST4507I,2104650,찬성,2020-12-10
21,JC14718Q,2104650,찬성,2020-12-10
21,5KV82250,2104650,불참,2020-12-10
21,L7J93733,2104650,불참,2020-12-10
21,LT72093S,2104650,찬성,2020-12-10
21,GE71932C,2104650,찬성,2020-12-10
21,6YT83269,2104650,불참,2020-12-10
21,1MU99298,2104650,찬성,2020-12-10
21,G152611B,2104650,불참,2020-12-10
21,I7R13867,2104650,찬성,2020-12-10
21,SQ36001H,2104650,찬성,2020-12-10
21,9LD2641Q,2104650,찬성,2020-12-10
21,FOK3459D,2104650,찬성,2020-12-10
21,QUO78839,2104650,찬성,2020-12-10
21,BT62420K,2104650,찬성,2020-12-10
21,LPB30152,2104650,찬성,2020-12-10
21,MD083627,2104650,찬성,2020-12-10
21,TZP9391O,2104650,불참,2020-12-10
21,6V37131U,2104650,찬성,2020-12-10
21,OSV9142K,2104650,불참,2020-12-10
21,B7R2742J,2104650,찬성,2020-12-10
21,FJK3396E,2104650,불참,2020-12-10
21,ZDP5704Q,2104650,불참,2020-12-10
21,7O71647Z,2104650,찬성,2020-12-10
21,W1Q6753M,2104650,찬성,2020-12-10
21,MHK9919B,2104650,불참,2020-12-10
21,E1J8836Y,2104650,불참,2020-12-10
21,RD42006Y,2104650,찬성,2020-12-10
21,6EN68926,2104650,불참,2020-12-10
21,1BX7234U,2104650,찬성,2020-12-10
21,QHL3248U,2104650,찬성,2020-12-10
21,AE685067,2104650,찬성,2020-12-10
21,9S151177,2104650,찬성,2020-12-10
21,TZ228122,2104650,찬성,2020-12-10
21,9V18755A,2104650,찬성,2020-12-10
21,PO64874I,2104650,찬성,2020-12-10
21,USR7059P,2104650,불참,2020-12-10
21,XA42275R,2104650,찬성,2020-12-10
21,ZKU88693,2104650,찬성,2020-12-10
21,PZA4062H,2104650,찬성,2020-12-10
21,D6U6678O,2104650,찬성,2020-12-10
21,P0F1530P,2104650,불참,2020-12-10
21,RO593601,2104650,찬성,2020-12-10
21,14M56632,2104650,불참,2020-12-10
21,J9S37905,2104650,불참,2020-12-10
21,O0I2045I,2104650,찬성,2020-12-10
21,CDL93608,2104650,찬성,2020-12-10
21,X7I4680R,2104650,불참,2020-12-10
21,D0C85236,2104650,불참,2020-12-10
21,XSP20229,2104650,찬성,2020-12-10
21,3249208I,2104650,찬성,2020-12-10
21,XEF29171,2104650,찬성,2020-12-10
21,DAV7257X,2104650,찬성,2020-12-10
21,17M85910,2104650,찬성,2020-12-10
21,G1570880,2104650,찬성,2020-12-10
21,TJW93720,2104650,찬성,2020-12-10
21,09I2323E,2104650,찬성,2020-12-10
21,IUD9392R,2125509,불참,2023-11-30
21,DBA1057Z,2125509,불참,2023-11-30
21,UQ282145,2125509,찬성,2023-11-30
21,T465023H,2125509,찬성,2023-11-30
21,CNW5754J,2125509,찬성,2023-11-30
21,8Q88373R,2125509,불참,2023-11-30
21,7XY7109I,2125509,찬성,2023-11-30
21,LT72093S,2125509,찬성,2023-11-30
21,FDC3144T,2125509,찬성,2023-11-30
21,I7R13867,2125509,찬성,2023-11-30
21,SQ36001H,2125509,찬성,2023-11-30
21,MD083627,2125509,찬성,2023-11-30
21,B7R2742J,2125509,찬성,2023-11-30
21,71J2365L,2125509,찬성,2023-11-30
21,7O71647Z,2125509,찬성,2023-11-30
21,RD42006Y,2125509,찬성,2023-11-30
21,TJW93720,2125509,찬성,2023-11-30
21,9S151177,2125509,찬성,2023-11-30
21,PO64874I,2125509,찬성,2023-11-30
21,YOG1280B,2125509,찬성,2023-11-30
21,NUB4941Z,2125509,찬성,2023-11-30
21,F0I5053J,2125509,찬성,2023-11-30
21,3TO11703,2125509,찬성,2023-11-30
21,66W6739S,2125509,찬성,2023-11-30
21,DAY6557K,2125509,찬성,2023-11-30
21,USR7059P,2125509,찬성,2023-11-30
21,P2N50879,2125509,찬성,2023-11-30
21,A2V51235,2125509,찬성,2023-11-30
21,7I09543O,2125509,찬성,2023-11-30
21,7469929V,2125509,찬성,2023-11-30
21,OFE45081,2125509,찬성,2023-11-30
21,WDS6044S,2125509,찬성,2023-11-30
21,M7T9712V,2125509,불참,2023-11-30
21,1WE5693J,2125509,찬성,2023-11-30
21,X3170462,2125509,불참,2023-11-30
21,8FB1535Y,2125509,찬성,2023-11-30
21,SU53086M,2125509,찬성,2023-11-30
21,0WL9321T,2125509,찬성,2023-11-30
21,MR210505,2125509,찬성,2023-11-30
21,40E3739H,2125509,찬성,2023-11-30
21,RPN2293B,2125509,찬성,2023-11-30
21,6RM29022,2125509,찬성,2023-11-30
21,ZA54991S,2125509,찬성,2023-11-30
21,0827740Q,2125509,기권,2023-11-30
21,0W194007,2125509,찬성,2023-11-30
21,NCP9875N,2125509,찬성,2023-11-30
21,I5I2468R,2125509,찬성,2023-11-30
21,3425169D,2125509,찬성,2023-11-30
21,6MO8786S,2125509,불참,2023-11-30
21,CT85313K,2125509,찬성,2023-11-30
21,BLC8630L,2125509,찬성,2023-11-30
21,NQR1206Q,2125509,찬성,2023-11-30
21,L2I9861C,2125509,찬성,2023-11-30
21,KUO3574J,2125509,찬성,2023-11-30
21,D6U6678O,2125509,찬성,2023-11-30
21,8FC9697X,2125509,찬성,2023-11-30
21,ZRF3039U,2125509,찬성,2023-11-30
21,68P7228G,2125509,찬성,2023-11-30
21,0YT3774N,2125509,찬성,2023-11-30
21,IL74008M,2125509,찬성,2023-11-30
21,8KF7223D,2125509,불참,2023-11-30
21,3C23171A,2125509,찬성,2023-11-30
21,GDG1847Z,2125509,반대,2023-11-30
21,P2N4585G,2125509,찬성,2023-11-30
21,VCP96419,2125509,찬성,2023-11-30
21,B7D7534L,2125509,찬성,2023-11-30
21,6399076T,2125509,찬성,2023-11-30
21,F5Y4026Q,2125509,찬성,2023-11-30
21,WHV3448W,2125509,찬성,2023-11-30
21,LH97552Q,2125509,찬성,2023-11-30
21,O6D8329R,2125509,찬성,2023-11-30
21,MSY7784L,2125509,찬성,2023-11-30
21,N9X9673B,2125509,찬성,2023-11-30
21,VRY5522V,2125509,찬성,2023-11-30
21,CAA7713A,2125509,불참,2023-11-30
21,UGH6481E,2125509,찬성,2023-11-30
21,YKW37422,2125509,찬성,2023-11-30
21,YLS4431M,2125509,찬성,2023-11-30
21,KB04377U,2125509,찬성,2023-11-30
21,8VY63414,2125509,찬성,2023-11-30
21,QQP4727N,2125509,불참,2023-11-30
21,BCQ55105,2125509,찬성,2023-11-30
21,LJK4960Z,2125509,찬성,2023-11-30
21,F5U2979W,2125509,반대,2023-11-30
21,FIC9046Z,2125509,찬성,2023-11-30
21,DWK26447,2125509,찬성,2023-11-30
21,KFM1081G,2125509,찬성,2023-11-30
21,NLR6572J,2125509,찬성,2023-11-30
21,YTA7297R,2125509,찬성,2023-11-30
21,L7T64271,2125509,찬성,2023-11-30
21,4X525582,2125509,찬성,2023-11-30
21,GKD32201,2125509,찬성,2023-11-30
21,G7512472,2125509,찬성,2023-11-30
21,S741317G,2125509,찬성,2023-11-30
21,CCU1009B,2125509,찬성,2023-11-30
21,MU69217P,2125509,찬성,2023-11-30
21,2N793392,2125509,찬성,2023-11-30
21,LM13674V,2125509,찬성,2023-11-30
21,QD25323M,2125509,찬성,2023-11-30
21,JVB6983V,2125509,찬성,2023-11-30
21,GP07421U,2125509,찬성,2023-11-30
21,FGI27280,2125509,불참,2023-11-30
21,4XG1439M,2125509,찬성,2023-11-30
21,A0P4646G,2125509,찬성,2023-11-30
21,3DK8989T,2125509,찬성,2023-11-30
21,D4L60530,2125509,불참,2023-11-30
21,M6H1705E,2125509,찬성,2023-11-30
21,09I2323E,2125509,찬성,2023-11-30
21,NTT8182Q,2125509,찬성,2023-11-30
21,A3H7195R,2125509,불참,2023-11-30
21,ZYH1940A,2125509,불참,2023-11-30
21,0VU8517U,2125509,찬성,2023-11-30
21,M0A1658U,2125509,찬성,2023-11-30
21,HSW1214Q,2125509,찬성,2023-11-30
21,NZF1659U,2125509,찬성,2023-11-30
21,3BC6890E,2125509,찬성,2023-11-30
21,ZDR63255,2125509,찬성,2023-11-30
21,KR14136C,2125509,찬성,2023-11-30
21,5765663F,2125509,찬성,2023-11-30
21,GFF1986K,2125509,찬성,2023-11-30
21,ZKU88693,2125509,기권,2023-11-30
21,WJL30106,2125509,불참,2023-11-30
21,5KV96424,2125509,불참,2023-11-30
21,KNM3215T,2125509,찬성,2023-11-30
21,60490713,2125509,찬성,2023-11-30
21,UM51067K,2125509,찬성,2023-11-30
21,HKJ99607,2125509,찬성,2023-11-30
21,MY318392,2125509,불참,2023-11-30
21,4T026790,2125509,찬성,2023-11-30
21,EH27538E,2125509,찬성,2023-11-30
21,WFU14784,2125509,찬성,2023-11-30
21,PZA4062H,2125509,찬성,2023-11-30
21,GF286398,2125509,찬성,2023-11-30
21,8348421R,2125509,찬성,2023-11-30
21,H5476989,2125509,찬성,2023-11-30
21,JQA21112,2125509,찬성,2023-11-30
21,4L695580,2125509,찬성,2023-11-30
21,6FS10566,2125509,찬성,2023-11-30
21,HXT76735,2125509,찬성,2023-11-30
21,0R68099X,2125509,찬성,2023-11-30
21,MQU41854,2125509,찬성,2023-11-30
21,V429892C,2125509,기권,2023-11-30
21,2385336L,2125509,찬성,2023-11-30
21,IN328264,2125509,불참,2023-11-30
21,XBT9550Q,2125509,찬성,2023-11-30
21,MO52543L,2125509,찬성,2023-11-30
21,X1K3667J,2125509,불참,2023-11-30
21,WMG57662,2125509,찬성,2023-11-30
21,WTR5885Y,2125509,찬성,2023-11-30
21,IOW1101J,2125509,찬성,2023-11-30
21,25I8709Q,2125509,찬성,2023-11-30
21,OIA3741M,2125509,찬성,2023-11-30
21,XWX1513T,2125509,찬성,2023-11-30
21,LG63087O,2125509,찬성,2023-11-30
21,OW53107J,2125509,찬성,2023-11-30
21,PEP6922S,2125509,찬성,2023-11-30
21,DAN6731C,2125509,찬성,2023-11-30
21,VG24001G,2125509,찬성,2023-11-30
21,WCD5518S,2125509,찬성,2023-11-30
21,SVH3899R,2125509,찬성,2023-11-30
21,IOW8224X,2125509,찬성,2023-11-30
21,9JF4562W,2125509,찬성,2023-11-30
21,Y7K5946R,2125509,찬성,2023-11-30
21,Z7Y7827F,2125509,찬성,2023-11-30
21,ATB59635,2125509,찬성,2023-11-30
21,FU87526G,2125509,찬성,2023-11-30
21,S9U45255,2125509,찬성,2023-11-30
21,8SV6917G,2125509,불참,2023-11-30
21,QKO6165V,2125509,불참,2023-11-30
21,GD131760,2125509,찬성,2023-11-30
21,V0O5343U,2125509,찬성,2023-11-30
21,P0F1530P,2125509,불참,2023-11-30
21,XPP2564T,2125509,불참,2023-11-30
21,FRN1867O,2125509,찬성,2023-11-30
21,LQW3652K,2125509,찬성,2023-11-30
21,RO593601,2125509,찬성,2023-11-30
21,PFG2137X,2125509,찬성,2023-11-30
21,UB114374,2125509,찬성,2023-11-30
21,GAV6441G,2125509,찬성,2023-11-30
21,7JC3239L,2125509,찬성,2023-11-30
21,40S1959J,2125509,찬성,2023-11-30
21,8P37634C,2125509,찬성,2023-11-30
21,CNZ51556,2125509,찬성,2023-11-30
21,N4R2421C,2125509,찬성,2023-11-30
21,O7R5461J,2125509,찬성,2023-11-30
21,JMY9959W,2125509,불참,2023-11-30
21,7R156073,2125509,찬성,2023-11-30
21,6AR6743G,2125509,찬성,2023-11-30
21,J2O8643H,2125509,찬성,2023-11-30
21,6AU2417B,2125509,찬성,2023-11-30
21,8VJ8533R,2125509,찬성,2023-11-30
21,GX22581L,2125509,찬성,2023-11-30
21,SE233396,2125509,찬성,2023-11-30
21,AFH96856,2125509,찬성,2023-11-30
21,52P3934K,2125509,찬성,2023-11-30
21,B7H6207C,2125509,찬성,2023-11-30
21,4U29186R,2125509,찬성,2023-11-30
21,6RD62559,2125509,찬성,2023-11-30
21,1Y73132H,2125509,찬성,2023-11-30
21,I0S53762,2125509,불참,2023-11-30
21,TKJ4800F,2125509,찬성,2023-11-30
21,04T3751T,2125509,찬성,2023-11-30
21,EVH1507C,2125509,찬성,2023-11-30
21,K5F2023J,2125509,찬성,2023-11-30
21,14M56632,2125509,찬성,2023-11-30
21,5MD4184K,2125509,찬성,2023-11-30
21,5K93695T,2125509,찬성,2023-11-30
21,DPZ7685X,2125509,찬성,2023-11-30
21,6U243644,2125509,찬성,2023-11-30
21,E9R4507P,2125509,찬성,2023-11-30
21,UHB5553T,2125509,찬성,2023-11-30
21,KFS1358P,2125509,찬성,2023-11-30
21,J9S37905,2125509,찬성,2023-11-30
21,A494529E,2125509,불참,2023-11-30
21,0PK7354M,2125509,찬성,2023-11-30
21,O0I2045I,2125509,찬성,2023-11-30
21,CZB4125D,2125509,불참,2023-11-30
21,Z6R3959C,2125509,찬성,2023-11-30
21,QUM8288K,2125509,찬성,2023-11-30
21,S824682L,2125509,찬성,2023-11-30
21,W4X85128,2125509,불참,2023-11-30
21,Q9H5708M,2125509,찬성,2023-11-30
21,JZY9937U,2125509,찬성,2023-11-30
21,MRK4871S,2125509,찬성,2023-11-30
21,2NV6751W,2125509,찬성,2023-11-30
21,BM63269Y,2125509,찬성,2023-11-30
21,M7O7878U,2125509,찬성,2023-11-30
21,MNZ4401T,2125509,찬성,2023-11-30
21,3ZR4438W,2125509,찬성,2023-11-30
21,HSS7466Y,2125509,찬성,2023-11-30
21,16D7652C,2125509,불참,2023-11-30
21,FU53642G,2125509,찬성,2023-11-30
21,MLH1404S,2125509,찬성,2023-11-30
21,XR24352K,2125509,찬성,2023-11-30
21,JEZ3130Q,2125509,찬성,2023-11-30
21,9L57027L,2125509,불참,2023-11-30
21,GOC54665,2125509,찬성,2023-11-30
21,5UN9725L,2125509,찬성,2023-11-30
21,K3W33496,2125509,찬성,2023-11-30
21,NCO99988,2125509,찬성,2023-11-30
21,M2Q9024I,2125509,찬성,2023-11-30
21,CI15627C,2125509,찬성,2023-11-30
21,C7E79345,2125509,찬성,2023-11-30
21,4019850M,2125509,찬성,2023-11-30
21,9YO73104,2125509,찬성,2023-11-30
21,TRE2429O,2125509,불참,2023-11-30
21,E6U4345C,2125509,찬성,2023-11-30
21,7BM2933Y,2125509,찬성,2023-11-30
21,CDL93608,2125509,불참,2023-11-30
21,2UD1340H,2125509,찬성,2023-11-30
21,9VR65006,2125509,찬성,2023-11-30
21,X7I4680R,2125509,찬성,2023-11-30
21,EMC8812P,2125509,찬성,2023-11-30
21,XJC13432,2125509,찬성,2023-11-30
21,XSP20229,2125509,찬성,2023-11-30
21,3RW63706,2125509,찬성,2023-11-30
21,RQQ3807K,2125509,불참,2023-11-30
21,FH777496,2125509,찬성,2023-11-30
21,FYI20317,2125509,찬성,2023-11-30
21,8X15119P,2125509,불참,2023-11-30
21,ZYP7962W,2125509,찬성,2023-11-30
21,3249208I,2125509,찬성,2023-11-30
21,GX38539O,2125509,찬성,2023-11-30
21,XEF29171,2125509,찬성,2023-11-30
21,WVU2479T,2125509,불참,2023-11-30
21,9D939735,2125509,찬성,2023-11-30
21,QTW6852F,2125509,찬성,2023-11-30
21,TST4507I,2125509,찬성,2023-11-30
21,JC14718Q,2125509,찬성,2023-11-30
21,5KV82250,2125509,반대,2023-11-30
21,L7J93733,2125509,찬성,2023-11-30
21,DAV7257X,2125509,찬성,2023-11-30
21,GE71932C,2125509,찬성,2023-11-30
21,6YT83269,2125509,찬성,2023-11-30
21,1MU99298,2125509,찬성,2023-11-30
21,17M85910,2125509,찬성,2023-11-30
21,G152611B,2125509,불참,2023-11-30
21,G1570880,2125509,찬성,2023-11-30
21,9LD2641Q,2125509,찬성,2023-11-30
21,FOK3459D,2125509,불참,2023-11-30
21,QUO78839,2125509,찬성,2023-11-30
21,BT62420K,2125509,불참,2023-11-30
21,LPB30152,2125509,찬성,2023-11-30
21,TZP9391O,2125509,찬성,2023-11-30
21,6V37131U,2125509,찬성,2023-11-30
21,OSV9142K,2125509,찬성,2023-11-30
21,FJK3396E,2125509,찬성,2023-11-30
21,ZDP5704Q,2125509,찬성,2023-11-30
21,W1Q6753M,2125509,찬성,2023-11-30
21,E1J8836Y,2125509,찬성,2023-11-30
21,6EN68926,2125509,찬성,2023-11-30
21,1BX7234U,2125509,불참,2023-11-30
21,QHL3248U,2125509,불참,2023-11-30
21,TZ228122,2125509,찬성,2023-11-30
21,9V18755A,2125509,찬성,2023-11-30
21,XA42275R,2125509,찬성,2023-11-30
21,LBC8144B,2125509,찬성,2023-11-30
21,VHK3402G,2125509,찬성,2023-11-30
21,F5U2979W,2110800,찬성,2023-12-20
21,YOG1280B,2110800,찬성,2023-12-20
21,NUB4941Z,2110800,찬성,2023-12-20
21,KFM1081G,2110800,불참,2023-12-20
21,F0I5053J,2110800,불참,2023-12-20
21,YTA7297R,2110800,찬성,2023-12-20
21,G7512472,2110800,불참,2023-12-20
21,3TO11703,2110800,찬성,2023-12-20
21,MU69217P,2110800,찬성,2023-12-20
21,66W6739S,2110800,찬성,2023-12-20
21,QD25323M,2110800,찬성,2023-12-20
21,DAY6557K,2110800,찬성,2023-12-20
21,USR7059P,2110800,찬성,2023-12-20
21,4XG1439M,2110800,찬성,2023-12-20
21,P2N50879,2110800,불참,2023-12-20
21,A0P4646G,2110800,찬성,2023-12-20
21,A2V51235,2110800,찬성,2023-12-20
21,7I09543O,2110800,찬성,2023-12-20
21,3DK8989T,2110800,불참,2023-12-20
21,OFE45081,2110800,찬성,2023-12-20
21,09I2323E,2110800,찬성,2023-12-20
21,M0A1658U,2110800,찬성,2023-12-20
21,NZF1659U,2110800,불참,2023-12-20
21,WDS6044S,2110800,찬성,2023-12-20
21,3BC6890E,2110800,찬성,2023-12-20
21,ZDR63255,2110800,불참,2023-12-20
21,5765663F,2110800,찬성,2023-12-20
21,GFF1986K,2110800,찬성,2023-12-20
21,ZKU88693,2110800,불참,2023-12-20
21,5KV96424,2110800,찬성,2023-12-20
21,M7T9712V,2110800,찬성,2023-12-20
21,60490713,2110800,불참,2023-12-20
21,UM51067K,2110800,찬성,2023-12-20
21,1WE5693J,2110800,불참,2023-12-20
21,X3170462,2110800,불참,2023-12-20
21,8FB1535Y,2110800,찬성,2023-12-20
21,4T026790,2110800,찬성,2023-12-20
21,EH27538E,2110800,찬성,2023-12-20
21,WFU14784,2110800,찬성,2023-12-20
21,SU53086M,2110800,찬성,2023-12-20
21,0WL9321T,2110800,불참,2023-12-20
21,PZA4062H,2110800,찬성,2023-12-20
21,MR210505,2110800,불참,2023-12-20
21,JQA21112,2110800,불참,2023-12-20
21,4L695580,2110800,찬성,2023-12-20
21,40E3739H,2110800,찬성,2023-12-20
21,RPN2293B,2110800,찬성,2023-12-20
21,6RM29022,2110800,찬성,2023-12-20
21,MQU41854,2110800,찬성,2023-12-20
21,V429892C,2110800,불참,2023-12-20
21,IN328264,2110800,불참,2023-12-20
21,XBT9550Q,2110800,불참,2023-12-20
21,ZA54991S,2110800,찬성,2023-12-20
21,0827740Q,2110800,찬성,2023-12-20
21,0W194007,2110800,불참,2023-12-20
21,WMG57662,2110800,찬성,2023-12-20
21,NCP9875N,2110800,불참,2023-12-20
21,I5I2468R,2110800,찬성,2023-12-20
21,3425169D,2110800,찬성,2023-12-20
21,OIA3741M,2110800,찬성,2023-12-20
21,6MO8786S,2110800,찬성,2023-12-20
21,CT85313K,2110800,찬성,2023-12-20
21,BLC8630L,2110800,찬성,2023-12-20
21,NQR1206Q,2110800,찬성,2023-12-20
21,L2I9861C,2110800,찬성,2023-12-20
21,WCD5518S,2110800,불참,2023-12-20
21,SVH3899R,2110800,찬성,2023-12-20
21,IOW8224X,2110800,찬성,2023-12-20
21,9JF4562W,2110800,찬성,2023-12-20
21,Y7K5946R,2110800,찬성,2023-12-20
21,KUO3574J,2110800,찬성,2023-12-20
21,D6U6678O,2110800,찬성,2023-12-20
21,8SV6917G,2110800,찬성,2023-12-20
21,8FC9697X,2110800,불참,2023-12-20
21,QKO6165V,2110800,불참,2023-12-20
21,GD131760,2110800,불참,2023-12-20
21,ZRF3039U,2110800,찬성,2023-12-20
21,68P7228G,2110800,찬성,2023-12-20
21,XPP2564T,2110800,찬성,2023-12-20
21,FRN1867O,2110800,찬성,2023-12-20
21,PFG2137X,2110800,찬성,2023-12-20
21,GAV6441G,2110800,찬성,2023-12-20
21,0YT3774N,2110800,불참,2023-12-20
21,40S1959J,2110800,불참,2023-12-20
21,IL74008M,2110800,찬성,2023-12-20
21,8KF7223D,2110800,불참,2023-12-20
21,8P37634C,2110800,불참,2023-12-20
21,CNZ51556,2110800,불참,2023-12-20
21,3C23171A,2110800,찬성,2023-12-20
21,GDG1847Z,2110800,찬성,2023-12-20
21,P2N4585G,2110800,찬성,2023-12-20
21,JMY9959W,2110800,불참,2023-12-20
21,7R156073,2110800,찬성,2023-12-20
21,6AR6743G,2110800,불참,2023-12-20
21,VCP96419,2110800,불참,2023-12-20
21,B7D7534L,2110800,찬성,2023-12-20
21,GX22581L,2110800,불참,2023-12-20
21,SE233396,2110800,찬성,2023-12-20
21,AFH96856,2110800,불참,2023-12-20
21,B7H6207C,2110800,찬성,2023-12-20
21,6399076T,2110800,찬성,2023-12-20
21,4U29186R,2110800,불참,2023-12-20
21,F5Y4026Q,2110800,찬성,2023-12-20
21,WHV3448W,2110800,찬성,2023-12-20
21,6RD62559,2110800,찬성,2023-12-20
21,LH97552Q,2110800,찬성,2023-12-20
21,TKJ4800F,2110800,찬성,2023-12-20
21,O6D8329R,2110800,불참,2023-12-20
21,MSY7784L,2110800,불참,2023-12-20
21,EVH1507C,2110800,찬성,2023-12-20
21,N9X9673B,2110800,불참,2023-12-20
21,5MD4184K,2110800,찬성,2023-12-20
21,5K93695T,2110800,불참,2023-12-20
21,DPZ7685X,2110800,찬성,2023-12-20
21,E9R4507P,2110800,찬성,2023-12-20
21,UHB5553T,2110800,찬성,2023-12-20
21,J9S37905,2110800,불참,2023-12-20
21,VRY5522V,2110800,불참,2023-12-20
21,CAA7713A,2110800,찬성,2023-12-20
21,0PK7354M,2110800,찬성,2023-12-20
21,O0I2045I,2110800,찬성,2023-12-20
21,CZB4125D,2110800,불참,2023-12-20
21,Z6R3959C,2110800,불참,2023-12-20
21,UGH6481E,2110800,불참,2023-12-20
21,W4X85128,2110800,불참,2023-12-20
21,Q9H5708M,2110800,불참,2023-12-20
21,JZY9937U,2110800,불참,2023-12-20
21,YKW37422,2110800,찬성,2023-12-20
21,2NV6751W,2110800,불참,2023-12-20
21,BM63269Y,2110800,불참,2023-12-20
21,3ZR4438W,2110800,찬성,2023-12-20
21,KB04377U,2110800,찬성,2023-12-20
21,FU53642G,2110800,찬성,2023-12-20
21,8VY63414,2110800,찬성,2023-12-20
21,QQP4727N,2110800,불참,2023-12-20
21,BCQ55105,2110800,불참,2023-12-20
21,5UN9725L,2110800,불참,2023-12-20
21,LJK4960Z,2110800,찬성,2023-12-20
21,IUD9392R,2110800,불참,2023-12-20
21,M2Q9024I,2110800,불참,2023-12-20
21,DBA1057Z,2110800,찬성,2023-12-20
21,UQ282145,2110800,불참,2023-12-20
21,TRE2429O,2110800,불참,2023-12-20
21,E6U4345C,2110800,찬성,2023-12-20
21,7BM2933Y,2110800,찬성,2023-12-20
21,CDL93608,2110800,불참,2023-12-20
21,X7I4680R,2110800,불참,2023-12-20
21,XJC13432,2110800,불참,2023-12-20
21,T465023H,2110800,찬성,2023-12-20
21,RQQ3807K,2110800,찬성,2023-12-20
21,FH777496,2110800,찬성,2023-12-20
21,8X15119P,2110800,불참,2023-12-20
21,ZYP7962W,2110800,불참,2023-12-20
21,CNW5754J,2110800,찬성,2023-12-20
21,3249208I,2110800,불참,2023-12-20
21,GX38539O,2110800,찬성,2023-12-20
21,8Q88373R,2110800,불참,2023-12-20
21,XEF29171,2110800,불참,2023-12-20
21,7XY7109I,2110800,찬성,2023-12-20
21,JC14718Q,2110800,찬성,2023-12-20
21,LT72093S,2110800,불참,2023-12-20
21,6YT83269,2110800,불참,2023-12-20
21,FDC3144T,2110800,찬성,2023-12-20
21,I7R13867,2110800,찬성,2023-12-20
21,SQ36001H,2110800,불참,2023-12-20
21,9LD2641Q,2110800,불참,2023-12-20
21,LPB30152,2110800,찬성,2023-12-20
21,MD083627,2110800,찬성,2023-12-20
21,OSV9142K,2110800,찬성,2023-12-20
21,B7R2742J,2110800,찬성,2023-12-20
21,ZDP5704Q,2110800,찬성,2023-12-20
21,7O71647Z,2110800,불참,2023-12-20
21,W1Q6753M,2110800,찬성,2023-12-20
21,E1J8836Y,2110800,불참,2023-12-20
21,RD42006Y,2110800,불참,2023-12-20
21,QHL3248U,2110800,불참,2023-12-20
21,TJW93720,2110800,기권,2023-12-20
21,9S151177,2110800,불참,2023-12-20
21,9V18755A,2110800,찬성,2023-12-20
21,XA42275R,2110800,찬성,2023-12-20
21,PO64874I,2110800,불참,2023-12-20
21,VHK3402G,2110800,찬성,2023-12-20
21,14M56632,2110800,찬성,2023-12-20
21,6U243644,2110800,찬성,2023-12-20
21,KFS1358P,2110800,찬성,2023-12-20
21,A494529E,2110800,불참,2023-12-20
21,QUM8288K,2110800,불참,2023-12-20
21,S824682L,2110800,찬성,2023-12-20
21,MRK4871S,2110800,불참,2023-12-20
21,M7O7878U,2110800,찬성,2023-12-20
21,YLS4431M,2110800,찬성,2023-12-20
21,MNZ4401T,2110800,불참,2023-12-20
21,HSS7466Y,2110800,찬성,2023-12-20
21,16D7652C,2110800,불참,2023-12-20
21,MLH1404S,2110800,찬성,2023-12-20
21,XR24352K,2110800,찬성,2023-12-20
21,JEZ3130Q,2110800,찬성,2023-12-20
21,9L57027L,2110800,불참,2023-12-20
21,GOC54665,2110800,불참,2023-12-20
21,K3W33496,2110800,찬성,2023-12-20
21,NCO99988,2110800,찬성,2023-12-20
21,CI15627C,2110800,불참,2023-12-20
21,C7E79345,2110800,불참,2023-12-20
21,4019850M,2110800,찬성,2023-12-20
21,9YO73104,2110800,찬성,2023-12-20
21,2UD1340H,2110800,찬성,2023-12-20
21,9VR65006,2110800,불참,2023-12-20
21,EMC8812P,2110800,찬성,2023-12-20
21,XSP20229,2110800,찬성,2023-12-20
21,3RW63706,2110800,찬성,2023-12-20
21,FYI20317,2110800,찬성,2023-12-20
21,WVU2479T,2110800,불참,2023-12-20
21,9D939735,2110800,불참,2023-12-20
21,QTW6852F,2110800,불참,2023-12-20
21,TST4507I,2110800,기권,2023-12-20
21,5KV82250,2110800,찬성,2023-12-20
21,L7J93733,2110800,찬성,2023-12-20
21,DAV7257X,2110800,찬성,2023-12-20
21,GE71932C,2110800,불참,2023-12-20
21,1MU99298,2110800,찬성,2023-12-20
21,17M85910,2110800,찬성,2023-12-20
21,G152611B,2110800,불참,2023-12-20
21,G1570880,2110800,찬성,2023-12-20
21,FOK3459D,2110800,불참,2023-12-20
21,QUO78839,2110800,찬성,2023-12-20
21,BT62420K,2110800,찬성,2023-12-20
21,TZP9391O,2110800,찬성,2023-12-20
21,6V37131U,2110800,불참,2023-12-20
21,FJK3396E,2110800,찬성,2023-12-20
21,71J2365L,2110800,불참,2023-12-20
21,6EN68926,2110800,찬성,2023-12-20
21,1BX7234U,2110800,찬성,2023-12-20
21,TZ228122,2110800,불참,2023-12-20
21,LBC8144B,2110800,찬성,2023-12-20
21,FIC9046Z,2110800,찬성,2023-12-20
21,DWK26447,2110800,불참,2023-12-20
21,NLR6572J,2110800,찬성,2023-12-20
21,L7T64271,2110800,찬성,2023-12-20
21,4X525582,2110800,찬성,2023-12-20
21,GKD32201,2110800,불참,2023-12-20
21,S741317G,2110800,찬성,2023-12-20
21,CCU1009B,2110800,찬성,2023-12-20
21,2N793392,2110800,찬성,2023-12-20
21,LM13674V,2110800,불참,2023-12-20
21,JVB6983V,2110800,찬성,2023-12-20
21,GP07421U,2110800,찬성,2023-12-20
21,FGI27280,2110800,찬성,2023-12-20
21,7469929V,2110800,찬성,2023-12-20
21,D4L60530,2110800,찬성,2023-12-20
21,M6H1705E,2110800,찬성,2023-12-20
21,NTT8182Q,2110800,찬성,2023-12-20
21,A3H7195R,2110800,불참,2023-12-20
21,ZYH1940A,2110800,불참,2023-12-20
21,0VU8517U,2110800,불참,2023-12-20
21,HSW1214Q,2110800,찬성,2023-12-20
21,KR14136C,2110800,찬성,2023-12-20
21,WJL30106,2110800,불참,2023-12-20
21,KNM3215T,2110800,불참,2023-12-20
21,HKJ99607,2110800,찬성,2023-12-20
21,MY318392,2110800,불참,2023-12-20
21,GF286398,2110800,찬성,2023-12-20
21,8348421R,2110800,찬성,2023-12-20
21,H5476989,2110800,찬성,2023-12-20
21,6FS10566,2110800,찬성,2023-12-20
21,HXT76735,2110800,불참,2023-12-20
21,0R68099X,2110800,찬성,2023-12-20
21,2385336L,2110800,찬성,2023-12-20
21,MO52543L,2110800,불참,2023-12-20
21,X1K3667J,2110800,불참,2023-12-20
21,WTR5885Y,2110800,찬성,2023-12-20
21,IOW1101J,2110800,찬성,2023-12-20
21,25I8709Q,2110800,찬성,2023-12-20
21,XWX1513T,2110800,불참,2023-12-20
21,LG63087O,2110800,찬성,2023-12-20
21,OW53107J,2110800,불참,2023-12-20
21,PEP6922S,2110800,찬성,2023-12-20
21,DAN6731C,2110800,찬성,2023-12-20
21,VG24001G,2110800,불참,2023-12-20
21,Z7Y7827F,2110800,불참,2023-12-20
21,ATB59635,2110800,불참,2023-12-20
21,FU87526G,2110800,찬성,2023-12-20
21,S9U45255,2110800,불참,2023-12-20
21,V0O5343U,2110800,불참,2023-12-20
21,P0F1530P,2110800,불참,2023-12-20
21,LQW3652K,2110800,찬성,2023-12-20
21,RO593601,2110800,불참,2023-12-20
21,UB114374,2110800,찬성,2023-12-20
21,7JC3239L,2110800,불참,2023-12-20
21,N4R2421C,2110800,찬성,2023-12-20
21,O7R5461J,2110800,찬성,2023-12-20
21,J2O8643H,2110800,찬성,2023-12-20
21,6AU2417B,2110800,찬성,2023-12-20
21,8VJ8533R,2110800,찬성,2023-12-20
21,52P3934K,2110800,찬성,2023-12-20
21,1Y73132H,2110800,찬성,2023-12-20
21,I0S53762,2110800,불참,2023-12-20
21,04T3751T,2110800,찬성,2023-12-20
21,K5F2023J,2110800,불참,2023-12-20
21,JNL7001A,2105937,찬성,2020-12-01
21,GKD32201,2105937,찬성,2020-12-01
21,S741317G,2105937,찬성,2020-12-01
21,2N793392,2105937,찬성,2020-12-01
21,LM13674V,2105937,찬성,2020-12-01
21,1X376850,2105937,기권,2020-12-01
21,7469929V,2105937,찬성,2020-12-01
21,D4L60530,2105937,찬성,2020-12-01
21,M6H1705E,2105937,찬성,2020-12-01
21,OFE45081,2105937,찬성,2020-12-01
21,NTT8182Q,2105937,찬성,2020-12-01
21,NZF1659U,2105937,찬성,2020-12-01
21,WDS6044S,2105937,불참,2020-12-01
21,SRP7336N,2105937,반대,2020-12-01
21,GFF1986K,2105937,찬성,2020-12-01
21,WJL30106,2105937,찬성,2020-12-01
21,60490713,2105937,찬성,2020-12-01
21,UM51067K,2105937,찬성,2020-12-01
21,HKJ99607,2105937,찬성,2020-12-01
21,4T026790,2105937,찬성,2020-12-01
21,EH27538E,2105937,찬성,2020-12-01
21,WFU14784,2105937,반대,2020-12-01
21,GF286398,2105937,찬성,2020-12-01
21,H5476989,2105937,찬성,2020-12-01
21,4L695580,2105937,찬성,2020-12-01
21,40E3739H,2105937,찬성,2020-12-01
21,RPN2293B,2105937,찬성,2020-12-01
21,V429892C,2105937,찬성,2020-12-01
21,2385336L,2105937,찬성,2020-12-01
21,IN328264,2105937,찬성,2020-12-01
21,0827740Q,2105937,찬성,2020-12-01
21,0W194007,2105937,찬성,2020-12-01
21,X1K3667J,2105937,찬성,2020-12-01
21,WTR5885Y,2105937,찬성,2020-12-01
21,IOW1101J,2105937,기권,2020-12-01
21,25I8709Q,2105937,찬성,2020-12-01
21,OIA3741M,2105937,찬성,2020-12-01
21,PAO22428,2105937,찬성,2020-12-01
21,BLC8630L,2105937,찬성,2020-12-01
21,0767470D,2105937,불참,2020-12-01
21,LG63087O,2105937,기권,2020-12-01
21,PEP6922S,2105937,찬성,2020-12-01
21,DAN6731C,2105937,불참,2020-12-01
21,VG24001G,2105937,기권,2020-12-01
21,I434361W,2105937,찬성,2020-12-01
21,9JF4562W,2105937,찬성,2020-12-01
21,SBK1544B,2105937,찬성,2020-12-01
21,8SV6917G,2105937,불참,2020-12-01
21,ZRF3039U,2105937,찬성,2020-12-01
21,V0O5343U,2105937,찬성,2020-12-01
21,68P7228G,2105937,찬성,2020-12-01
21,XPP2564T,2105937,찬성,2020-12-01
21,FRN1867O,2105937,찬성,2020-12-01
21,PFG2137X,2105937,찬성,2020-12-01
21,GAV6441G,2105937,찬성,2020-12-01
21,7JC3239L,2105937,기권,2020-12-01
21,8KF7223D,2105937,찬성,2020-12-01
21,CNZ51556,2105937,기권,2020-12-01
21,N4R2421C,2105937,찬성,2020-12-01
21,3C23171A,2105937,찬성,2020-12-01
21,GDG1847Z,2105937,찬성,2020-12-01
21,LNR7932L,2105937,불참,2020-12-01
21,O7R5461J,2105937,찬성,2020-12-01
21,7R156073,2105937,찬성,2020-12-01
21,J2O8643H,2105937,찬성,2020-12-01
21,VCP96419,2105937,찬성,2020-12-01
21,8VJ8533R,2105937,불참,2020-12-01
21,GX22581L,2105937,찬성,2020-12-01
21,SE233396,2105937,찬성,2020-12-01
21,52P3934K,2105937,찬성,2020-12-01
21,6399076T,2105937,찬성,2020-12-01
21,F5Y4026Q,2105937,찬성,2020-12-01
21,MSY7784L,2105937,불참,2020-12-01
21,5MD4184K,2105937,불참,2020-12-01
21,5K93695T,2105937,찬성,2020-12-01
21,DPZ7685X,2105937,찬성,2020-12-01
21,KFS1358P,2105937,찬성,2020-12-01
21,A494529E,2105937,찬성,2020-12-01
21,VRY5522V,2105937,찬성,2020-12-01
21,CZB4125D,2105937,불참,2020-12-01
21,Z6R3959C,2105937,찬성,2020-12-01
21,UGH6481E,2105937,불참,2020-12-01
21,S824682L,2105937,찬성,2020-12-01
21,Q9H5708M,2105937,찬성,2020-12-01
21,2NV6751W,2105937,찬성,2020-12-01
21,3ZR4438W,2105937,불참,2020-12-01
21,16D7652C,2105937,찬성,2020-12-01
21,8VY63414,2105937,찬성,2020-12-01
21,QQP4727N,2105937,기권,2020-12-01
21,LJK4960Z,2105937,찬성,2020-12-01
21,K3W33496,2105937,찬성,2020-12-01
21,CI15627C,2105937,찬성,2020-12-01
21,21N57758,2105937,찬성,2020-12-01
21,TRE2429O,2105937,찬성,2020-12-01
21,2UD1340H,2105937,찬성,2020-12-01
21,EMC8812P,2105937,찬성,2020-12-01
21,T465023H,2105937,찬성,2020-12-01
21,FH777496,2105937,찬성,2020-12-01
21,FYI20317,2105937,찬성,2020-12-01
21,WVU2479T,2105937,찬성,2020-12-01
21,9D939735,2105937,찬성,2020-12-01
21,7XY7109I,2105937,기권,2020-12-01
21,TST4507I,2105937,찬성,2020-12-01
21,JC14718Q,2105937,찬성,2020-12-01
21,5KV82250,2105937,반대,2020-12-01
21,L7J93733,2105937,기권,2020-12-01
21,6YT83269,2105937,찬성,2020-12-01
21,1MU99298,2105937,찬성,2020-12-01
21,FDC3144T,2105937,기권,2020-12-01
21,SQ36001H,2105937,불참,2020-12-01
21,9LD2641Q,2105937,찬성,2020-12-01
21,FOK3459D,2105937,찬성,2020-12-01
21,TZP9391O,2105937,반대,2020-12-01
21,71J2365L,2105937,불참,2020-12-01
21,7O71647Z,2105937,찬성,2020-12-01
21,6EN68926,2105937,불참,2020-12-01
21,1BX7234U,2105937,찬성,2020-12-01
21,QHL3248U,2105937,찬성,2020-12-01
21,9V18755A,2105937,찬성,2020-12-01
21,9L57027L,2105937,찬성,2020-12-01
21,GOC54665,2105937,불참,2020-12-01
21,5UN9725L,2105937,기권,2020-12-01
21,M2Q9024I,2105937,찬성,2020-12-01
21,DBA1057Z,2105937,불참,2020-12-01
21,C7E79345,2105937,찬성,2020-12-01
21,4019850M,2105937,찬성,2020-12-01
21,UQ282145,2105937,찬성,2020-12-01
21,9YO73104,2105937,찬성,2020-12-01
21,E6U4345C,2105937,찬성,2020-12-01
21,7BM2933Y,2105937,찬성,2020-12-01
21,CDL93608,2105937,찬성,2020-12-01
21,9VR65006,2105937,불참,2020-12-01
21,X7I4680R,2105937,찬성,2020-12-01
21,XJC13432,2105937,찬성,2020-12-01
21,D0C85236,2105937,기권,2020-12-01
21,XSP20229,2105937,찬성,2020-12-01
21,3RW63706,2105937,찬성,2020-12-01
21,RQQ3807K,2105937,찬성,2020-12-01
21,8X15119P,2105937,불참,2020-12-01
21,ZYP7962W,2105937,찬성,2020-12-01
21,CNW5754J,2105937,찬성,2020-12-01
21,3249208I,2105937,찬성,2020-12-01
21,GX38539O,2105937,찬성,2020-12-01
21,8Q88373R,2105937,찬성,2020-12-01
21,XEF29171,2105937,불참,2020-12-01
21,QTW6852F,2105937,기권,2020-12-01
21,DAV7257X,2105937,찬성,2020-12-01
21,LT72093S,2105937,찬성,2020-12-01
21,GE71932C,2105937,불참,2020-12-01
21,17M85910,2105937,찬성,2020-12-01
21,G152611B,2105937,찬성,2020-12-01
21,I7R13867,2105937,찬성,2020-12-01
21,G1570880,2105937,찬성,2020-12-01
21,QUO78839,2105937,찬성,2020-12-01
21,BT62420K,2105937,찬성,2020-12-01
21,LPB30152,2105937,찬성,2020-12-01
21,MD083627,2105937,찬성,2020-12-01
21,6V37131U,2105937,찬성,2020-12-01
21,OSV9142K,2105937,반대,2020-12-01
21,B7R2742J,2105937,찬성,2020-12-01
21,FJK3396E,2105937,찬성,2020-12-01
21,ZDP5704Q,2105937,기권,2020-12-01
21,W1Q6753M,2105937,찬성,2020-12-01
21,MHK9919B,2105937,찬성,2020-12-01
21,E1J8836Y,2105937,찬성,2020-12-01
21,RD42006Y,2105937,찬성,2020-12-01
21,AE685067,2105937,찬성,2020-12-01
21,TJW93720,2105937,찬성,2020-12-01
21,9S151177,2105937,찬성,2020-12-01
21,TZ228122,2105937,불참,2020-12-01
21,XA42275R,2105937,찬성,2020-12-01
21,PO64874I,2105937,찬성,2020-12-01
21,Y7K5946R,2105937,찬성,2020-12-01
21,Z7Y7827F,2105937,찬성,2020-12-01
21,ATB59635,2105937,찬성,2020-12-01
21,KUO3574J,2105937,찬성,2020-12-01
21,D6U6678O,2105937,찬성,2020-12-01
21,FU87526G,2105937,반대,2020-12-01
21,S9U45255,2105937,찬성,2020-12-01
21,8FC9697X,2105937,불참,2020-12-01
21,QKO6165V,2105937,반대,2020-12-01
21,GD131760,2105937,찬성,2020-12-01
21,P0F1530P,2105937,찬성,2020-12-01
21,LQW3652K,2105937,반대,2020-12-01
21,RO593601,2105937,찬성,2020-12-01
21,UB114374,2105937,반대,2020-12-01
21,0YT3774N,2105937,찬성,2020-12-01
21,40S1959J,2105937,찬성,2020-12-01
21,IL74008M,2105937,찬성,2020-12-01
21,8P37634C,2105937,찬성,2020-12-01
21,P2N4585G,2105937,찬성,2020-12-01
21,TVF3669B,2105937,반대,2020-12-01
21,JMY9959W,2105937,찬성,2020-12-01
21,6AR6743G,2105937,찬성,2020-12-01
21,6AU2417B,2105937,찬성,2020-12-01
21,B7D7534L,2105937,찬성,2020-12-01
21,AFH96856,2105937,찬성,2020-12-01
21,B7H6207C,2105937,찬성,2020-12-01
21,4U29186R,2105937,찬성,2020-12-01
21,WHV3448W,2105937,찬성,2020-12-01
21,1Y73132H,2105937,찬성,2020-12-01
21,I0S53762,2105937,불참,2020-12-01
21,LH97552Q,2105937,찬성,2020-12-01
21,TKJ4800F,2105937,찬성,2020-12-01
21,O6D8329R,2105937,찬성,2020-12-01
21,04T3751T,2105937,불참,2020-12-01
21,EVH1507C,2105937,기권,2020-12-01
21,K5F2023J,2105937,찬성,2020-12-01
21,14M56632,2105937,찬성,2020-12-01
21,N9X9673B,2105937,찬성,2020-12-01
21,TP066860,2105937,불참,2020-12-01
21,6U243644,2105937,불참,2020-12-01
21,E9R4507P,2105937,기권,2020-12-01
21,UHB5553T,2105937,찬성,2020-12-01
21,J9S37905,2105937,불참,2020-12-01
21,CAA7713A,2105937,찬성,2020-12-01
21,0PK7354M,2105937,찬성,2020-12-01
21,O0I2045I,2105937,찬성,2020-12-01
21,QUM8288K,2105937,찬성,2020-12-01
21,W4X85128,2105937,찬성,2020-12-01
21,CFE3998F,2105937,불참,2020-12-01
21,JZY9937U,2105937,찬성,2020-12-01
21,MRK4871S,2105937,기권,2020-12-01
21,YKW37422,2105937,불참,2020-12-01
21,BM63269Y,2105937,찬성,2020-12-01
21,M7O7878U,2105937,찬성,2020-12-01
21,YLS4431M,2105937,기권,2020-12-01
21,MNZ4401T,2105937,찬성,2020-12-01
21,HSS7466Y,2105937,찬성,2020-12-01
21,KB04377U,2105937,기권,2020-12-01
21,FU53642G,2105937,찬성,2020-12-01
21,MLH1404S,2105937,찬성,2020-12-01
21,XR24352K,2105937,찬성,2020-12-01
21,IUL4848V,2105937,찬성,2020-12-01
21,JEZ3130Q,2105937,찬성,2020-12-01
21,BCQ55105,2105937,찬성,2020-12-01
21,L7T64271,2105937,찬성,2020-12-01
21,4X525582,2105937,반대,2020-12-01
21,G7512472,2105937,찬성,2020-12-01
21,3TO11703,2105937,불참,2020-12-01
21,CCU1009B,2105937,찬성,2020-12-01
21,MU69217P,2105937,기권,2020-12-01
21,66W6739S,2105937,기권,2020-12-01
21,QD25323M,2105937,찬성,2020-12-01
21,DAY6557K,2105937,찬성,2020-12-01
21,GP07421U,2105937,찬성,2020-12-01
21,FGI27280,2105937,기권,2020-12-01
21,USR7059P,2105937,반대,2020-12-01
21,4XG1439M,2105937,찬성,2020-12-01
21,P2N50879,2105937,기권,2020-12-01
21,A0P4646G,2105937,찬성,2020-12-01
21,A2V51235,2105937,찬성,2020-12-01
21,7I09543O,2105937,찬성,2020-12-01
21,3DK8989T,2105937,불참,2020-12-01
21,09I2323E,2105937,찬성,2020-12-01
21,A3H7195R,2105937,찬성,2020-12-01
21,ZYH1940A,2105937,찬성,2020-12-01
21,0VU8517U,2105937,찬성,2020-12-01
21,M0A1658U,2105937,찬성,2020-12-01
21,HSW1214Q,2105937,찬성,2020-12-01
21,3BC6890E,2105937,반대,2020-12-01
21,ZDR63255,2105937,찬성,2020-12-01
21,KR14136C,2105937,찬성,2020-12-01
21,5765663F,2105937,불참,2020-12-01
21,ZKU88693,2105937,찬성,2020-12-01
21,5KV96424,2105937,찬성,2020-12-01
21,KNM3215T,2105937,찬성,2020-12-01
21,M7T9712V,2105937,찬성,2020-12-01
21,1WE5693J,2105937,찬성,2020-12-01
21,X3170462,2105937,찬성,2020-12-01
21,MY318392,2105937,찬성,2020-12-01
21,8FB1535Y,2105937,찬성,2020-12-01
21,SU53086M,2105937,불참,2020-12-01
21,0WL9321T,2105937,찬성,2020-12-01
21,PZA4062H,2105937,찬성,2020-12-01
21,MR210505,2105937,찬성,2020-12-01
21,8348421R,2105937,불참,2020-12-01
21,JQA21112,2105937,반대,2020-12-01
21,HXT76735,2105937,찬성,2020-12-01
21,0R68099X,2105937,찬성,2020-12-01
21,4A067125,2105937,찬성,2020-12-01
21,XBT9550Q,2105937,불참,2020-12-01
21,ZA54991S,2105937,찬성,2020-12-01
21,MO52543L,2105937,찬성,2020-12-01
21,WMG57662,2105937,찬성,2020-12-01
21,NCP9875N,2105937,찬성,2020-12-01
21,I5I2468R,2105937,찬성,2020-12-01
21,L5P27909,2105937,불참,2020-12-01
21,3425169D,2105937,찬성,2020-12-01
21,ICH23251,2105937,찬성,2020-12-01
21,6MO8786S,2105937,찬성,2020-12-01
21,XWX1513T,2105937,찬성,2020-12-01
21,CT85313K,2105937,찬성,2020-12-01
21,NQR1206Q,2105937,찬성,2020-12-01
21,NAL4555X,2105937,찬성,2020-12-01
21,OW53107J,2105937,찬성,2020-12-01
21,L2I9861C,2105937,찬성,2020-12-01
21,WCD5518S,2105937,찬성,2020-12-01
21,SVH3899R,2105937,기권,2020-12-01
21,IOW8224X,2105937,찬성,2020-12-01
21,F5U2979W,2111046,불참,2023-04-13
21,YOG1280B,2111046,찬성,2023-04-13
21,DWK26447,2111046,찬성,2023-04-13
21,NUB4941Z,2111046,찬성,2023-04-13
21,NLR6572J,2111046,찬성,2023-04-13
21,YTA7297R,2111046,찬성,2023-04-13
21,L7T64271,2111046,찬성,2023-04-13
21,GKD32201,2111046,찬성,2023-04-13
21,G7512472,2111046,찬성,2023-04-13
21,3TO11703,2111046,찬성,2023-04-13
21,S741317G,2111046,찬성,2023-04-13
21,CCU1009B,2111046,찬성,2023-04-13
21,MU69217P,2111046,찬성,2023-04-13
21,66W6739S,2111046,기권,2023-04-13
21,LM13674V,2111046,찬성,2023-04-13
21,QD25323M,2111046,불참,2023-04-13
21,JVB6983V,2111046,찬성,2023-04-13
21,DAY6557K,2111046,찬성,2023-04-13
21,GP07421U,2111046,불참,2023-04-13
21,FGI27280,2111046,찬성,2023-04-13
21,USR7059P,2111046,찬성,2023-04-13
21,4XG1439M,2111046,찬성,2023-04-13
21,P2N50879,2111046,찬성,2023-04-13
21,A0P4646G,2111046,찬성,2023-04-13
21,A2V51235,2111046,불참,2023-04-13
21,7I09543O,2111046,찬성,2023-04-13
21,3DK8989T,2111046,찬성,2023-04-13
21,7469929V,2111046,찬성,2023-04-13
21,D4L60530,2111046,찬성,2023-04-13
21,M6H1705E,2111046,찬성,2023-04-13
21,OFE45081,2111046,찬성,2023-04-13
21,09I2323E,2111046,찬성,2023-04-13
21,ZYH1940A,2111046,찬성,2023-04-13
21,0VU8517U,2111046,불참,2023-04-13
21,HSW1214Q,2111046,찬성,2023-04-13
21,NZF1659U,2111046,찬성,2023-04-13
21,WDS6044S,2111046,찬성,2023-04-13
21,3BC6890E,2111046,찬성,2023-04-13
21,ZDR63255,2111046,찬성,2023-04-13
21,KR14136C,2111046,찬성,2023-04-13
21,GFF1986K,2111046,찬성,2023-04-13
21,ZKU88693,2111046,찬성,2023-04-13
21,5KV96424,2111046,찬성,2023-04-13
21,M7T9712V,2111046,찬성,2023-04-13
21,60490713,2111046,찬성,2023-04-13
21,UM51067K,2111046,찬성,2023-04-13
21,HKJ99607,2111046,불참,2023-04-13
21,1WE5693J,2111046,찬성,2023-04-13
21,X3170462,2111046,찬성,2023-04-13
21,8FB1535Y,2111046,찬성,2023-04-13
21,4T026790,2111046,불참,2023-04-13
21,EH27538E,2111046,찬성,2023-04-13
21,SU53086M,2111046,찬성,2023-04-13
21,PZA4062H,2111046,찬성,2023-04-13
21,MR210505,2111046,찬성,2023-04-13
21,GF286398,2111046,찬성,2023-04-13
21,8348421R,2111046,불참,2023-04-13
21,JQA21112,2111046,불참,2023-04-13
21,4L695580,2111046,찬성,2023-04-13
21,40E3739H,2111046,찬성,2023-04-13
21,HXT76735,2111046,찬성,2023-04-13
21,RPN2293B,2111046,찬성,2023-04-13
21,0R68099X,2111046,찬성,2023-04-13
21,MQU41854,2111046,찬성,2023-04-13
21,V429892C,2111046,불참,2023-04-13
21,2385336L,2111046,찬성,2023-04-13
21,IN328264,2111046,찬성,2023-04-13
21,XBT9550Q,2111046,찬성,2023-04-13
21,ZA54991S,2111046,찬성,2023-04-13
21,MO52543L,2111046,불참,2023-04-13
21,0827740Q,2111046,찬성,2023-04-13
21,0W194007,2111046,찬성,2023-04-13
21,X1K3667J,2111046,불참,2023-04-13
21,WMG57662,2111046,찬성,2023-04-13
21,NCP9875N,2111046,찬성,2023-04-13
21,I5I2468R,2111046,찬성,2023-04-13
21,WTR5885Y,2111046,찬성,2023-04-13
21,3425169D,2111046,찬성,2023-04-13
21,IOW1101J,2111046,찬성,2023-04-13
21,25I8709Q,2111046,찬성,2023-04-13
21,OIA3741M,2111046,찬성,2023-04-13
21,6MO8786S,2111046,찬성,2023-04-13
21,XWX1513T,2111046,찬성,2023-04-13
21,CT85313K,2111046,찬성,2023-04-13
21,BLC8630L,2111046,찬성,2023-04-13
21,NQR1206Q,2111046,찬성,2023-04-13
21,LG63087O,2111046,불참,2023-04-13
21,PEP6922S,2111046,찬성,2023-04-13
21,VG24001G,2111046,찬성,2023-04-13
21,L2I9861C,2111046,찬성,2023-04-13
21,WCD5518S,2111046,찬성,2023-04-13
21,SVH3899R,2111046,찬성,2023-04-13
21,9JF4562W,2111046,찬성,2023-04-13
21,Y7K5946R,2111046,찬성,2023-04-13
21,ATB59635,2111046,찬성,2023-04-13
21,SBK1544B,2111046,불참,2023-04-13
21,KUO3574J,2111046,찬성,2023-04-13
21,D6U6678O,2111046,찬성,2023-04-13
21,FU87526G,2111046,불참,2023-04-13
21,QKO6165V,2111046,불참,2023-04-13
21,GD131760,2111046,불참,2023-04-13
21,ZRF3039U,2111046,찬성,2023-04-13
21,V0O5343U,2111046,찬성,2023-04-13
21,68P7228G,2111046,찬성,2023-04-13
21,P0F1530P,2111046,불참,2023-04-13
21,XPP2564T,2111046,찬성,2023-04-13
21,FRN1867O,2111046,찬성,2023-04-13
21,LQW3652K,2111046,반대,2023-04-13
21,PFG2137X,2111046,찬성,2023-04-13
21,UB114374,2111046,찬성,2023-04-13
21,GAV6441G,2111046,찬성,2023-04-13
21,0YT3774N,2111046,찬성,2023-04-13
21,7JC3239L,2111046,찬성,2023-04-13
21,40S1959J,2111046,찬성,2023-04-13
21,IL74008M,2111046,찬성,2023-04-13
21,8KF7223D,2111046,찬성,2023-04-13
21,CNZ51556,2111046,찬성,2023-04-13
21,3C23171A,2111046,찬성,2023-04-13
21,GDG1847Z,2111046,불참,2023-04-13
21,P2N4585G,2111046,찬성,2023-04-13
21,JMY9959W,2111046,찬성,2023-04-13
21,7R156073,2111046,찬성,2023-04-13
21,6AR6743G,2111046,찬성,2023-04-13
21,J2O8643H,2111046,찬성,2023-04-13
21,VCP96419,2111046,찬성,2023-04-13
21,6AU2417B,2111046,찬성,2023-04-13
21,8VJ8533R,2111046,찬성,2023-04-13
21,SE233396,2111046,찬성,2023-04-13
21,AFH96856,2111046,찬성,2023-04-13
21,52P3934K,2111046,찬성,2023-04-13
21,B7H6207C,2111046,찬성,2023-04-13
21,6399076T,2111046,찬성,2023-04-13
21,4U29186R,2111046,찬성,2023-04-13
21,WHV3448W,2111046,찬성,2023-04-13
21,6RD62559,2111046,찬성,2023-04-13
21,1Y73132H,2111046,찬성,2023-04-13
21,I0S53762,2111046,불참,2023-04-13
21,LH97552Q,2111046,찬성,2023-04-13
21,TKJ4800F,2111046,찬성,2023-04-13
21,O6D8329R,2111046,찬성,2023-04-13
21,04T3751T,2111046,찬성,2023-04-13
21,MSY7784L,2111046,기권,2023-04-13
21,EVH1507C,2111046,찬성,2023-04-13
21,14M56632,2111046,찬성,2023-04-13
21,N9X9673B,2111046,불참,2023-04-13
21,5MD4184K,2111046,찬성,2023-04-13
21,5K93695T,2111046,찬성,2023-04-13
21,6U243644,2111046,찬성,2023-04-13
21,E9R4507P,2111046,찬성,2023-04-13
21,UHB5553T,2111046,찬성,2023-04-13
21,KFS1358P,2111046,찬성,2023-04-13
21,J9S37905,2111046,찬성,2023-04-13
21,A494529E,2111046,찬성,2023-04-13
21,VRY5522V,2111046,찬성,2023-04-13
21,CAA7713A,2111046,찬성,2023-04-13
21,0PK7354M,2111046,찬성,2023-04-13
21,O0I2045I,2111046,찬성,2023-04-13
21,CZB4125D,2111046,불참,2023-04-13
21,UGH6481E,2111046,찬성,2023-04-13
21,S824682L,2111046,찬성,2023-04-13
21,W4X85128,2111046,불참,2023-04-13
21,Q9H5708M,2111046,찬성,2023-04-13
21,JZY9937U,2111046,찬성,2023-04-13
21,YKW37422,2111046,불참,2023-04-13
21,2NV6751W,2111046,찬성,2023-04-13
21,BM63269Y,2111046,찬성,2023-04-13
21,M7O7878U,2111046,찬성,2023-04-13
21,YLS4431M,2111046,찬성,2023-04-13
21,MNZ4401T,2111046,찬성,2023-04-13
21,3ZR4438W,2111046,찬성,2023-04-13
21,HSS7466Y,2111046,찬성,2023-04-13
21,KB04377U,2111046,찬성,2023-04-13
21,FU53642G,2111046,찬성,2023-04-13
21,MLH1404S,2111046,찬성,2023-04-13
21,8VY63414,2111046,찬성,2023-04-13
21,XR24352K,2111046,찬성,2023-04-13
21,JEZ3130Q,2111046,찬성,2023-04-13
21,BCQ55105,2111046,찬성,2023-04-13
21,GOC54665,2111046,찬성,2023-04-13
21,5UN9725L,2111046,기권,2023-04-13
21,LJK4960Z,2111046,기권,2023-04-13
21,IUD9392R,2111046,찬성,2023-04-13
21,K3W33496,2111046,불참,2023-04-13
21,M2Q9024I,2111046,불참,2023-04-13
21,DBA1057Z,2111046,찬성,2023-04-13
21,CI15627C,2111046,불참,2023-04-13
21,C7E79345,2111046,찬성,2023-04-13
21,4019850M,2111046,찬성,2023-04-13
21,UQ282145,2111046,찬성,2023-04-13
21,9YO73104,2111046,찬성,2023-04-13
21,TRE2429O,2111046,찬성,2023-04-13
21,E6U4345C,2111046,불참,2023-04-13
21,7BM2933Y,2111046,찬성,2023-04-13
21,CDL93608,2111046,불참,2023-04-13
21,2UD1340H,2111046,찬성,2023-04-13
21,9VR65006,2111046,찬성,2023-04-13
21,X7I4680R,2111046,찬성,2023-04-13
21,EMC8812P,2111046,찬성,2023-04-13
21,XJC13432,2111046,찬성,2023-04-13
21,XSP20229,2111046,불참,2023-04-13
21,T465023H,2111046,찬성,2023-04-13
21,3RW63706,2111046,찬성,2023-04-13
21,RQQ3807K,2111046,찬성,2023-04-13
21,FH777496,2111046,찬성,2023-04-13
21,FYI20317,2111046,찬성,2023-04-13
21,8X15119P,2111046,찬성,2023-04-13
21,ZYP7962W,2111046,찬성,2023-04-13
21,CNW5754J,2111046,찬성,2023-04-13
21,3249208I,2111046,불참,2023-04-13
21,GX38539O,2111046,찬성,2023-04-13
21,8Q88373R,2111046,찬성,2023-04-13
21,XEF29171,2111046,찬성,2023-04-13
21,WVU2479T,2111046,찬성,2023-04-13
21,9D939735,2111046,찬성,2023-04-13
21,QTW6852F,2111046,찬성,2023-04-13
21,TST4507I,2111046,찬성,2023-04-13
21,JC14718Q,2111046,찬성,2023-04-13
21,5KV82250,2111046,찬성,2023-04-13
21,GE71932C,2111046,찬성,2023-04-13
21,6YT83269,2111046,찬성,2023-04-13
21,FDC3144T,2111046,찬성,2023-04-13
21,SQ36001H,2111046,찬성,2023-04-13
21,G1570880,2111046,찬성,2023-04-13
21,FOK3459D,2111046,찬성,2023-04-13
21,QUO78839,2111046,찬성,2023-04-13
21,LPB30152,2111046,찬성,2023-04-13
21,MD083627,2111046,찬성,2023-04-13
21,TZP9391O,2111046,찬성,2023-04-13
21,6V37131U,2111046,찬성,2023-04-13
21,OSV9142K,2111046,찬성,2023-04-13
21,B7R2742J,2111046,찬성,2023-04-13
21,FJK3396E,2111046,찬성,2023-04-13
21,ZDP5704Q,2111046,찬성,2023-04-13
21,7O71647Z,2111046,찬성,2023-04-13
21,W1Q6753M,2111046,찬성,2023-04-13
21,E1J8836Y,2111046,찬성,2023-04-13
21,RD42006Y,2111046,찬성,2023-04-13
21,6EN68926,2111046,찬성,2023-04-13
21,QHL3248U,2111046,찬성,2023-04-13
21,TJW93720,2111046,불참,2023-04-13
21,9S151177,2111046,찬성,2023-04-13
21,TZ228122,2111046,찬성,2023-04-13
21,9V18755A,2111046,찬성,2023-04-13
21,XA42275R,2111046,찬성,2023-04-13
21,PO64874I,2111046,불참,2023-04-13
21,VHK3402G,2111046,불참,2023-04-13
21,FIC9046Z,2111046,불참,2023-04-13
21,LBC8144B,2111046,찬성,2023-04-13
21,JNL7001A,2111046,찬성,2023-04-13
21,4X525582,2111046,기권,2023-04-13
21,2N793392,2111046,찬성,2023-04-13
21,NTT8182Q,2111046,찬성,2023-04-13
21,A3H7195R,2111046,불참,2023-04-13
21,M0A1658U,2111046,찬성,2023-04-13
21,SRP7336N,2111046,찬성,2023-04-13
21,5765663F,2111046,찬성,2023-04-13
21,WJL30106,2111046,불참,2023-04-13
21,KNM3215T,2111046,찬성,2023-04-13
21,MY318392,2111046,찬성,2023-04-13
21,WFU14784,2111046,찬성,2023-04-13
21,0WL9321T,2111046,불참,2023-04-13
21,H5476989,2111046,불참,2023-04-13
21,6FS10566,2111046,찬성,2023-04-13
21,6RM29022,2111046,찬성,2023-04-13
21,ICH23251,2111046,찬성,2023-04-13
21,OW53107J,2111046,불참,2023-04-13
21,DAN6731C,2111046,찬성,2023-04-13
21,IOW8224X,2111046,찬성,2023-04-13
21,Z7Y7827F,2111046,찬성,2023-04-13
21,S9U45255,2111046,찬성,2023-04-13
21,8SV6917G,2111046,찬성,2023-04-13
21,8FC9697X,2111046,찬성,2023-04-13
21,RO593601,2111046,찬성,2023-04-13
21,8P37634C,2111046,찬성,2023-04-13
21,N4R2421C,2111046,불참,2023-04-13
21,O7R5461J,2111046,찬성,2023-04-13
21,B7D7534L,2111046,찬성,2023-04-13
21,GX22581L,2111046,찬성,2023-04-13
21,F5Y4026Q,2111046,찬성,2023-04-13
21,K5F2023J,2111046,불참,2023-04-13
21,DPZ7685X,2111046,찬성,2023-04-13
21,Z6R3959C,2111046,찬성,2023-04-13
21,QUM8288K,2111046,찬성,2023-04-13
21,MRK4871S,2111046,불참,2023-04-13
21,16D7652C,2111046,찬성,2023-04-13
21,QQP4727N,2111046,기권,2023-04-13
21,9L57027L,2111046,찬성,2023-04-13
21,7XY7109I,2111046,찬성,2023-04-13
21,L7J93733,2111046,찬성,2023-04-13
21,DAV7257X,2111046,찬성,2023-04-13
21,LT72093S,2111046,불참,2023-04-13
21,1MU99298,2111046,찬성,2023-04-13
21,17M85910,2111046,찬성,2023-04-13
21,G152611B,2111046,불참,2023-04-13
21,I7R13867,2111046,찬성,2023-04-13
21,9LD2641Q,2111046,찬성,2023-04-13
21,BT62420K,2111046,찬성,2023-04-13
21,71J2365L,2111046,찬성,2023-04-13
21,1BX7234U,2111046,불참,2023-04-13
21,KFM1081G,2111046,찬성,2023-04-13
21,66W6739S,2124158,찬성,2023-12-21
21,B7R2742J,2124158,찬성,2023-12-21
21,1WE5693J,2124158,찬성,2023-12-21
21,8FB1535Y,2124158,찬성,2023-12-21
21,MR210505,2124158,찬성,2023-12-21
21,L2I9861C,2124158,찬성,2023-12-21
21,KUO3574J,2124158,찬성,2023-12-21
21,ZRF3039U,2124158,찬성,2023-12-21
21,8KF7223D,2124158,불참,2023-12-21
21,O6D8329R,2124158,찬성,2023-12-21
21,N9X9673B,2124158,찬성,2023-12-21
21,LJK4960Z,2124158,찬성,2023-12-21
21,CNW5754J,2124158,찬성,2023-12-21
21,8Q88373R,2124158,찬성,2023-12-21
21,FDC3144T,2124158,찬성,2023-12-21
21,I7R13867,2124158,찬성,2023-12-21
21,M0A1658U,2124158,찬성,2023-12-21
21,F5U2979W,2124158,찬성,2023-12-21
21,YOG1280B,2124158,찬성,2023-12-21
21,FIC9046Z,2124158,찬성,2023-12-21
21,DWK26447,2124158,찬성,2023-12-21
21,NUB4941Z,2124158,찬성,2023-12-21
21,KFM1081G,2124158,찬성,2023-12-21
21,F0I5053J,2124158,찬성,2023-12-21
21,YTA7297R,2124158,찬성,2023-12-21
21,L7T64271,2124158,찬성,2023-12-21
21,GKD32201,2124158,찬성,2023-12-21
21,G7512472,2124158,찬성,2023-12-21
21,3TO11703,2124158,찬성,2023-12-21
21,S741317G,2124158,불참,2023-12-21
21,CCU1009B,2124158,찬성,2023-12-21
21,MU69217P,2124158,찬성,2023-12-21
21,2N793392,2124158,찬성,2023-12-21
21,LM13674V,2124158,찬성,2023-12-21
21,QD25323M,2124158,찬성,2023-12-21
21,DAY6557K,2124158,찬성,2023-12-21
21,GP07421U,2124158,찬성,2023-12-21
21,FGI27280,2124158,불참,2023-12-21
21,USR7059P,2124158,찬성,2023-12-21
21,4XG1439M,2124158,찬성,2023-12-21
21,P2N50879,2124158,찬성,2023-12-21
21,A0P4646G,2124158,찬성,2023-12-21
21,A2V51235,2124158,찬성,2023-12-21
21,7I09543O,2124158,찬성,2023-12-21
21,3DK8989T,2124158,찬성,2023-12-21
21,7469929V,2124158,찬성,2023-12-21
21,D4L60530,2124158,찬성,2023-12-21
21,M6H1705E,2124158,찬성,2023-12-21
21,OFE45081,2124158,찬성,2023-12-21
21,09I2323E,2124158,찬성,2023-12-21
21,NTT8182Q,2124158,찬성,2023-12-21
21,A3H7195R,2124158,찬성,2023-12-21
21,ZYH1940A,2124158,불참,2023-12-21
21,HSW1214Q,2124158,찬성,2023-12-21
21,NZF1659U,2124158,불참,2023-12-21
21,WDS6044S,2124158,불참,2023-12-21
21,3BC6890E,2124158,불참,2023-12-21
21,ZDR63255,2124158,찬성,2023-12-21
21,KR14136C,2124158,찬성,2023-12-21
21,5765663F,2124158,찬성,2023-12-21
21,GFF1986K,2124158,찬성,2023-12-21
21,ZKU88693,2124158,찬성,2023-12-21
21,WJL30106,2124158,찬성,2023-12-21
21,5KV96424,2124158,찬성,2023-12-21
21,KNM3215T,2124158,불참,2023-12-21
21,M7T9712V,2124158,찬성,2023-12-21
21,60490713,2124158,찬성,2023-12-21
21,UM51067K,2124158,찬성,2023-12-21
21,HKJ99607,2124158,불참,2023-12-21
21,X3170462,2124158,찬성,2023-12-21
21,MY318392,2124158,불참,2023-12-21
21,4T026790,2124158,찬성,2023-12-21
21,EH27538E,2124158,찬성,2023-12-21
21,WFU14784,2124158,찬성,2023-12-21
21,SU53086M,2124158,찬성,2023-12-21
21,0WL9321T,2124158,찬성,2023-12-21
21,PZA4062H,2124158,찬성,2023-12-21
21,GF286398,2124158,찬성,2023-12-21
21,8348421R,2124158,찬성,2023-12-21
21,H5476989,2124158,불참,2023-12-21
21,JQA21112,2124158,찬성,2023-12-21
21,4L695580,2124158,찬성,2023-12-21
21,40E3739H,2124158,찬성,2023-12-21
21,6FS10566,2124158,찬성,2023-12-21
21,HXT76735,2124158,찬성,2023-12-21
21,RPN2293B,2124158,찬성,2023-12-21
21,0R68099X,2124158,찬성,2023-12-21
21,6RM29022,2124158,찬성,2023-12-21
21,MQU41854,2124158,찬성,2023-12-21
21,V429892C,2124158,찬성,2023-12-21
21,2385336L,2124158,찬성,2023-12-21
21,IN328264,2124158,불참,2023-12-21
21,XBT9550Q,2124158,찬성,2023-12-21
21,ZA54991S,2124158,찬성,2023-12-21
21,MO52543L,2124158,불참,2023-12-21
21,0827740Q,2124158,찬성,2023-12-21
21,0W194007,2124158,찬성,2023-12-21
21,X1K3667J,2124158,찬성,2023-12-21
21,WMG57662,2124158,찬성,2023-12-21
21,NCP9875N,2124158,기권,2023-12-21
21,I5I2468R,2124158,찬성,2023-12-21
21,WTR5885Y,2124158,찬성,2023-12-21
21,3425169D,2124158,찬성,2023-12-21
21,IOW1101J,2124158,찬성,2023-12-21
21,25I8709Q,2124158,찬성,2023-12-21
21,OIA3741M,2124158,찬성,2023-12-21
21,6MO8786S,2124158,찬성,2023-12-21
21,XWX1513T,2124158,찬성,2023-12-21
21,CT85313K,2124158,찬성,2023-12-21
21,BLC8630L,2124158,찬성,2023-12-21
21,NQR1206Q,2124158,불참,2023-12-21
21,LG63087O,2124158,찬성,2023-12-21
21,OW53107J,2124158,찬성,2023-12-21
21,PEP6922S,2124158,찬성,2023-12-21
21,DAN6731C,2124158,찬성,2023-12-21
21,VG24001G,2124158,불참,2023-12-21
21,WCD5518S,2124158,찬성,2023-12-21
21,SVH3899R,2124158,찬성,2023-12-21
21,IOW8224X,2124158,찬성,2023-12-21
21,9JF4562W,2124158,찬성,2023-12-21
21,Y7K5946R,2124158,찬성,2023-12-21
21,Z7Y7827F,2124158,찬성,2023-12-21
21,ATB59635,2124158,찬성,2023-12-21
21,D6U6678O,2124158,찬성,2023-12-21
21,FU87526G,2124158,찬성,2023-12-21
21,S9U45255,2124158,찬성,2023-12-21
21,8SV6917G,2124158,찬성,2023-12-21
21,8FC9697X,2124158,찬성,2023-12-21
21,QKO6165V,2124158,불참,2023-12-21
21,GD131760,2124158,찬성,2023-12-21
21,V0O5343U,2124158,찬성,2023-12-21
21,68P7228G,2124158,찬성,2023-12-21
21,P0F1530P,2124158,찬성,2023-12-21
21,XPP2564T,2124158,찬성,2023-12-21
21,FRN1867O,2124158,찬성,2023-12-21
21,LQW3652K,2124158,찬성,2023-12-21
21,RO593601,2124158,찬성,2023-12-21
21,PFG2137X,2124158,찬성,2023-12-21
21,UB114374,2124158,찬성,2023-12-21
21,GAV6441G,2124158,기권,2023-12-21
21,0YT3774N,2124158,불참,2023-12-21
21,7JC3239L,2124158,불참,2023-12-21
21,40S1959J,2124158,찬성,2023-12-21
21,IL74008M,2124158,찬성,2023-12-21
21,8P37634C,2124158,찬성,2023-12-21
21,CNZ51556,2124158,찬성,2023-12-21
21,N4R2421C,2124158,찬성,2023-12-21
21,3C23171A,2124158,찬성,2023-12-21
21,GDG1847Z,2124158,찬성,2023-12-21
21,P2N4585G,2124158,불참,2023-12-21
21,JMY9959W,2124158,불참,2023-12-21
21,7R156073,2124158,찬성,2023-12-21
21,6AR6743G,2124158,불참,2023-12-21
21,J2O8643H,2124158,찬성,2023-12-21
21,VCP96419,2124158,찬성,2023-12-21
21,6AU2417B,2124158,찬성,2023-12-21
21,8VJ8533R,2124158,찬성,2023-12-21
21,B7D7534L,2124158,찬성,2023-12-21
21,GX22581L,2124158,찬성,2023-12-21
21,SE233396,2124158,찬성,2023-12-21
21,AFH96856,2124158,찬성,2023-12-21
21,52P3934K,2124158,찬성,2023-12-21
21,B7H6207C,2124158,찬성,2023-12-21
21,6399076T,2124158,찬성,2023-12-21
21,4U29186R,2124158,찬성,2023-12-21
21,F5Y4026Q,2124158,찬성,2023-12-21
21,WHV3448W,2124158,찬성,2023-12-21
21,6RD62559,2124158,찬성,2023-12-21
21,1Y73132H,2124158,찬성,2023-12-21
21,I0S53762,2124158,불참,2023-12-21
21,LH97552Q,2124158,찬성,2023-12-21
21,TKJ4800F,2124158,찬성,2023-12-21
21,04T3751T,2124158,찬성,2023-12-21
21,MSY7784L,2124158,찬성,2023-12-21
21,EVH1507C,2124158,찬성,2023-12-21
21,K5F2023J,2124158,찬성,2023-12-21
21,14M56632,2124158,찬성,2023-12-21
21,5MD4184K,2124158,찬성,2023-12-21
21,5K93695T,2124158,찬성,2023-12-21
21,DPZ7685X,2124158,찬성,2023-12-21
21,6U243644,2124158,찬성,2023-12-21
21,E9R4507P,2124158,찬성,2023-12-21
21,UHB5553T,2124158,찬성,2023-12-21
21,J9S37905,2124158,찬성,2023-12-21
21,A494529E,2124158,불참,2023-12-21
21,VRY5522V,2124158,찬성,2023-12-21
21,CAA7713A,2124158,찬성,2023-12-21
21,0PK7354M,2124158,불참,2023-12-21
21,O0I2045I,2124158,찬성,2023-12-21
21,CZB4125D,2124158,불참,2023-12-21
21,Z6R3959C,2124158,불참,2023-12-21
21,UGH6481E,2124158,찬성,2023-12-21
21,S824682L,2124158,찬성,2023-12-21
21,W4X85128,2124158,찬성,2023-12-21
21,Q9H5708M,2124158,찬성,2023-12-21
21,JZY9937U,2124158,찬성,2023-12-21
21,MRK4871S,2124158,찬성,2023-12-21
21,YKW37422,2124158,찬성,2023-12-21
21,2NV6751W,2124158,찬성,2023-12-21
21,BM63269Y,2124158,찬성,2023-12-21
21,M7O7878U,2124158,찬성,2023-12-21
21,YLS4431M,2124158,찬성,2023-12-21
21,MNZ4401T,2124158,찬성,2023-12-21
21,3ZR4438W,2124158,찬성,2023-12-21
21,HSS7466Y,2124158,찬성,2023-12-21
21,16D7652C,2124158,찬성,2023-12-21
21,KB04377U,2124158,찬성,2023-12-21
21,FU53642G,2124158,찬성,2023-12-21
21,MLH1404S,2124158,찬성,2023-12-21
21,8VY63414,2124158,찬성,2023-12-21
21,QQP4727N,2124158,찬성,2023-12-21
21,JEZ3130Q,2124158,찬성,2023-12-21
21,BCQ55105,2124158,찬성,2023-12-21
21,9L57027L,2124158,찬성,2023-12-21
21,GOC54665,2124158,불참,2023-12-21
21,5UN9725L,2124158,찬성,2023-12-21
21,IUD9392R,2124158,불참,2023-12-21
21,K3W33496,2124158,찬성,2023-12-21
21,NCO99988,2124158,찬성,2023-12-21
21,M2Q9024I,2124158,불참,2023-12-21
21,DBA1057Z,2124158,찬성,2023-12-21
21,CI15627C,2124158,찬성,2023-12-21
21,C7E79345,2124158,찬성,2023-12-21
21,UQ282145,2124158,찬성,2023-12-21
21,9YO73104,2124158,찬성,2023-12-21
21,TRE2429O,2124158,찬성,2023-12-21
21,E6U4345C,2124158,찬성,2023-12-21
21,7BM2933Y,2124158,찬성,2023-12-21
21,CDL93608,2124158,불참,2023-12-21
21,2UD1340H,2124158,찬성,2023-12-21
21,9VR65006,2124158,불참,2023-12-21
21,X7I4680R,2124158,찬성,2023-12-21
21,EMC8812P,2124158,찬성,2023-12-21
21,XJC13432,2124158,찬성,2023-12-21
21,T465023H,2124158,찬성,2023-12-21
21,3RW63706,2124158,찬성,2023-12-21
21,RQQ3807K,2124158,찬성,2023-12-21
21,FH777496,2124158,찬성,2023-12-21
21,FYI20317,2124158,찬성,2023-12-21
21,8X15119P,2124158,찬성,2023-12-21
21,ZYP7962W,2124158,찬성,2023-12-21
21,3249208I,2124158,찬성,2023-12-21
21,GX38539O,2124158,찬성,2023-12-21
21,XEF29171,2124158,불참,2023-12-21
21,WVU2479T,2124158,찬성,2023-12-21
21,9D939735,2124158,찬성,2023-12-21
21,QTW6852F,2124158,찬성,2023-12-21
21,7XY7109I,2124158,찬성,2023-12-21
21,TST4507I,2124158,찬성,2023-12-21
21,JC14718Q,2124158,찬성,2023-12-21
21,5KV82250,2124158,반대,2023-12-21
21,L7J93733,2124158,찬성,2023-12-21
21,DAV7257X,2124158,찬성,2023-12-21
21,LT72093S,2124158,찬성,2023-12-21
21,GE71932C,2124158,찬성,2023-12-21
21,6YT83269,2124158,찬성,2023-12-21
21,1MU99298,2124158,찬성,2023-12-21
21,17M85910,2124158,찬성,2023-12-21
21,G152611B,2124158,불참,2023-12-21
21,SQ36001H,2124158,찬성,2023-12-21
21,G1570880,2124158,찬성,2023-12-21
21,9LD2641Q,2124158,찬성,2023-12-21
21,FOK3459D,2124158,찬성,2023-12-21
21,QUO78839,2124158,찬성,2023-12-21
21,BT62420K,2124158,찬성,2023-12-21
21,LPB30152,2124158,찬성,2023-12-21
21,MD083627,2124158,찬성,2023-12-21
21,TZP9391O,2124158,찬성,2023-12-21
21,6V37131U,2124158,찬성,2023-12-21
21,OSV9142K,2124158,찬성,2023-12-21
21,FJK3396E,2124158,찬성,2023-12-21
21,ZDP5704Q,2124158,찬성,2023-12-21
21,71J2365L,2124158,찬성,2023-12-21
21,7O71647Z,2124158,불참,2023-12-21
21,W1Q6753M,2124158,찬성,2023-12-21
21,E1J8836Y,2124158,찬성,2023-12-21
21,RD42006Y,2124158,찬성,2023-12-21
21,6EN68926,2124158,찬성,2023-12-21
21,1BX7234U,2124158,찬성,2023-12-21
21,QHL3248U,2124158,찬성,2023-12-21
21,TJW93720,2124158,찬성,2023-12-21
21,9S151177,2124158,찬성,2023-12-21
21,TZ228122,2124158,찬성,2023-12-21
21,9V18755A,2124158,찬성,2023-12-21
21,XA42275R,2124158,찬성,2023-12-21
21,PO64874I,2124158,찬성,2023-12-21
21,LBC8144B,2124158,찬성,2023-12-21
21,VHK3402G,2124158,불참,2023-12-21
21,NLR6572J,2124158,찬성,2023-12-21
21,4X525582,2124158,찬성,2023-12-21
21,JVB6983V,2124158,찬성,2023-12-21
21,0VU8517U,2124158,찬성,2023-12-21
21,XSP20229,2124158,찬성,2023-12-21
21,KFS1358P,2124158,찬성,2023-12-21
21,QUM8288K,2124158,불참,2023-12-21
21,XR24352K,2124158,찬성,2023-12-21
21,4019850M,2124158,찬성,2023-12-21
21,O7R5461J,2124158,찬성,2023-12-21
21,CDL93608,2109001,불참,2021-03-24
21,2UD1340H,2109001,찬성,2021-03-24
21,EMC8812P,2109001,찬성,2021-03-24
21,XJC13432,2109001,불참,2021-03-24
21,T465023H,2109001,찬성,2021-03-24
21,RQQ3807K,2109001,찬성,2021-03-24
21,FH777496,2109001,찬성,2021-03-24
21,FYI20317,2109001,찬성,2021-03-24
21,WVU2479T,2109001,찬성,2021-03-24
21,9D939735,2109001,불참,2021-03-24
21,QTW6852F,2109001,불참,2021-03-24
21,7XY7109I,2109001,불참,2021-03-24
21,TST4507I,2109001,찬성,2021-03-24
21,JC14718Q,2109001,찬성,2021-03-24
21,5KV82250,2109001,불참,2021-03-24
21,L7J93733,2109001,찬성,2021-03-24
21,LT72093S,2109001,찬성,2021-03-24
21,6YT83269,2109001,찬성,2021-03-24
21,1MU99298,2109001,찬성,2021-03-24
21,FDC3144T,2109001,찬성,2021-03-24
21,17M85910,2109001,찬성,2021-03-24
21,SQ36001H,2109001,찬성,2021-03-24
21,9LD2641Q,2109001,찬성,2021-03-24
21,FOK3459D,2109001,찬성,2021-03-24
21,QUO78839,2109001,불참,2021-03-24
21,BT62420K,2109001,찬성,2021-03-24
21,TZP9391O,2109001,찬성,2021-03-24
21,6V37131U,2109001,찬성,2021-03-24
21,FJK3396E,2109001,찬성,2021-03-24
21,71J2365L,2109001,불참,2021-03-24
21,E1J8836Y,2109001,불참,2021-03-24
21,RD42006Y,2109001,불참,2021-03-24
21,6EN68926,2109001,불참,2021-03-24
21,1BX7234U,2109001,찬성,2021-03-24
21,QHL3248U,2109001,찬성,2021-03-24
21,AE685067,2109001,찬성,2021-03-24
21,TZ228122,2109001,찬성,2021-03-24
21,9V18755A,2109001,찬성,2021-03-24
21,PO64874I,2109001,찬성,2021-03-24
21,SBK1544B,2109001,찬성,2021-03-24
21,8SV6917G,2109001,찬성,2021-03-24
21,8FC9697X,2109001,불참,2021-03-24
21,GD131760,2109001,불참,2021-03-24
21,ZRF3039U,2109001,찬성,2021-03-24
21,V0O5343U,2109001,찬성,2021-03-24
21,P0F1530P,2109001,불참,2021-03-24
21,FRN1867O,2109001,찬성,2021-03-24
21,PFG2137X,2109001,불참,2021-03-24
21,GAV6441G,2109001,찬성,2021-03-24
21,7JC3239L,2109001,찬성,2021-03-24
21,8KF7223D,2109001,찬성,2021-03-24
21,8P37634C,2109001,찬성,2021-03-24
21,CNZ51556,2109001,찬성,2021-03-24
21,N4R2421C,2109001,불참,2021-03-24
21,GDG1847Z,2109001,불참,2021-03-24
21,LNR7932L,2109001,불참,2021-03-24
21,O7R5461J,2109001,불참,2021-03-24
21,TVF3669B,2109001,불참,2021-03-24
21,6AR6743G,2109001,찬성,2021-03-24
21,VCP96419,2109001,찬성,2021-03-24
21,8VJ8533R,2109001,불참,2021-03-24
21,GX22581L,2109001,불참,2021-03-24
21,SE233396,2109001,찬성,2021-03-24
21,52P3934K,2109001,찬성,2021-03-24
21,B7H6207C,2109001,찬성,2021-03-24
21,6399076T,2109001,찬성,2021-03-24
21,4U29186R,2109001,찬성,2021-03-24
21,F5Y4026Q,2109001,찬성,2021-03-24
21,1Y73132H,2109001,불참,2021-03-24
21,O6D8329R,2109001,찬성,2021-03-24
21,MSY7784L,2109001,찬성,2021-03-24
21,TP066860,2109001,불참,2021-03-24
21,5K93695T,2109001,찬성,2021-03-24
21,KFS1358P,2109001,찬성,2021-03-24
21,A494529E,2109001,찬성,2021-03-24
21,VRY5522V,2109001,찬성,2021-03-24
21,0PK7354M,2109001,기권,2021-03-24
21,CZB4125D,2109001,불참,2021-03-24
21,Z6R3959C,2109001,불참,2021-03-24
21,UGH6481E,2109001,찬성,2021-03-24
21,S824682L,2109001,불참,2021-03-24
21,Q9H5708M,2109001,찬성,2021-03-24
21,CFE3998F,2109001,찬성,2021-03-24
21,MRK4871S,2109001,찬성,2021-03-24
21,YKW37422,2109001,불참,2021-03-24
21,2NV6751W,2109001,찬성,2021-03-24
21,BM63269Y,2109001,불참,2021-03-24
21,M7O7878U,2109001,찬성,2021-03-24
21,3ZR4438W,2109001,불참,2021-03-24
21,HSS7466Y,2109001,찬성,2021-03-24
21,8VY63414,2109001,찬성,2021-03-24
21,XR24352K,2109001,찬성,2021-03-24
21,QQP4727N,2109001,불참,2021-03-24
21,IUL4848V,2109001,찬성,2021-03-24
21,BCQ55105,2109001,찬성,2021-03-24
21,GOC54665,2109001,찬성,2021-03-24
21,LJK4960Z,2109001,불참,2021-03-24
21,K3W33496,2109001,찬성,2021-03-24
21,CI15627C,2109001,찬성,2021-03-24
21,21N57758,2109001,찬성,2021-03-24
21,C7E79345,2109001,불참,2021-03-24
21,UQ282145,2109001,찬성,2021-03-24
21,TRE2429O,2109001,불참,2021-03-24
21,JNL7001A,2109001,찬성,2021-03-24
21,GKD32201,2109001,찬성,2021-03-24
21,G7512472,2109001,찬성,2021-03-24
21,S741317G,2109001,찬성,2021-03-24
21,CCU1009B,2109001,찬성,2021-03-24
21,2N793392,2109001,찬성,2021-03-24
21,66W6739S,2109001,찬성,2021-03-24
21,QD25323M,2109001,기권,2021-03-24
21,DAY6557K,2109001,찬성,2021-03-24
21,4XG1439M,2109001,찬성,2021-03-24
21,A0P4646G,2109001,찬성,2021-03-24
21,7I09543O,2109001,찬성,2021-03-24
21,1X376850,2109001,찬성,2021-03-24
21,3DK8989T,2109001,불참,2021-03-24
21,7469929V,2109001,찬성,2021-03-24
21,D4L60530,2109001,찬성,2021-03-24
21,09I2323E,2109001,불참,2021-03-24
21,NTT8182Q,2109001,찬성,2021-03-24
21,ZYH1940A,2109001,불참,2021-03-24
21,M0A1658U,2109001,찬성,2021-03-24
21,NZF1659U,2109001,불참,2021-03-24
21,WDS6044S,2109001,불참,2021-03-24
21,ZDR63255,2109001,찬성,2021-03-24
21,SRP7336N,2109001,찬성,2021-03-24
21,GFF1986K,2109001,찬성,2021-03-24
21,WJL30106,2109001,찬성,2021-03-24
21,5KV96424,2109001,찬성,2021-03-24
21,KNM3215T,2109001,찬성,2021-03-24
21,1WE5693J,2109001,찬성,2021-03-24
21,MY318392,2109001,찬성,2021-03-24
21,4T026790,2109001,찬성,2021-03-24
21,EH27538E,2109001,찬성,2021-03-24
21,WFU14784,2109001,찬성,2021-03-24
21,SU53086M,2109001,찬성,2021-03-24
21,0WL9321T,2109001,찬성,2021-03-24
21,PZA4062H,2109001,찬성,2021-03-24
21,H5476989,2109001,찬성,2021-03-24
21,4L695580,2109001,찬성,2021-03-24
21,40E3739H,2109001,찬성,2021-03-24
21,HXT76735,2109001,찬성,2021-03-24
21,RPN2293B,2109001,찬성,2021-03-24
21,V429892C,2109001,찬성,2021-03-24
21,IN328264,2109001,찬성,2021-03-24
21,XBT9550Q,2109001,불참,2021-03-24
21,ZA54991S,2109001,찬성,2021-03-24
21,MO52543L,2109001,찬성,2021-03-24
21,0827740Q,2109001,찬성,2021-03-24
21,WTR5885Y,2109001,찬성,2021-03-24
21,IOW1101J,2109001,불참,2021-03-24
21,ICH23251,2109001,찬성,2021-03-24
21,25I8709Q,2109001,찬성,2021-03-24
21,XWX1513T,2109001,찬성,2021-03-24
21,CT85313K,2109001,불참,2021-03-24
21,BLC8630L,2109001,불참,2021-03-24
21,0767470D,2109001,찬성,2021-03-24
21,LG63087O,2109001,불참,2021-03-24
21,DAN6731C,2109001,불참,2021-03-24
21,VG24001G,2109001,찬성,2021-03-24
21,L2I9861C,2109001,찬성,2021-03-24
21,WCD5518S,2109001,찬성,2021-03-24
21,SVH3899R,2109001,찬성,2021-03-24
21,I434361W,2109001,찬성,2021-03-24
21,9JF4562W,2109001,찬성,2021-03-24
21,Y7K5946R,2109001,찬성,2021-03-24
21,L7T64271,2109001,찬성,2021-03-24
21,4X525582,2109001,불참,2021-03-24
21,3TO11703,2109001,찬성,2021-03-24
21,MU69217P,2109001,불참,2021-03-24
21,LM13674V,2109001,찬성,2021-03-24
21,GP07421U,2109001,찬성,2021-03-24
21,FGI27280,2109001,찬성,2021-03-24
21,USR7059P,2109001,불참,2021-03-24
21,P2N50879,2109001,찬성,2021-03-24
21,A2V51235,2109001,찬성,2021-03-24
21,M6H1705E,2109001,불참,2021-03-24
21,OFE45081,2109001,찬성,2021-03-24
21,A3H7195R,2109001,찬성,2021-03-24
21,0VU8517U,2109001,불참,2021-03-24
21,HSW1214Q,2109001,찬성,2021-03-24
21,3BC6890E,2109001,찬성,2021-03-24
21,KR14136C,2109001,불참,2021-03-24
21,5765663F,2109001,찬성,2021-03-24
21,ZKU88693,2109001,찬성,2021-03-24
21,M7T9712V,2109001,찬성,2021-03-24
21,60490713,2109001,찬성,2021-03-24
21,UM51067K,2109001,찬성,2021-03-24
21,HKJ99607,2109001,찬성,2021-03-24
21,X3170462,2109001,불참,2021-03-24
21,8FB1535Y,2109001,찬성,2021-03-24
21,MR210505,2109001,찬성,2021-03-24
21,GF286398,2109001,찬성,2021-03-24
21,8348421R,2109001,찬성,2021-03-24
21,JQA21112,2109001,찬성,2021-03-24
21,0R68099X,2109001,찬성,2021-03-24
21,4A067125,2109001,불참,2021-03-24
21,2385336L,2109001,찬성,2021-03-24
21,0W194007,2109001,찬성,2021-03-24
21,X1K3667J,2109001,찬성,2021-03-24
21,WMG57662,2109001,찬성,2021-03-24
21,NCP9875N,2109001,찬성,2021-03-24
21,I5I2468R,2109001,찬성,2021-03-24
21,L5P27909,2109001,불참,2021-03-24
21,3425169D,2109001,찬성,2021-03-24
21,OIA3741M,2109001,찬성,2021-03-24
21,6MO8786S,2109001,찬성,2021-03-24
21,PAO22428,2109001,찬성,2021-03-24
21,NQR1206Q,2109001,찬성,2021-03-24
21,NAL4555X,2109001,불참,2021-03-24
21,OW53107J,2109001,찬성,2021-03-24
21,PEP6922S,2109001,찬성,2021-03-24
21,IOW8224X,2109001,찬성,2021-03-24
21,Z7Y7827F,2109001,찬성,2021-03-24
21,ATB59635,2109001,찬성,2021-03-24
21,KUO3574J,2109001,찬성,2021-03-24
21,D6U6678O,2109001,찬성,2021-03-24
21,FU87526G,2109001,찬성,2021-03-24
21,S9U45255,2109001,찬성,2021-03-24
21,QKO6165V,2109001,불참,2021-03-24
21,68P7228G,2109001,찬성,2021-03-24
21,XPP2564T,2109001,불참,2021-03-24
21,LQW3652K,2109001,불참,2021-03-24
21,RO593601,2109001,불참,2021-03-24
21,UB114374,2109001,찬성,2021-03-24
21,0YT3774N,2109001,찬성,2021-03-24
21,40S1959J,2109001,찬성,2021-03-24
21,IL74008M,2109001,찬성,2021-03-24
21,3C23171A,2109001,불참,2021-03-24
21,P2N4585G,2109001,찬성,2021-03-24
21,JMY9959W,2109001,찬성,2021-03-24
21,7R156073,2109001,불참,2021-03-24
21,J2O8643H,2109001,불참,2021-03-24
21,6AU2417B,2109001,찬성,2021-03-24
21,B7D7534L,2109001,찬성,2021-03-24
21,AFH96856,2109001,찬성,2021-03-24
21,WHV3448W,2109001,찬성,2021-03-24
21,I0S53762,2109001,불참,2021-03-24
21,LH97552Q,2109001,찬성,2021-03-24
21,TKJ4800F,2109001,찬성,2021-03-24
21,04T3751T,2109001,찬성,2021-03-24
21,EVH1507C,2109001,찬성,2021-03-24
21,K5F2023J,2109001,찬성,2021-03-24
21,14M56632,2109001,불참,2021-03-24
21,N9X9673B,2109001,찬성,2021-03-24
21,5MD4184K,2109001,찬성,2021-03-24
21,DPZ7685X,2109001,불참,2021-03-24
21,6U243644,2109001,찬성,2021-03-24
21,E9R4507P,2109001,찬성,2021-03-24
21,UHB5553T,2109001,찬성,2021-03-24
21,J9S37905,2109001,불참,2021-03-24
21,CAA7713A,2109001,찬성,2021-03-24
21,O0I2045I,2109001,찬성,2021-03-24
21,QUM8288K,2109001,찬성,2021-03-24
21,W4X85128,2109001,찬성,2021-03-24
21,JZY9937U,2109001,찬성,2021-03-24
21,YLS4431M,2109001,불참,2021-03-24
21,MNZ4401T,2109001,찬성,2021-03-24
21,16D7652C,2109001,찬성,2021-03-24
21,KB04377U,2109001,불참,2021-03-24
21,FU53642G,2109001,찬성,2021-03-24
21,MLH1404S,2109001,찬성,2021-03-24
21,JEZ3130Q,2109001,찬성,2021-03-24
21,9L57027L,2109001,찬성,2021-03-24
21,5UN9725L,2109001,불참,2021-03-24
21,M2Q9024I,2109001,불참,2021-03-24
21,DBA1057Z,2109001,찬성,2021-03-24
21,4019850M,2109001,찬성,2021-03-24
21,9YO73104,2109001,불참,2021-03-24
21,E6U4345C,2109001,찬성,2021-03-24
21,7BM2933Y,2109001,찬성,2021-03-24
21,9VR65006,2109001,불참,2021-03-24
21,X7I4680R,2109001,찬성,2021-03-24
21,D0C85236,2109001,찬성,2021-03-24
21,XSP20229,2109001,불참,2021-03-24
21,3RW63706,2109001,불참,2021-03-24
21,8X15119P,2109001,찬성,2021-03-24
21,ZYP7962W,2109001,불참,2021-03-24
21,CNW5754J,2109001,찬성,2021-03-24
21,3249208I,2109001,찬성,2021-03-24
21,GX38539O,2109001,찬성,2021-03-24
21,8Q88373R,2109001,찬성,2021-03-24
21,XEF29171,2109001,찬성,2021-03-24
21,DAV7257X,2109001,찬성,2021-03-24
21,GE71932C,2109001,찬성,2021-03-24
21,G152611B,2109001,불참,2021-03-24
21,I7R13867,2109001,찬성,2021-03-24
21,G1570880,2109001,찬성,2021-03-24
21,LPB30152,2109001,찬성,2021-03-24
21,MD083627,2109001,찬성,2021-03-24
21,OSV9142K,2109001,찬성,2021-03-24
21,B7R2742J,2109001,찬성,2021-03-24
21,ZDP5704Q,2109001,찬성,2021-03-24
21,7O71647Z,2109001,찬성,2021-03-24
21,W1Q6753M,2109001,찬성,2021-03-24
21,MHK9919B,2109001,불참,2021-03-24
21,TJW93720,2109001,찬성,2021-03-24
21,9S151177,2109001,찬성,2021-03-24
21,XA42275R,2109001,찬성,2021-03-24
21,GKD32201,2100135,찬성,2020-07-03
21,FOK3459D,2100135,찬성,2020-07-03
21,2N793392,2100135,찬성,2020-07-03
21,66W6739S,2100135,불참,2020-07-03
21,DAY6557K,2100135,불참,2020-07-03
21,WJL30106,2100135,찬성,2020-07-03
21,8348421R,2100135,불참,2020-07-03
21,4L695580,2100135,찬성,2020-07-03
21,2385336L,2100135,찬성,2020-07-03
21,PAO22428,2100135,찬성,2020-07-03
21,I434361W,2100135,불참,2020-07-03
21,FU87526G,2100135,불참,2020-07-03
21,8SV6917G,2100135,불참,2020-07-03
21,GDG1847Z,2100135,불참,2020-07-03
21,JMY9959W,2100135,찬성,2020-07-03
21,1Y73132H,2100135,불참,2020-07-03
21,Q9H5708M,2100135,찬성,2020-07-03
21,BM63269Y,2100135,찬성,2020-07-03
21,IUL4848V,2100135,불참,2020-07-03
21,CI15627C,2100135,찬성,2020-07-03
21,C7E79345,2100135,찬성,2020-07-03
21,3RW63706,2100135,불참,2020-07-03
21,FDC3144T,2100135,불참,2020-07-03
21,3TO11703,2100135,찬성,2020-07-03
21,L7T64271,2100135,찬성,2020-07-03
21,4X525582,2100135,불참,2020-07-03
21,G7512472,2100135,찬성,2020-07-03
21,S741317G,2100135,불참,2020-07-03
21,CCU1009B,2100135,찬성,2020-07-03
21,MU69217P,2100135,불참,2020-07-03
21,LM13674V,2100135,찬성,2020-07-03
21,QD25323M,2100135,찬성,2020-07-03
21,GP07421U,2100135,찬성,2020-07-03
21,FGI27280,2100135,불참,2020-07-03
21,USR7059P,2100135,불참,2020-07-03
21,4XG1439M,2100135,찬성,2020-07-03
21,P2N50879,2100135,불참,2020-07-03
21,A0P4646G,2100135,불참,2020-07-03
21,A2V51235,2100135,기권,2020-07-03
21,7I09543O,2100135,찬성,2020-07-03
21,1X376850,2100135,불참,2020-07-03
21,3DK8989T,2100135,불참,2020-07-03
21,7469929V,2100135,불참,2020-07-03
21,D4L60530,2100135,찬성,2020-07-03
21,M6H1705E,2100135,찬성,2020-07-03
21,OFE45081,2100135,찬성,2020-07-03
21,09I2323E,2100135,찬성,2020-07-03
21,NTT8182Q,2100135,찬성,2020-07-03
21,A3H7195R,2100135,찬성,2020-07-03
21,ZYH1940A,2100135,찬성,2020-07-03
21,0VU8517U,2100135,찬성,2020-07-03
21,M0A1658U,2100135,찬성,2020-07-03
21,HSW1214Q,2100135,불참,2020-07-03
21,NZF1659U,2100135,불참,2020-07-03
21,WDS6044S,2100135,불참,2020-07-03
21,3BC6890E,2100135,불참,2020-07-03
21,ZDR63255,2100135,찬성,2020-07-03
21,KR14136C,2100135,찬성,2020-07-03
21,SRP7336N,2100135,불참,2020-07-03
21,5765663F,2100135,찬성,2020-07-03
21,ZKU88693,2100135,찬성,2020-07-03
21,5KV96424,2100135,찬성,2020-07-03
21,KNM3215T,2100135,찬성,2020-07-03
21,M7T9712V,2100135,불참,2020-07-03
21,60490713,2100135,찬성,2020-07-03
21,UM51067K,2100135,찬성,2020-07-03
21,HKJ99607,2100135,찬성,2020-07-03
21,1WE5693J,2100135,찬성,2020-07-03
21,MY318392,2100135,불참,2020-07-03
21,8FB1535Y,2100135,찬성,2020-07-03
21,4T026790,2100135,찬성,2020-07-03
21,EH27538E,2100135,불참,2020-07-03
21,WFU14784,2100135,불참,2020-07-03
21,SU53086M,2100135,기권,2020-07-03
21,0WL9321T,2100135,찬성,2020-07-03
21,MR210505,2100135,불참,2020-07-03
21,GF286398,2100135,찬성,2020-07-03
21,H5476989,2100135,찬성,2020-07-03
21,JQA21112,2100135,불참,2020-07-03
21,40E3739H,2100135,불참,2020-07-03
21,HXT76735,2100135,찬성,2020-07-03
21,RPN2293B,2100135,불참,2020-07-03
21,0R68099X,2100135,찬성,2020-07-03
21,V429892C,2100135,찬성,2020-07-03
21,4A067125,2100135,찬성,2020-07-03
21,IN328264,2100135,찬성,2020-07-03
21,XBT9550Q,2100135,찬성,2020-07-03
21,ZA54991S,2100135,찬성,2020-07-03
21,MO52543L,2100135,찬성,2020-07-03
21,0827740Q,2100135,찬성,2020-07-03
21,0W194007,2100135,찬성,2020-07-03
21,X1K3667J,2100135,찬성,2020-07-03
21,WMG57662,2100135,기권,2020-07-03
21,NCP9875N,2100135,기권,2020-07-03
21,I5I2468R,2100135,찬성,2020-07-03
21,WTR5885Y,2100135,찬성,2020-07-03
21,L5P27909,2100135,불참,2020-07-03
21,3425169D,2100135,찬성,2020-07-03
21,IOW1101J,2100135,불참,2020-07-03
21,ICH23251,2100135,찬성,2020-07-03
21,25I8709Q,2100135,찬성,2020-07-03
21,OIA3741M,2100135,찬성,2020-07-03
21,6MO8786S,2100135,불참,2020-07-03
21,XWX1513T,2100135,찬성,2020-07-03
21,CT85313K,2100135,불참,2020-07-03
21,BLC8630L,2100135,찬성,2020-07-03
21,NQR1206Q,2100135,불참,2020-07-03
21,0767470D,2100135,찬성,2020-07-03
21,LG63087O,2100135,불참,2020-07-03
21,NAL4555X,2100135,불참,2020-07-03
21,PEP6922S,2100135,찬성,2020-07-03
21,DAN6731C,2100135,불참,2020-07-03
21,VG24001G,2100135,불참,2020-07-03
21,L2I9861C,2100135,불참,2020-07-03
21,WCD5518S,2100135,찬성,2020-07-03
21,SVH3899R,2100135,불참,2020-07-03
21,IOW8224X,2100135,찬성,2020-07-03
21,9JF4562W,2100135,찬성,2020-07-03
21,Y7K5946R,2100135,불참,2020-07-03
21,Z7Y7827F,2100135,찬성,2020-07-03
21,ATB59635,2100135,찬성,2020-07-03
21,SBK1544B,2100135,불참,2020-07-03
21,KUO3574J,2100135,찬성,2020-07-03
21,S9U45255,2100135,불참,2020-07-03
21,8FC9697X,2100135,찬성,2020-07-03
21,QKO6165V,2100135,불참,2020-07-03
21,GD131760,2100135,불참,2020-07-03
21,V0O5343U,2100135,찬성,2020-07-03
21,68P7228G,2100135,찬성,2020-07-03
21,XPP2564T,2100135,찬성,2020-07-03
21,FRN1867O,2100135,찬성,2020-07-03
21,LQW3652K,2100135,불참,2020-07-03
21,UB114374,2100135,불참,2020-07-03
21,0YT3774N,2100135,찬성,2020-07-03
21,7JC3239L,2100135,불참,2020-07-03
21,40S1959J,2100135,찬성,2020-07-03
21,IL74008M,2100135,찬성,2020-07-03
21,8KF7223D,2100135,찬성,2020-07-03
21,8P37634C,2100135,찬성,2020-07-03
21,CNZ51556,2100135,불참,2020-07-03
21,N4R2421C,2100135,불참,2020-07-03
21,3C23171A,2100135,찬성,2020-07-03
21,P2N4585G,2100135,찬성,2020-07-03
21,LNR7932L,2100135,찬성,2020-07-03
21,O7R5461J,2100135,찬성,2020-07-03
21,TVF3669B,2100135,불참,2020-07-03
21,7R156073,2100135,불참,2020-07-03
21,6AR6743G,2100135,불참,2020-07-03
21,J2O8643H,2100135,찬성,2020-07-03
21,VCP96419,2100135,찬성,2020-07-03
21,6AU2417B,2100135,찬성,2020-07-03
21,8VJ8533R,2100135,불참,2020-07-03
21,B7D7534L,2100135,찬성,2020-07-03
21,GX22581L,2100135,불참,2020-07-03
21,SE233396,2100135,찬성,2020-07-03
21,AFH96856,2100135,찬성,2020-07-03
21,B7H6207C,2100135,불참,2020-07-03
21,6399076T,2100135,찬성,2020-07-03
21,4U29186R,2100135,찬성,2020-07-03
21,F5Y4026Q,2100135,찬성,2020-07-03
21,WHV3448W,2100135,찬성,2020-07-03
21,I0S53762,2100135,불참,2020-07-03
21,LH97552Q,2100135,불참,2020-07-03
21,TKJ4800F,2100135,찬성,2020-07-03
21,O6D8329R,2100135,찬성,2020-07-03
21,04T3751T,2100135,찬성,2020-07-03
21,MSY7784L,2100135,불참,2020-07-03
21,EVH1507C,2100135,불참,2020-07-03
21,K5F2023J,2100135,찬성,2020-07-03
21,14M56632,2100135,불참,2020-07-03
21,N9X9673B,2100135,찬성,2020-07-03
21,5MD4184K,2100135,찬성,2020-07-03
21,TP066860,2100135,찬성,2020-07-03
21,5K93695T,2100135,불참,2020-07-03
21,DPZ7685X,2100135,불참,2020-07-03
21,6U243644,2100135,불참,2020-07-03
21,E9R4507P,2100135,불참,2020-07-03
21,UHB5553T,2100135,찬성,2020-07-03
21,KFS1358P,2100135,찬성,2020-07-03
21,J9S37905,2100135,불참,2020-07-03
21,A494529E,2100135,찬성,2020-07-03
21,VRY5522V,2100135,찬성,2020-07-03
21,CAA7713A,2100135,불참,2020-07-03
21,0PK7354M,2100135,찬성,2020-07-03
21,O0I2045I,2100135,찬성,2020-07-03
21,CZB4125D,2100135,불참,2020-07-03
21,Z6R3959C,2100135,불참,2020-07-03
21,QUM8288K,2100135,불참,2020-07-03
21,UGH6481E,2100135,찬성,2020-07-03
21,W4X85128,2100135,불참,2020-07-03
21,JZY9937U,2100135,찬성,2020-07-03
21,MRK4871S,2100135,불참,2020-07-03
21,YKW37422,2100135,불참,2020-07-03
21,2NV6751W,2100135,찬성,2020-07-03
21,M7O7878U,2100135,찬성,2020-07-03
21,YLS4431M,2100135,불참,2020-07-03
21,MNZ4401T,2100135,찬성,2020-07-03
21,3ZR4438W,2100135,찬성,2020-07-03
21,16D7652C,2100135,찬성,2020-07-03
21,KB04377U,2100135,불참,2020-07-03
21,FU53642G,2100135,찬성,2020-07-03
21,MLH1404S,2100135,불참,2020-07-03
21,8VY63414,2100135,불참,2020-07-03
21,XR24352K,2100135,찬성,2020-07-03
21,QQP4727N,2100135,불참,2020-07-03
21,JEZ3130Q,2100135,불참,2020-07-03
21,BCQ55105,2100135,찬성,2020-07-03
21,9L57027L,2100135,불참,2020-07-03
21,GOC54665,2100135,찬성,2020-07-03
21,5UN9725L,2100135,불참,2020-07-03
21,LJK4960Z,2100135,불참,2020-07-03
21,K3W33496,2100135,찬성,2020-07-03
21,DBA1057Z,2100135,찬성,2020-07-03
21,21N57758,2100135,찬성,2020-07-03
21,4019850M,2100135,찬성,2020-07-03
21,UQ282145,2100135,찬성,2020-07-03
21,TRE2429O,2100135,찬성,2020-07-03
21,7BM2933Y,2100135,찬성,2020-07-03
21,2UD1340H,2100135,찬성,2020-07-03
21,9VR65006,2100135,불참,2020-07-03
21,EMC8812P,2100135,불참,2020-07-03
21,XJC13432,2100135,불참,2020-07-03
21,D0C85236,2100135,불참,2020-07-03
21,T465023H,2100135,찬성,2020-07-03
21,RQQ3807K,2100135,찬성,2020-07-03
21,FH777496,2100135,찬성,2020-07-03
21,FYI20317,2100135,찬성,2020-07-03
21,ZYP7962W,2100135,불참,2020-07-03
21,3249208I,2100135,찬성,2020-07-03
21,GX38539O,2100135,찬성,2020-07-03
21,8Q88373R,2100135,찬성,2020-07-03
21,WVU2479T,2100135,찬성,2020-07-03
21,9D939735,2100135,불참,2020-07-03
21,QTW6852F,2100135,불참,2020-07-03
21,7XY7109I,2100135,불참,2020-07-03
21,TST4507I,2100135,찬성,2020-07-03
21,JC14718Q,2100135,찬성,2020-07-03
21,5KV82250,2100135,불참,2020-07-03
21,L7J93733,2100135,불참,2020-07-03
21,LT72093S,2100135,찬성,2020-07-03
21,GE71932C,2100135,찬성,2020-07-03
21,6YT83269,2100135,불참,2020-07-03
21,1MU99298,2100135,찬성,2020-07-03
21,17M85910,2100135,찬성,2020-07-03
21,G152611B,2100135,불참,2020-07-03
21,I7R13867,2100135,찬성,2020-07-03
21,SQ36001H,2100135,찬성,2020-07-03
21,G1570880,2100135,찬성,2020-07-03
21,9LD2641Q,2100135,찬성,2020-07-03
21,QUO78839,2100135,찬성,2020-07-03
21,BT62420K,2100135,찬성,2020-07-03
21,LPB30152,2100135,찬성,2020-07-03
21,MD083627,2100135,찬성,2020-07-03
21,6V37131U,2100135,찬성,2020-07-03
21,OSV9142K,2100135,불참,2020-07-03
21,B7R2742J,2100135,찬성,2020-07-03
21,FJK3396E,2100135,찬성,2020-07-03
21,ZDP5704Q,2100135,불참,2020-07-03
21,71J2365L,2100135,불참,2020-07-03
21,7O71647Z,2100135,찬성,2020-07-03
21,W1Q6753M,2100135,기권,2020-07-03
21,MHK9919B,2100135,불참,2020-07-03
21,E1J8836Y,2100135,불참,2020-07-03
21,RD42006Y,2100135,찬성,2020-07-03
21,6EN68926,2100135,불참,2020-07-03
21,1BX7234U,2100135,찬성,2020-07-03
21,QHL3248U,2100135,찬성,2020-07-03
21,AE685067,2100135,찬성,2020-07-03
21,9S151177,2100135,불참,2020-07-03
21,TZ228122,2100135,찬성,2020-07-03
21,9V18755A,2100135,찬성,2020-07-03
21,PO64874I,2100135,찬성,2020-07-03
21,JNL7001A,2100135,불참,2020-07-03
21,XA42275R,2100135,찬성,2020-07-03
21,X3170462,2100135,불참,2020-07-03
21,PZA4062H,2100135,찬성,2020-07-03
21,OW53107J,2100135,찬성,2020-07-03
21,D6U6678O,2100135,찬성,2020-07-03
21,ZRF3039U,2100135,불참,2020-07-03
21,P0F1530P,2100135,불참,2020-07-03
21,RO593601,2100135,찬성,2020-07-03
21,PFG2137X,2100135,불참,2020-07-03
21,GAV6441G,2100135,기권,2020-07-03
21,52P3934K,2100135,불참,2020-07-03
21,S824682L,2100135,찬성,2020-07-03
21,CFE3998F,2100135,불참,2020-07-03
21,HSS7466Y,2100135,찬성,2020-07-03
21,M2Q9024I,2100135,찬성,2020-07-03
21,9YO73104,2100135,찬성,2020-07-03
21,E6U4345C,2100135,찬성,2020-07-03
21,CDL93608,2100135,찬성,2020-07-03
21,X7I4680R,2100135,불참,2020-07-03
21,XSP20229,2100135,찬성,2020-07-03
21,8X15119P,2100135,불참,2020-07-03
21,CNW5754J,2100135,불참,2020-07-03
21,XEF29171,2100135,찬성,2020-07-03
21,DAV7257X,2100135,찬성,2020-07-03
21,TZP9391O,2100135,불참,2020-07-03
21,TJW93720,2100135,찬성,2020-07-03
21,GFF1986K,2100135,찬성,2020-07-03
21,PO64874I,2112672,불참,2021-09-28
21,FIC9046Z,2112672,불참,2021-09-28
21,GKD32201,2112672,불참,2021-09-28
21,2N793392,2112672,찬성,2021-09-28
21,DAY6557K,2112672,찬성,2021-09-28
21,GP07421U,2112672,불참,2021-09-28
21,WDS6044S,2112672,찬성,2021-09-28
21,ZDR63255,2112672,찬성,2021-09-28
21,GFF1986K,2112672,찬성,2021-09-28
21,WJL30106,2112672,불참,2021-09-28
21,EH27538E,2112672,기권,2021-09-28
21,WFU14784,2112672,찬성,2021-09-28
21,JQA21112,2112672,찬성,2021-09-28
21,4L695580,2112672,찬성,2021-09-28
21,RPN2293B,2112672,찬성,2021-09-28
21,V429892C,2112672,찬성,2021-09-28
21,4A067125,2112672,찬성,2021-09-28
21,IOW1101J,2112672,불참,2021-09-28
21,CT85313K,2112672,찬성,2021-09-28
21,PAO22428,2112672,불참,2021-09-28
21,BLC8630L,2112672,찬성,2021-09-28
21,VG24001G,2112672,찬성,2021-09-28
21,I434361W,2112672,찬성,2021-09-28
21,KUO3574J,2112672,불참,2021-09-28
21,FU87526G,2112672,찬성,2021-09-28
21,S9U45255,2112672,찬성,2021-09-28
21,V0O5343U,2112672,불참,2021-09-28
21,FRN1867O,2112672,찬성,2021-09-28
21,RO593601,2112672,찬성,2021-09-28
21,UB114374,2112672,불참,2021-09-28
21,CNZ51556,2112672,불참,2021-09-28
21,GDG1847Z,2112672,불참,2021-09-28
21,O7R5461J,2112672,찬성,2021-09-28
21,J2O8643H,2112672,찬성,2021-09-28
21,6AU2417B,2112672,찬성,2021-09-28
21,4U29186R,2112672,불참,2021-09-28
21,F5Y4026Q,2112672,찬성,2021-09-28
21,I0S53762,2112672,불참,2021-09-28
21,N9X9673B,2112672,불참,2021-09-28
21,E9R4507P,2112672,기권,2021-09-28
21,KFS1358P,2112672,찬성,2021-09-28
21,VRY5522V,2112672,불참,2021-09-28
21,Q9H5708M,2112672,불참,2021-09-28
21,CFE3998F,2112672,불참,2021-09-28
21,BM63269Y,2112672,불참,2021-09-28
21,XR24352K,2112672,찬성,2021-09-28
21,QQP4727N,2112672,불참,2021-09-28
21,JEZ3130Q,2112672,찬성,2021-09-28
21,GOC54665,2112672,불참,2021-09-28
21,DBA1057Z,2112672,찬성,2021-09-28
21,2UD1340H,2112672,불참,2021-09-28
21,X7I4680R,2112672,기권,2021-09-28
21,D0C85236,2112672,불참,2021-09-28
21,T465023H,2112672,찬성,2021-09-28
21,3RW63706,2112672,불참,2021-09-28
21,8X15119P,2112672,불참,2021-09-28
21,JC14718Q,2112672,찬성,2021-09-28
21,FDC3144T,2112672,불참,2021-09-28
21,9LD2641Q,2112672,찬성,2021-09-28
21,FOK3459D,2112672,찬성,2021-09-28
21,LPB30152,2112672,찬성,2021-09-28
21,6V37131U,2112672,찬성,2021-09-28
21,1BX7234U,2112672,찬성,2021-09-28
21,QHL3248U,2112672,불참,2021-09-28
21,9V18755A,2112672,찬성,2021-09-28
21,JNL7001A,2112672,찬성,2021-09-28
21,L7T64271,2112672,찬성,2021-09-28
21,4X525582,2112672,기권,2021-09-28
21,G7512472,2112672,찬성,2021-09-28
21,3TO11703,2112672,찬성,2021-09-28
21,S741317G,2112672,기권,2021-09-28
21,CCU1009B,2112672,찬성,2021-09-28
21,MU69217P,2112672,불참,2021-09-28
21,66W6739S,2112672,기권,2021-09-28
21,LM13674V,2112672,찬성,2021-09-28
21,QD25323M,2112672,찬성,2021-09-28
21,FGI27280,2112672,불참,2021-09-28
21,USR7059P,2112672,기권,2021-09-28
21,4XG1439M,2112672,찬성,2021-09-28
21,P2N50879,2112672,찬성,2021-09-28
21,A0P4646G,2112672,불참,2021-09-28
21,A2V51235,2112672,찬성,2021-09-28
21,7I09543O,2112672,찬성,2021-09-28
21,1X376850,2112672,찬성,2021-09-28
21,3DK8989T,2112672,찬성,2021-09-28
21,7469929V,2112672,불참,2021-09-28
21,D4L60530,2112672,찬성,2021-09-28
21,M6H1705E,2112672,찬성,2021-09-28
21,OFE45081,2112672,찬성,2021-09-28
21,09I2323E,2112672,불참,2021-09-28
21,NTT8182Q,2112672,반대,2021-09-28
21,A3H7195R,2112672,불참,2021-09-28
21,ZYH1940A,2112672,찬성,2021-09-28
21,0VU8517U,2112672,불참,2021-09-28
21,M0A1658U,2112672,불참,2021-09-28
21,HSW1214Q,2112672,불참,2021-09-28
21,NZF1659U,2112672,불참,2021-09-28
21,3BC6890E,2112672,기권,2021-09-28
21,KR14136C,2112672,불참,2021-09-28
21,SRP7336N,2112672,찬성,2021-09-28
21,5765663F,2112672,찬성,2021-09-28
21,ZKU88693,2112672,찬성,2021-09-28
21,5KV96424,2112672,찬성,2021-09-28
21,KNM3215T,2112672,찬성,2021-09-28
21,M7T9712V,2112672,찬성,2021-09-28
21,60490713,2112672,찬성,2021-09-28
21,UM51067K,2112672,찬성,2021-09-28
21,HKJ99607,2112672,찬성,2021-09-28
21,1WE5693J,2112672,찬성,2021-09-28
21,X3170462,2112672,불참,2021-09-28
21,MY318392,2112672,찬성,2021-09-28
21,8FB1535Y,2112672,찬성,2021-09-28
21,4T026790,2112672,찬성,2021-09-28
21,SU53086M,2112672,찬성,2021-09-28
21,0WL9321T,2112672,찬성,2021-09-28
21,PZA4062H,2112672,찬성,2021-09-28
21,MR210505,2112672,찬성,2021-09-28
21,GF286398,2112672,찬성,2021-09-28
21,8348421R,2112672,불참,2021-09-28
21,H5476989,2112672,찬성,2021-09-28
21,40E3739H,2112672,찬성,2021-09-28
21,HXT76735,2112672,불참,2021-09-28
21,0R68099X,2112672,찬성,2021-09-28
21,2385336L,2112672,찬성,2021-09-28
21,IN328264,2112672,불참,2021-09-28
21,XBT9550Q,2112672,불참,2021-09-28
21,ZA54991S,2112672,찬성,2021-09-28
21,MO52543L,2112672,찬성,2021-09-28
21,0827740Q,2112672,불참,2021-09-28
21,0W194007,2112672,찬성,2021-09-28
21,X1K3667J,2112672,찬성,2021-09-28
21,WMG57662,2112672,찬성,2021-09-28
21,NCP9875N,2112672,찬성,2021-09-28
21,I5I2468R,2112672,찬성,2021-09-28
21,WTR5885Y,2112672,찬성,2021-09-28
21,L5P27909,2112672,불참,2021-09-28
21,3425169D,2112672,찬성,2021-09-28
21,ICH23251,2112672,찬성,2021-09-28
21,25I8709Q,2112672,찬성,2021-09-28
21,OIA3741M,2112672,찬성,2021-09-28
21,6MO8786S,2112672,찬성,2021-09-28
21,XWX1513T,2112672,찬성,2021-09-28
21,NQR1206Q,2112672,불참,2021-09-28
21,LG63087O,2112672,찬성,2021-09-28
21,NAL4555X,2112672,불참,2021-09-28
21,OW53107J,2112672,찬성,2021-09-28
21,PEP6922S,2112672,불참,2021-09-28
21,DAN6731C,2112672,기권,2021-09-28
21,L2I9861C,2112672,불참,2021-09-28
21,WCD5518S,2112672,찬성,2021-09-28
21,SVH3899R,2112672,찬성,2021-09-28
21,IOW8224X,2112672,불참,2021-09-28
21,9JF4562W,2112672,찬성,2021-09-28
21,Y7K5946R,2112672,찬성,2021-09-28
21,Z7Y7827F,2112672,찬성,2021-09-28
21,ATB59635,2112672,찬성,2021-09-28
21,SBK1544B,2112672,불참,2021-09-28
21,D6U6678O,2112672,찬성,2021-09-28
21,8SV6917G,2112672,찬성,2021-09-28
21,8FC9697X,2112672,찬성,2021-09-28
21,QKO6165V,2112672,찬성,2021-09-28
21,GD131760,2112672,기권,2021-09-28
21,ZRF3039U,2112672,불참,2021-09-28
21,68P7228G,2112672,찬성,2021-09-28
21,P0F1530P,2112672,기권,2021-09-28
21,XPP2564T,2112672,불참,2021-09-28
21,LQW3652K,2112672,찬성,2021-09-28
21,PFG2137X,2112672,찬성,2021-09-28
21,GAV6441G,2112672,찬성,2021-09-28
21,0YT3774N,2112672,찬성,2021-09-28
21,7JC3239L,2112672,기권,2021-09-28
21,40S1959J,2112672,불참,2021-09-28
21,IL74008M,2112672,불참,2021-09-28
21,8KF7223D,2112672,찬성,2021-09-28
21,8P37634C,2112672,불참,2021-09-28
21,N4R2421C,2112672,불참,2021-09-28
21,3C23171A,2112672,불참,2021-09-28
21,P2N4585G,2112672,찬성,2021-09-28
21,TVF3669B,2112672,불참,2021-09-28
21,JMY9959W,2112672,찬성,2021-09-28
21,7R156073,2112672,불참,2021-09-28
21,6AR6743G,2112672,찬성,2021-09-28
21,VCP96419,2112672,찬성,2021-09-28
21,8VJ8533R,2112672,기권,2021-09-28
21,B7D7534L,2112672,찬성,2021-09-28
21,GX22581L,2112672,기권,2021-09-28
21,SE233396,2112672,찬성,2021-09-28
21,AFH96856,2112672,찬성,2021-09-28
21,52P3934K,2112672,불참,2021-09-28
21,B7H6207C,2112672,찬성,2021-09-28
21,6399076T,2112672,찬성,2021-09-28
21,WHV3448W,2112672,찬성,2021-09-28
21,1Y73132H,2112672,불참,2021-09-28
21,LH97552Q,2112672,기권,2021-09-28
21,TKJ4800F,2112672,찬성,2021-09-28
21,O6D8329R,2112672,찬성,2021-09-28
21,04T3751T,2112672,찬성,2021-09-28
21,MSY7784L,2112672,불참,2021-09-28
21,EVH1507C,2112672,찬성,2021-09-28
21,K5F2023J,2112672,찬성,2021-09-28
21,14M56632,2112672,불참,2021-09-28
21,5MD4184K,2112672,불참,2021-09-28
21,5K93695T,2112672,불참,2021-09-28
21,DPZ7685X,2112672,찬성,2021-09-28
21,6U243644,2112672,찬성,2021-09-28
21,UHB5553T,2112672,찬성,2021-09-28
21,J9S37905,2112672,기권,2021-09-28
21,A494529E,2112672,찬성,2021-09-28
21,CAA7713A,2112672,찬성,2021-09-28
21,0PK7354M,2112672,찬성,2021-09-28
21,O0I2045I,2112672,찬성,2021-09-28
21,CZB4125D,2112672,불참,2021-09-28
21,Z6R3959C,2112672,찬성,2021-09-28
21,QUM8288K,2112672,찬성,2021-09-28
21,UGH6481E,2112672,찬성,2021-09-28
21,S824682L,2112672,찬성,2021-09-28
21,W4X85128,2112672,찬성,2021-09-28
21,JZY9937U,2112672,찬성,2021-09-28
21,MRK4871S,2112672,찬성,2021-09-28
21,YKW37422,2112672,기권,2021-09-28
21,2NV6751W,2112672,찬성,2021-09-28
21,M7O7878U,2112672,찬성,2021-09-28
21,YLS4431M,2112672,찬성,2021-09-28
21,MNZ4401T,2112672,찬성,2021-09-28
21,3ZR4438W,2112672,불참,2021-09-28
21,HSS7466Y,2112672,찬성,2021-09-28
21,16D7652C,2112672,찬성,2021-09-28
21,KB04377U,2112672,찬성,2021-09-28
21,FU53642G,2112672,찬성,2021-09-28
21,MLH1404S,2112672,불참,2021-09-28
21,8VY63414,2112672,찬성,2021-09-28
21,BCQ55105,2112672,불참,2021-09-28
21,9L57027L,2112672,반대,2021-09-28
21,5UN9725L,2112672,불참,2021-09-28
21,LJK4960Z,2112672,찬성,2021-09-28
21,K3W33496,2112672,찬성,2021-09-28
21,M2Q9024I,2112672,찬성,2021-09-28
21,CI15627C,2112672,불참,2021-09-28
21,21N57758,2112672,불참,2021-09-28
21,C7E79345,2112672,불참,2021-09-28
21,4019850M,2112672,찬성,2021-09-28
21,UQ282145,2112672,찬성,2021-09-28
21,9YO73104,2112672,찬성,2021-09-28
21,TRE2429O,2112672,찬성,2021-09-28
21,E6U4345C,2112672,찬성,2021-09-28
21,7BM2933Y,2112672,찬성,2021-09-28
21,CDL93608,2112672,찬성,2021-09-28
21,9VR65006,2112672,불참,2021-09-28
21,EMC8812P,2112672,찬성,2021-09-28
21,XJC13432,2112672,찬성,2021-09-28
21,XSP20229,2112672,불참,2021-09-28
21,RQQ3807K,2112672,찬성,2021-09-28
21,FH777496,2112672,불참,2021-09-28
21,FYI20317,2112672,찬성,2021-09-28
21,ZYP7962W,2112672,불참,2021-09-28
21,CNW5754J,2112672,찬성,2021-09-28
21,3249208I,2112672,불참,2021-09-28
21,GX38539O,2112672,불참,2021-09-28
21,8Q88373R,2112672,찬성,2021-09-28
21,XEF29171,2112672,불참,2021-09-28
21,WVU2479T,2112672,찬성,2021-09-28
21,9D939735,2112672,불참,2021-09-28
21,QTW6852F,2112672,찬성,2021-09-28
21,7XY7109I,2112672,불참,2021-09-28
21,TST4507I,2112672,찬성,2021-09-28
21,5KV82250,2112672,기권,2021-09-28
21,L7J93733,2112672,불참,2021-09-28
21,DAV7257X,2112672,찬성,2021-09-28
21,LT72093S,2112672,찬성,2021-09-28
21,GE71932C,2112672,찬성,2021-09-28
21,6YT83269,2112672,불참,2021-09-28
21,1MU99298,2112672,찬성,2021-09-28
21,17M85910,2112672,찬성,2021-09-28
21,G152611B,2112672,기권,2021-09-28
21,I7R13867,2112672,찬성,2021-09-28
21,SQ36001H,2112672,찬성,2021-09-28
21,G1570880,2112672,불참,2021-09-28
21,QUO78839,2112672,찬성,2021-09-28
21,BT62420K,2112672,불참,2021-09-28
21,MD083627,2112672,찬성,2021-09-28
21,TZP9391O,2112672,불참,2021-09-28
21,OSV9142K,2112672,찬성,2021-09-28
21,B7R2742J,2112672,찬성,2021-09-28
21,FJK3396E,2112672,불참,2021-09-28
21,ZDP5704Q,2112672,불참,2021-09-28
21,71J2365L,2112672,불참,2021-09-28
21,7O71647Z,2112672,불참,2021-09-28
21,W1Q6753M,2112672,찬성,2021-09-28
21,MHK9919B,2112672,불참,2021-09-28
21,E1J8836Y,2112672,찬성,2021-09-28
21,RD42006Y,2112672,불참,2021-09-28
21,6EN68926,2112672,불참,2021-09-28
21,AE685067,2112672,찬성,2021-09-28
21,TJW93720,2112672,찬성,2021-09-28
21,9S151177,2112672,찬성,2021-09-28
21,TZ228122,2112672,찬성,2021-09-28
21,XA42275R,2112672,불참,2021-09-28
21,F5U2979W,2114593,찬성,2022-05-29
21,G7512472,2114593,불참,2022-05-29
21,2N793392,2114593,찬성,2022-05-29
21,LM13674V,2114593,찬성,2022-05-29
21,QD25323M,2114593,찬성,2022-05-29
21,GP07421U,2114593,찬성,2022-05-29
21,FGI27280,2114593,불참,2022-05-29
21,4XG1439M,2114593,찬성,2022-05-29
21,P2N50879,2114593,찬성,2022-05-29
21,A2V51235,2114593,찬성,2022-05-29
21,D4L60530,2114593,찬성,2022-05-29
21,M6H1705E,2114593,찬성,2022-05-29
21,NTT8182Q,2114593,찬성,2022-05-29
21,A3H7195R,2114593,불참,2022-05-29
21,ZYH1940A,2114593,찬성,2022-05-29
21,0VU8517U,2114593,찬성,2022-05-29
21,M0A1658U,2114593,찬성,2022-05-29
21,WDS6044S,2114593,찬성,2022-05-29
21,3BC6890E,2114593,찬성,2022-05-29
21,ZDR63255,2114593,찬성,2022-05-29
21,GFF1986K,2114593,찬성,2022-05-29
21,WJL30106,2114593,불참,2022-05-29
21,5KV96424,2114593,찬성,2022-05-29
21,HKJ99607,2114593,찬성,2022-05-29
21,SU53086M,2114593,불참,2022-05-29
21,MR210505,2114593,찬성,2022-05-29
21,GF286398,2114593,불참,2022-05-29
21,H5476989,2114593,찬성,2022-05-29
21,4L695580,2114593,찬성,2022-05-29
21,RPN2293B,2114593,찬성,2022-05-29
21,V429892C,2114593,찬성,2022-05-29
21,IN328264,2114593,찬성,2022-05-29
21,I5I2468R,2114593,찬성,2022-05-29
21,WTR5885Y,2114593,찬성,2022-05-29
21,OIA3741M,2114593,찬성,2022-05-29
21,6MO8786S,2114593,찬성,2022-05-29
21,CT85313K,2114593,찬성,2022-05-29
21,NQR1206Q,2114593,찬성,2022-05-29
21,L2I9861C,2114593,불참,2022-05-29
21,WCD5518S,2114593,찬성,2022-05-29
21,SVH3899R,2114593,불참,2022-05-29
21,I434361W,2114593,찬성,2022-05-29
21,IOW8224X,2114593,찬성,2022-05-29
21,ATB59635,2114593,찬성,2022-05-29
21,SBK1544B,2114593,찬성,2022-05-29
21,KUO3574J,2114593,찬성,2022-05-29
21,D6U6678O,2114593,찬성,2022-05-29
21,S9U45255,2114593,찬성,2022-05-29
21,GD131760,2114593,찬성,2022-05-29
21,V0O5343U,2114593,불참,2022-05-29
21,P0F1530P,2114593,불참,2022-05-29
21,UB114374,2114593,기권,2022-05-29
21,GAV6441G,2114593,기권,2022-05-29
21,7JC3239L,2114593,찬성,2022-05-29
21,IL74008M,2114593,찬성,2022-05-29
21,8KF7223D,2114593,찬성,2022-05-29
21,CNZ51556,2114593,찬성,2022-05-29
21,GDG1847Z,2114593,찬성,2022-05-29
21,O7R5461J,2114593,불참,2022-05-29
21,6AR6743G,2114593,찬성,2022-05-29
21,6AU2417B,2114593,찬성,2022-05-29
21,8VJ8533R,2114593,찬성,2022-05-29
21,B7D7534L,2114593,찬성,2022-05-29
21,GX22581L,2114593,찬성,2022-05-29
21,AFH96856,2114593,찬성,2022-05-29
21,B7H6207C,2114593,불참,2022-05-29
21,6399076T,2114593,찬성,2022-05-29
21,4U29186R,2114593,불참,2022-05-29
21,WHV3448W,2114593,찬성,2022-05-29
21,LH97552Q,2114593,찬성,2022-05-29
21,EVH1507C,2114593,찬성,2022-05-29
21,14M56632,2114593,불참,2022-05-29
21,5K93695T,2114593,찬성,2022-05-29
21,KFS1358P,2114593,찬성,2022-05-29
21,CAA7713A,2114593,찬성,2022-05-29
21,QUM8288K,2114593,찬성,2022-05-29
21,S824682L,2114593,찬성,2022-05-29
21,Q9H5708M,2114593,찬성,2022-05-29
21,MRK4871S,2114593,불참,2022-05-29
21,2NV6751W,2114593,찬성,2022-05-29
21,BM63269Y,2114593,찬성,2022-05-29
21,M7O7878U,2114593,불참,2022-05-29
21,YLS4431M,2114593,불참,2022-05-29
21,3ZR4438W,2114593,찬성,2022-05-29
21,16D7652C,2114593,찬성,2022-05-29
21,KB04377U,2114593,불참,2022-05-29
21,XR24352K,2114593,찬성,2022-05-29
21,JEZ3130Q,2114593,찬성,2022-05-29
21,GOC54665,2114593,찬성,2022-05-29
21,LJK4960Z,2114593,불참,2022-05-29
21,UQ282145,2114593,불참,2022-05-29
21,7BM2933Y,2114593,찬성,2022-05-29
21,2UD1340H,2114593,찬성,2022-05-29
21,9VR65006,2114593,불참,2022-05-29
21,X7I4680R,2114593,불참,2022-05-29
21,EMC8812P,2114593,찬성,2022-05-29
21,XJC13432,2114593,불참,2022-05-29
21,XSP20229,2114593,불참,2022-05-29
21,T465023H,2114593,찬성,2022-05-29
21,3RW63706,2114593,찬성,2022-05-29
21,FYI20317,2114593,찬성,2022-05-29
21,8X15119P,2114593,불참,2022-05-29
21,CNW5754J,2114593,불참,2022-05-29
21,XEF29171,2114593,불참,2022-05-29
21,TST4507I,2114593,찬성,2022-05-29
21,6YT83269,2114593,찬성,2022-05-29
21,1MU99298,2114593,찬성,2022-05-29
21,FDC3144T,2114593,찬성,2022-05-29
21,I7R13867,2114593,찬성,2022-05-29
21,FOK3459D,2114593,찬성,2022-05-29
21,QUO78839,2114593,불참,2022-05-29
21,BT62420K,2114593,불참,2022-05-29
21,LPB30152,2114593,불참,2022-05-29
21,TZP9391O,2114593,찬성,2022-05-29
21,ZDP5704Q,2114593,기권,2022-05-29
21,71J2365L,2114593,불참,2022-05-29
21,E1J8836Y,2114593,불참,2022-05-29
21,RD42006Y,2114593,찬성,2022-05-29
21,6EN68926,2114593,찬성,2022-05-29
21,1BX7234U,2114593,찬성,2022-05-29
21,QHL3248U,2114593,찬성,2022-05-29
21,TJW93720,2114593,찬성,2022-05-29
21,9S151177,2114593,찬성,2022-05-29
21,9V18755A,2114593,찬성,2022-05-29
21,XA42275R,2114593,찬성,2022-05-29
21,DBA1057Z,2114593,불참,2022-05-29
21,CI15627C,2114593,찬성,2022-05-29
21,C7E79345,2114593,불참,2022-05-29
21,4019850M,2114593,불참,2022-05-29
21,9YO73104,2114593,찬성,2022-05-29
21,TRE2429O,2114593,찬성,2022-05-29
21,E6U4345C,2114593,찬성,2022-05-29
21,CDL93608,2114593,불참,2022-05-29
21,RQQ3807K,2114593,찬성,2022-05-29
21,FH777496,2114593,찬성,2022-05-29
21,ZYP7962W,2114593,찬성,2022-05-29
21,3249208I,2114593,찬성,2022-05-29
21,GX38539O,2114593,불참,2022-05-29
21,8Q88373R,2114593,찬성,2022-05-29
21,WVU2479T,2114593,찬성,2022-05-29
21,9D939735,2114593,찬성,2022-05-29
21,QTW6852F,2114593,찬성,2022-05-29
21,7XY7109I,2114593,찬성,2022-05-29
21,JC14718Q,2114593,불참,2022-05-29
21,5KV82250,2114593,찬성,2022-05-29
21,L7J93733,2114593,찬성,2022-05-29
21,DAV7257X,2114593,찬성,2022-05-29
21,LT72093S,2114593,찬성,2022-05-29
21,GE71932C,2114593,불참,2022-05-29
21,17M85910,2114593,찬성,2022-05-29
21,G152611B,2114593,불참,2022-05-29
21,SQ36001H,2114593,찬성,2022-05-29
21,G1570880,2114593,찬성,2022-05-29
21,9LD2641Q,2114593,찬성,2022-05-29
21,MD083627,2114593,찬성,2022-05-29
21,6V37131U,2114593,찬성,2022-05-29
21,OSV9142K,2114593,찬성,2022-05-29
21,B7R2742J,2114593,찬성,2022-05-29
21,FJK3396E,2114593,찬성,2022-05-29
21,7O71647Z,2114593,찬성,2022-05-29
21,W1Q6753M,2114593,찬성,2022-05-29
21,TZ228122,2114593,찬성,2022-05-29
21,PO64874I,2114593,찬성,2022-05-29
21,VHK3402G,2114593,불참,2022-05-29
21,DAN6731C,2114593,불참,2022-05-29
21,VG24001G,2114593,찬성,2022-05-29
21,9JF4562W,2114593,찬성,2022-05-29
21,Y7K5946R,2114593,찬성,2022-05-29
21,Z7Y7827F,2114593,찬성,2022-05-29
21,FU87526G,2114593,불참,2022-05-29
21,8SV6917G,2114593,찬성,2022-05-29
21,8FC9697X,2114593,찬성,2022-05-29
21,QKO6165V,2114593,불참,2022-05-29
21,ZRF3039U,2114593,찬성,2022-05-29
21,68P7228G,2114593,찬성,2022-05-29
21,XPP2564T,2114593,불참,2022-05-29
21,FRN1867O,2114593,찬성,2022-05-29
21,LQW3652K,2114593,기권,2022-05-29
21,RO593601,2114593,찬성,2022-05-29
21,PFG2137X,2114593,불참,2022-05-29
21,0YT3774N,2114593,찬성,2022-05-29
21,40S1959J,2114593,찬성,2022-05-29
21,8P37634C,2114593,찬성,2022-05-29
21,N4R2421C,2114593,불참,2022-05-29
21,3C23171A,2114593,찬성,2022-05-29
21,P2N4585G,2114593,찬성,2022-05-29
21,JMY9959W,2114593,찬성,2022-05-29
21,7R156073,2114593,불참,2022-05-29
21,J2O8643H,2114593,불참,2022-05-29
21,VCP96419,2114593,찬성,2022-05-29
21,SE233396,2114593,불참,2022-05-29
21,52P3934K,2114593,찬성,2022-05-29
21,F5Y4026Q,2114593,찬성,2022-05-29
21,1Y73132H,2114593,찬성,2022-05-29
21,I0S53762,2114593,불참,2022-05-29
21,TKJ4800F,2114593,찬성,2022-05-29
21,O6D8329R,2114593,불참,2022-05-29
21,04T3751T,2114593,찬성,2022-05-29
21,MSY7784L,2114593,불참,2022-05-29
21,K5F2023J,2114593,찬성,2022-05-29
21,N9X9673B,2114593,찬성,2022-05-29
21,5MD4184K,2114593,찬성,2022-05-29
21,DPZ7685X,2114593,찬성,2022-05-29
21,6U243644,2114593,찬성,2022-05-29
21,E9R4507P,2114593,찬성,2022-05-29
21,UHB5553T,2114593,찬성,2022-05-29
21,J9S37905,2114593,찬성,2022-05-29
21,A494529E,2114593,찬성,2022-05-29
21,VRY5522V,2114593,찬성,2022-05-29
21,0PK7354M,2114593,찬성,2022-05-29
21,O0I2045I,2114593,찬성,2022-05-29
21,CZB4125D,2114593,불참,2022-05-29
21,Z6R3959C,2114593,찬성,2022-05-29
21,UGH6481E,2114593,찬성,2022-05-29
21,W4X85128,2114593,찬성,2022-05-29
21,JZY9937U,2114593,찬성,2022-05-29
21,YKW37422,2114593,불참,2022-05-29
21,MNZ4401T,2114593,찬성,2022-05-29
21,HSS7466Y,2114593,찬성,2022-05-29
21,FU53642G,2114593,찬성,2022-05-29
21,MLH1404S,2114593,불참,2022-05-29
21,8VY63414,2114593,찬성,2022-05-29
21,QQP4727N,2114593,찬성,2022-05-29
21,BCQ55105,2114593,찬성,2022-05-29
21,9L57027L,2114593,찬성,2022-05-29
21,5UN9725L,2114593,불참,2022-05-29
21,K3W33496,2114593,불참,2022-05-29
21,M2Q9024I,2114593,찬성,2022-05-29
21,FIC9046Z,2114593,불참,2022-05-29
21,NLR6572J,2114593,찬성,2022-05-29
21,JNL7001A,2114593,찬성,2022-05-29
21,L7T64271,2114593,찬성,2022-05-29
21,4X525582,2114593,불참,2022-05-29
21,GKD32201,2114593,찬성,2022-05-29
21,3TO11703,2114593,찬성,2022-05-29
21,S741317G,2114593,찬성,2022-05-29
21,CCU1009B,2114593,찬성,2022-05-29
21,MU69217P,2114593,기권,2022-05-29
21,66W6739S,2114593,찬성,2022-05-29
21,JVB6983V,2114593,찬성,2022-05-29
21,DAY6557K,2114593,찬성,2022-05-29
21,USR7059P,2114593,찬성,2022-05-29
21,A0P4646G,2114593,찬성,2022-05-29
21,7I09543O,2114593,찬성,2022-05-29
21,3DK8989T,2114593,찬성,2022-05-29
21,7469929V,2114593,찬성,2022-05-29
21,OFE45081,2114593,찬성,2022-05-29
21,09I2323E,2114593,불참,2022-05-29
21,HSW1214Q,2114593,찬성,2022-05-29
21,NZF1659U,2114593,찬성,2022-05-29
21,KR14136C,2114593,찬성,2022-05-29
21,SRP7336N,2114593,찬성,2022-05-29
21,5765663F,2114593,찬성,2022-05-29
21,ZKU88693,2114593,찬성,2022-05-29
21,KNM3215T,2114593,찬성,2022-05-29
21,M7T9712V,2114593,찬성,2022-05-29
21,60490713,2114593,불참,2022-05-29
21,UM51067K,2114593,불참,2022-05-29
21,1WE5693J,2114593,불참,2022-05-29
21,X3170462,2114593,찬성,2022-05-29
21,MY318392,2114593,찬성,2022-05-29
21,8FB1535Y,2114593,찬성,2022-05-29
21,4T026790,2114593,찬성,2022-05-29
21,EH27538E,2114593,찬성,2022-05-29
21,WFU14784,2114593,찬성,2022-05-29
21,0WL9321T,2114593,찬성,2022-05-29
21,PZA4062H,2114593,찬성,2022-05-29
21,8348421R,2114593,불참,2022-05-29
21,JQA21112,2114593,찬성,2022-05-29
21,40E3739H,2114593,찬성,2022-05-29
21,HXT76735,2114593,불참,2022-05-29
21,0R68099X,2114593,찬성,2022-05-29
21,6RM29022,2114593,찬성,2022-05-29
21,MQU41854,2114593,찬성,2022-05-29
21,2385336L,2114593,찬성,2022-05-29
21,XBT9550Q,2114593,불참,2022-05-29
21,ZA54991S,2114593,찬성,2022-05-29
21,MO52543L,2114593,불참,2022-05-29
21,0827740Q,2114593,찬성,2022-05-29
21,0W194007,2114593,찬성,2022-05-29
21,X1K3667J,2114593,찬성,2022-05-29
21,WMG57662,2114593,찬성,2022-05-29
21,NCP9875N,2114593,찬성,2022-05-29
21,3425169D,2114593,찬성,2022-05-29
21,IOW1101J,2114593,찬성,2022-05-29
21,ICH23251,2114593,찬성,2022-05-29
21,25I8709Q,2114593,찬성,2022-05-29
21,XWX1513T,2114593,찬성,2022-05-29
21,BLC8630L,2114593,찬성,2022-05-29
21,LG63087O,2114593,불참,2022-05-29
21,OW53107J,2114593,찬성,2022-05-29
21,PEP6922S,2114593,찬성,2022-05-29
21,FIC9046Z,2111999,불참,2021-12-09
21,JNL7001A,2111999,찬성,2021-12-09
21,L7T64271,2111999,찬성,2021-12-09
21,4X525582,2111999,불참,2021-12-09
21,GKD32201,2111999,찬성,2021-12-09
21,G7512472,2111999,불참,2021-12-09
21,3TO11703,2111999,찬성,2021-12-09
21,S741317G,2111999,불참,2021-12-09
21,CCU1009B,2111999,찬성,2021-12-09
21,MU69217P,2111999,불참,2021-12-09
21,2N793392,2111999,찬성,2021-12-09
21,66W6739S,2111999,찬성,2021-12-09
21,LM13674V,2111999,불참,2021-12-09
21,QD25323M,2111999,찬성,2021-12-09
21,DAY6557K,2111999,찬성,2021-12-09
21,GP07421U,2111999,불참,2021-12-09
21,FGI27280,2111999,찬성,2021-12-09
21,USR7059P,2111999,불참,2021-12-09
21,4XG1439M,2111999,찬성,2021-12-09
21,A2V51235,2111999,불참,2021-12-09
21,7I09543O,2111999,찬성,2021-12-09
21,1X376850,2111999,불참,2021-12-09
21,3DK8989T,2111999,찬성,2021-12-09
21,7469929V,2111999,불참,2021-12-09
21,D4L60530,2111999,찬성,2021-12-09
21,M6H1705E,2111999,찬성,2021-12-09
21,OFE45081,2111999,불참,2021-12-09
21,NTT8182Q,2111999,찬성,2021-12-09
21,A3H7195R,2111999,찬성,2021-12-09
21,ZYH1940A,2111999,찬성,2021-12-09
21,0VU8517U,2111999,불참,2021-12-09
21,M0A1658U,2111999,찬성,2021-12-09
21,NZF1659U,2111999,불참,2021-12-09
21,WDS6044S,2111999,불참,2021-12-09
21,3BC6890E,2111999,불참,2021-12-09
21,ZDR63255,2111999,찬성,2021-12-09
21,KR14136C,2111999,찬성,2021-12-09
21,SRP7336N,2111999,찬성,2021-12-09
21,5765663F,2111999,찬성,2021-12-09
21,GFF1986K,2111999,찬성,2021-12-09
21,WJL30106,2111999,불참,2021-12-09
21,5KV96424,2111999,찬성,2021-12-09
21,M7T9712V,2111999,불참,2021-12-09
21,60490713,2111999,불참,2021-12-09
21,UM51067K,2111999,찬성,2021-12-09
21,HKJ99607,2111999,불참,2021-12-09
21,1WE5693J,2111999,불참,2021-12-09
21,MY318392,2111999,찬성,2021-12-09
21,4T026790,2111999,찬성,2021-12-09
21,EH27538E,2111999,찬성,2021-12-09
21,WFU14784,2111999,불참,2021-12-09
21,SU53086M,2111999,불참,2021-12-09
21,PZA4062H,2111999,찬성,2021-12-09
21,MR210505,2111999,불참,2021-12-09
21,GF286398,2111999,찬성,2021-12-09
21,H5476989,2111999,찬성,2021-12-09
21,JQA21112,2111999,찬성,2021-12-09
21,4L695580,2111999,불참,2021-12-09
21,HXT76735,2111999,찬성,2021-12-09
21,RPN2293B,2111999,불참,2021-12-09
21,0R68099X,2111999,찬성,2021-12-09
21,V429892C,2111999,찬성,2021-12-09
21,4A067125,2111999,불참,2021-12-09
21,2385336L,2111999,찬성,2021-12-09
21,XBT9550Q,2111999,불참,2021-12-09
21,ZA54991S,2111999,찬성,2021-12-09
21,MO52543L,2111999,불참,2021-12-09
21,0827740Q,2111999,찬성,2021-12-09
21,0W194007,2111999,찬성,2021-12-09
21,X1K3667J,2111999,찬성,2021-12-09
21,I5I2468R,2111999,찬성,2021-12-09
21,WTR5885Y,2111999,불참,2021-12-09
21,L5P27909,2111999,불참,2021-12-09
21,3425169D,2111999,찬성,2021-12-09
21,IOW1101J,2111999,불참,2021-12-09
21,ICH23251,2111999,찬성,2021-12-09
21,25I8709Q,2111999,찬성,2021-12-09
21,OIA3741M,2111999,찬성,2021-12-09
21,6MO8786S,2111999,불참,2021-12-09
21,XWX1513T,2111999,불참,2021-12-09
21,CT85313K,2111999,찬성,2021-12-09
21,PAO22428,2111999,불참,2021-12-09
21,BLC8630L,2111999,불참,2021-12-09
21,NQR1206Q,2111999,찬성,2021-12-09
21,LG63087O,2111999,불참,2021-12-09
21,PEP6922S,2111999,불참,2021-12-09
21,VG24001G,2111999,찬성,2021-12-09
21,L2I9861C,2111999,불참,2021-12-09
21,WCD5518S,2111999,불참,2021-12-09
21,SVH3899R,2111999,불참,2021-12-09
21,I434361W,2111999,찬성,2021-12-09
21,IOW8224X,2111999,찬성,2021-12-09
21,9JF4562W,2111999,찬성,2021-12-09
21,Y7K5946R,2111999,불참,2021-12-09
21,Z7Y7827F,2111999,찬성,2021-12-09
21,SBK1544B,2111999,불참,2021-12-09
21,KUO3574J,2111999,찬성,2021-12-09
21,D6U6678O,2111999,찬성,2021-12-09
21,FU87526G,2111999,찬성,2021-12-09
21,S9U45255,2111999,불참,2021-12-09
21,8FC9697X,2111999,찬성,2021-12-09
21,QKO6165V,2111999,찬성,2021-12-09
21,GD131760,2111999,불참,2021-12-09
21,ZRF3039U,2111999,불참,2021-12-09
21,V0O5343U,2111999,불참,2021-12-09
21,P0F1530P,2111999,불참,2021-12-09
21,XPP2564T,2111999,불참,2021-12-09
21,FRN1867O,2111999,찬성,2021-12-09
21,LQW3652K,2111999,기권,2021-12-09
21,RO593601,2111999,찬성,2021-12-09
21,PFG2137X,2111999,찬성,2021-12-09
21,UB114374,2111999,불참,2021-12-09
21,GAV6441G,2111999,찬성,2021-12-09
21,0YT3774N,2111999,찬성,2021-12-09
21,7JC3239L,2111999,불참,2021-12-09
21,IL74008M,2111999,찬성,2021-12-09
21,8P37634C,2111999,찬성,2021-12-09
21,CNZ51556,2111999,찬성,2021-12-09
21,N4R2421C,2111999,불참,2021-12-09
21,3C23171A,2111999,찬성,2021-12-09
21,GDG1847Z,2111999,불참,2021-12-09
21,P2N4585G,2111999,찬성,2021-12-09
21,O7R5461J,2111999,찬성,2021-12-09
21,JMY9959W,2111999,찬성,2021-12-09
21,7R156073,2111999,불참,2021-12-09
21,6AR6743G,2111999,찬성,2021-12-09
21,J2O8643H,2111999,불참,2021-12-09
21,VCP96419,2111999,찬성,2021-12-09
21,6AU2417B,2111999,불참,2021-12-09
21,8VJ8533R,2111999,불참,2021-12-09
21,B7D7534L,2111999,찬성,2021-12-09
21,SE233396,2111999,찬성,2021-12-09
21,AFH96856,2111999,불참,2021-12-09
21,B7H6207C,2111999,찬성,2021-12-09
21,6399076T,2111999,찬성,2021-12-09
21,4U29186R,2111999,찬성,2021-12-09
21,F5Y4026Q,2111999,찬성,2021-12-09
21,1Y73132H,2111999,찬성,2021-12-09
21,I0S53762,2111999,찬성,2021-12-09
21,LH97552Q,2111999,찬성,2021-12-09
21,TKJ4800F,2111999,찬성,2021-12-09
21,O6D8329R,2111999,찬성,2021-12-09
21,MSY7784L,2111999,불참,2021-12-09
21,EVH1507C,2111999,찬성,2021-12-09
21,K5F2023J,2111999,불참,2021-12-09
21,14M56632,2111999,불참,2021-12-09
21,N9X9673B,2111999,불참,2021-12-09
21,5MD4184K,2111999,찬성,2021-12-09
21,5K93695T,2111999,찬성,2021-12-09
21,6U243644,2111999,찬성,2021-12-09
21,E9R4507P,2111999,불참,2021-12-09
21,UHB5553T,2111999,찬성,2021-12-09
21,KFS1358P,2111999,찬성,2021-12-09
21,J9S37905,2111999,기권,2021-12-09
21,A494529E,2111999,불참,2021-12-09
21,VRY5522V,2111999,찬성,2021-12-09
21,CAA7713A,2111999,불참,2021-12-09
21,0PK7354M,2111999,찬성,2021-12-09
21,CZB4125D,2111999,불참,2021-12-09
21,Z6R3959C,2111999,불참,2021-12-09
21,UGH6481E,2111999,불참,2021-12-09
21,W4X85128,2111999,불참,2021-12-09
21,Q9H5708M,2111999,찬성,2021-12-09
21,CFE3998F,2111999,불참,2021-12-09
21,MRK4871S,2111999,불참,2021-12-09
21,YKW37422,2111999,불참,2021-12-09
21,2NV6751W,2111999,찬성,2021-12-09
21,BM63269Y,2111999,불참,2021-12-09
21,M7O7878U,2111999,찬성,2021-12-09
21,YLS4431M,2111999,불참,2021-12-09
21,MNZ4401T,2111999,불참,2021-12-09
21,3ZR4438W,2111999,불참,2021-12-09
21,16D7652C,2111999,불참,2021-12-09
21,MLH1404S,2111999,불참,2021-12-09
21,8VY63414,2111999,찬성,2021-12-09
21,XR24352K,2111999,찬성,2021-12-09
21,JEZ3130Q,2111999,불참,2021-12-09
21,BCQ55105,2111999,불참,2021-12-09
21,9L57027L,2111999,불참,2021-12-09
21,GOC54665,2111999,찬성,2021-12-09
21,5UN9725L,2111999,불참,2021-12-09
21,K3W33496,2111999,찬성,2021-12-09
21,M2Q9024I,2111999,불참,2021-12-09
21,DBA1057Z,2111999,불참,2021-12-09
21,CI15627C,2111999,불참,2021-12-09
21,C7E79345,2111999,불참,2021-12-09
21,4019850M,2111999,찬성,2021-12-09
21,UQ282145,2111999,불참,2021-12-09
21,9YO73104,2111999,찬성,2021-12-09
21,TRE2429O,2111999,불참,2021-12-09
21,E6U4345C,2111999,찬성,2021-12-09
21,7BM2933Y,2111999,찬성,2021-12-09
21,CDL93608,2111999,불참,2021-12-09
21,2UD1340H,2111999,찬성,2021-12-09
21,9VR65006,2111999,불참,2021-12-09
21,X7I4680R,2111999,찬성,2021-12-09
21,XJC13432,2111999,불참,2021-12-09
21,D0C85236,2111999,불참,2021-12-09
21,XSP20229,2111999,찬성,2021-12-09
21,T465023H,2111999,찬성,2021-12-09
21,3RW63706,2111999,찬성,2021-12-09
21,RQQ3807K,2111999,찬성,2021-12-09
21,FH777496,2111999,찬성,2021-12-09
21,FYI20317,2111999,찬성,2021-12-09
21,8X15119P,2111999,불참,2021-12-09
21,ZYP7962W,2111999,불참,2021-12-09
21,CNW5754J,2111999,불참,2021-12-09
21,GX38539O,2111999,찬성,2021-12-09
21,8Q88373R,2111999,불참,2021-12-09
21,WVU2479T,2111999,불참,2021-12-09
21,9D939735,2111999,찬성,2021-12-09
21,QTW6852F,2111999,불참,2021-12-09
21,TST4507I,2111999,찬성,2021-12-09
21,JC14718Q,2111999,찬성,2021-12-09
21,5KV82250,2111999,찬성,2021-12-09
21,L7J93733,2111999,찬성,2021-12-09
21,LT72093S,2111999,찬성,2021-12-09
21,GE71932C,2111999,찬성,2021-12-09
21,6YT83269,2111999,불참,2021-12-09
21,1MU99298,2111999,찬성,2021-12-09
21,FDC3144T,2111999,찬성,2021-12-09
21,17M85910,2111999,찬성,2021-12-09
21,G152611B,2111999,불참,2021-12-09
21,I7R13867,2111999,찬성,2021-12-09
21,G1570880,2111999,찬성,2021-12-09
21,9LD2641Q,2111999,찬성,2021-12-09
21,FOK3459D,2111999,찬성,2021-12-09
21,QUO78839,2111999,불참,2021-12-09
21,LPB30152,2111999,찬성,2021-12-09
21,MD083627,2111999,찬성,2021-12-09
21,6V37131U,2111999,찬성,2021-12-09
21,OSV9142K,2111999,불참,2021-12-09
21,FJK3396E,2111999,찬성,2021-12-09
21,ZDP5704Q,2111999,찬성,2021-12-09
21,71J2365L,2111999,불참,2021-12-09
21,7O71647Z,2111999,불참,2021-12-09
21,W1Q6753M,2111999,불참,2021-12-09
21,E1J8836Y,2111999,불참,2021-12-09
21,RD42006Y,2111999,불참,2021-12-09
21,6EN68926,2111999,불참,2021-12-09
21,1BX7234U,2111999,찬성,2021-12-09
21,QHL3248U,2111999,찬성,2021-12-09
21,TJW93720,2111999,찬성,2021-12-09
21,9S151177,2111999,찬성,2021-12-09
21,TZ228122,2111999,찬성,2021-12-09
21,9V18755A,2111999,찬성,2021-12-09
21,XA42275R,2111999,찬성,2021-12-09
21,PO64874I,2111999,불참,2021-12-09
21,P2N50879,2111999,찬성,2021-12-09
21,B7R2742J,2111999,찬성,2021-12-09
21,09I2323E,2111999,불참,2021-12-09
21,HSW1214Q,2111999,찬성,2021-12-09
21,ZKU88693,2111999,찬성,2021-12-09
21,KNM3215T,2111999,찬성,2021-12-09
21,X3170462,2111999,불참,2021-12-09
21,8FB1535Y,2111999,찬성,2021-12-09
21,0WL9321T,2111999,불참,2021-12-09
21,8348421R,2111999,불참,2021-12-09
21,40E3739H,2111999,찬성,2021-12-09
21,IN328264,2111999,불참,2021-12-09
21,WMG57662,2111999,찬성,2021-12-09
21,NCP9875N,2111999,찬성,2021-12-09
21,NAL4555X,2111999,불참,2021-12-09
21,OW53107J,2111999,불참,2021-12-09
21,DAN6731C,2111999,불참,2021-12-09
21,ATB59635,2111999,찬성,2021-12-09
21,8SV6917G,2111999,불참,2021-12-09
21,68P7228G,2111999,찬성,2021-12-09
21,40S1959J,2111999,찬성,2021-12-09
21,8KF7223D,2111999,찬성,2021-12-09
21,TVF3669B,2111999,불참,2021-12-09
21,GX22581L,2111999,찬성,2021-12-09
21,52P3934K,2111999,불참,2021-12-09
21,WHV3448W,2111999,찬성,2021-12-09
21,04T3751T,2111999,찬성,2021-12-09
21,DPZ7685X,2111999,찬성,2021-12-09
21,O0I2045I,2111999,불참,2021-12-09
21,QUM8288K,2111999,불참,2021-12-09
21,S824682L,2111999,찬성,2021-12-09
21,JZY9937U,2111999,찬성,2021-12-09
21,HSS7466Y,2111999,찬성,2021-12-09
21,KB04377U,2111999,찬성,2021-12-09
21,FU53642G,2111999,찬성,2021-12-09
21,QQP4727N,2111999,찬성,2021-12-09
21,LJK4960Z,2111999,찬성,2021-12-09
21,21N57758,2111999,불참,2021-12-09
21,EMC8812P,2111999,기권,2021-12-09
21,3249208I,2111999,찬성,2021-12-09
21,XEF29171,2111999,찬성,2021-12-09
21,7XY7109I,2111999,불참,2021-12-09
21,DAV7257X,2111999,찬성,2021-12-09
21,SQ36001H,2111999,불참,2021-12-09
21,BT62420K,2111999,찬성,2021-12-09
21,TZP9391O,2111999,찬성,2021-12-09
21,A0P4646G,2111999,기권,2021-12-09
21,M0A1658U,2126013,찬성,2023-12-20
21,8FB1535Y,2126013,찬성,2023-12-20
21,MR210505,2126013,불참,2023-12-20
21,L2I9861C,2126013,찬성,2023-12-20
21,I7R13867,2126013,찬성,2023-12-20
21,8KF7223D,2126013,불참,2023-12-20
21,N9X9673B,2126013,불참,2023-12-20
21,CNW5754J,2126013,찬성,2023-12-20
21,ZRF3039U,2126013,찬성,2023-12-20
21,F5U2979W,2126013,찬성,2023-12-20
21,YOG1280B,2126013,찬성,2023-12-20
21,FIC9046Z,2126013,찬성,2023-12-20
21,DWK26447,2126013,찬성,2023-12-20
21,NUB4941Z,2126013,찬성,2023-12-20
21,KFM1081G,2126013,불참,2023-12-20
21,F0I5053J,2126013,불참,2023-12-20
21,YTA7297R,2126013,찬성,2023-12-20
21,L7T64271,2126013,찬성,2023-12-20
21,GKD32201,2126013,찬성,2023-12-20
21,G7512472,2126013,찬성,2023-12-20
21,3TO11703,2126013,찬성,2023-12-20
21,S741317G,2126013,불참,2023-12-20
21,CCU1009B,2126013,찬성,2023-12-20
21,MU69217P,2126013,찬성,2023-12-20
21,66W6739S,2126013,찬성,2023-12-20
21,QD25323M,2126013,찬성,2023-12-20
21,DAY6557K,2126013,찬성,2023-12-20
21,GP07421U,2126013,찬성,2023-12-20
21,USR7059P,2126013,찬성,2023-12-20
21,4XG1439M,2126013,찬성,2023-12-20
21,P2N50879,2126013,불참,2023-12-20
21,A0P4646G,2126013,찬성,2023-12-20
21,A2V51235,2126013,찬성,2023-12-20
21,7I09543O,2126013,불참,2023-12-20
21,3DK8989T,2126013,불참,2023-12-20
21,7469929V,2126013,찬성,2023-12-20
21,D4L60530,2126013,찬성,2023-12-20
21,M6H1705E,2126013,찬성,2023-12-20
21,OFE45081,2126013,찬성,2023-12-20
21,09I2323E,2126013,찬성,2023-12-20
21,NTT8182Q,2126013,찬성,2023-12-20
21,ZYH1940A,2126013,불참,2023-12-20
21,HSW1214Q,2126013,찬성,2023-12-20
21,NZF1659U,2126013,불참,2023-12-20
21,WDS6044S,2126013,찬성,2023-12-20
21,3BC6890E,2126013,찬성,2023-12-20
21,ZDR63255,2126013,불참,2023-12-20
21,KR14136C,2126013,불참,2023-12-20
21,5765663F,2126013,찬성,2023-12-20
21,GFF1986K,2126013,찬성,2023-12-20
21,ZKU88693,2126013,불참,2023-12-20
21,WJL30106,2126013,불참,2023-12-20
21,5KV96424,2126013,찬성,2023-12-20
21,M7T9712V,2126013,찬성,2023-12-20
21,60490713,2126013,불참,2023-12-20
21,UM51067K,2126013,찬성,2023-12-20
21,HKJ99607,2126013,불참,2023-12-20
21,1WE5693J,2126013,불참,2023-12-20
21,X3170462,2126013,불참,2023-12-20
21,MY318392,2126013,찬성,2023-12-20
21,4T026790,2126013,찬성,2023-12-20
21,EH27538E,2126013,찬성,2023-12-20
21,WFU14784,2126013,불참,2023-12-20
21,SU53086M,2126013,찬성,2023-12-20
21,0WL9321T,2126013,불참,2023-12-20
21,PZA4062H,2126013,기권,2023-12-20
21,GF286398,2126013,찬성,2023-12-20
21,8348421R,2126013,찬성,2023-12-20
21,H5476989,2126013,불참,2023-12-20
21,JQA21112,2126013,불참,2023-12-20
21,4L695580,2126013,찬성,2023-12-20
21,40E3739H,2126013,찬성,2023-12-20
21,HXT76735,2126013,찬성,2023-12-20
21,RPN2293B,2126013,찬성,2023-12-20
21,0R68099X,2126013,찬성,2023-12-20
21,6RM29022,2126013,찬성,2023-12-20
21,MQU41854,2126013,찬성,2023-12-20
21,V429892C,2126013,불참,2023-12-20
21,2385336L,2126013,찬성,2023-12-20
21,IN328264,2126013,불참,2023-12-20
21,XBT9550Q,2126013,불참,2023-12-20
21,ZA54991S,2126013,찬성,2023-12-20
21,MO52543L,2126013,불참,2023-12-20
21,0827740Q,2126013,찬성,2023-12-20
21,0W194007,2126013,찬성,2023-12-20
21,X1K3667J,2126013,불참,2023-12-20
21,WMG57662,2126013,찬성,2023-12-20
21,NCP9875N,2126013,불참,2023-12-20
21,I5I2468R,2126013,찬성,2023-12-20
21,WTR5885Y,2126013,찬성,2023-12-20
21,3425169D,2126013,찬성,2023-12-20
21,IOW1101J,2126013,찬성,2023-12-20
21,25I8709Q,2126013,찬성,2023-12-20
21,OIA3741M,2126013,찬성,2023-12-20
21,6MO8786S,2126013,찬성,2023-12-20
21,XWX1513T,2126013,불참,2023-12-20
21,CT85313K,2126013,찬성,2023-12-20
21,BLC8630L,2126013,찬성,2023-12-20
21,NQR1206Q,2126013,불참,2023-12-20
21,LG63087O,2126013,찬성,2023-12-20
21,PEP6922S,2126013,찬성,2023-12-20
21,WCD5518S,2126013,불참,2023-12-20
21,SVH3899R,2126013,찬성,2023-12-20
21,IOW8224X,2126013,찬성,2023-12-20
21,9JF4562W,2126013,찬성,2023-12-20
21,Y7K5946R,2126013,찬성,2023-12-20
21,Z7Y7827F,2126013,불참,2023-12-20
21,ATB59635,2126013,불참,2023-12-20
21,KUO3574J,2126013,찬성,2023-12-20
21,D6U6678O,2126013,찬성,2023-12-20
21,FU87526G,2126013,찬성,2023-12-20
21,8SV6917G,2126013,찬성,2023-12-20
21,8FC9697X,2126013,불참,2023-12-20
21,QKO6165V,2126013,불참,2023-12-20
21,GD131760,2126013,불참,2023-12-20
21,V0O5343U,2126013,찬성,2023-12-20
21,68P7228G,2126013,찬성,2023-12-20
21,P0F1530P,2126013,불참,2023-12-20
21,XPP2564T,2126013,불참,2023-12-20
21,FRN1867O,2126013,찬성,2023-12-20
21,LQW3652K,2126013,찬성,2023-12-20
21,RO593601,2126013,불참,2023-12-20
21,PFG2137X,2126013,찬성,2023-12-20
21,GAV6441G,2126013,찬성,2023-12-20
21,0YT3774N,2126013,불참,2023-12-20
21,40S1959J,2126013,불참,2023-12-20
21,IL74008M,2126013,찬성,2023-12-20
21,8P37634C,2126013,불참,2023-12-20
21,CNZ51556,2126013,찬성,2023-12-20
21,N4R2421C,2126013,찬성,2023-12-20
21,3C23171A,2126013,찬성,2023-12-20
21,GDG1847Z,2126013,찬성,2023-12-20
21,P2N4585G,2126013,찬성,2023-12-20
21,JMY9959W,2126013,불참,2023-12-20
21,7R156073,2126013,찬성,2023-12-20
21,6AR6743G,2126013,불참,2023-12-20
21,J2O8643H,2126013,찬성,2023-12-20
21,VCP96419,2126013,불참,2023-12-20
21,6AU2417B,2126013,찬성,2023-12-20
21,8VJ8533R,2126013,찬성,2023-12-20
21,B7D7534L,2126013,찬성,2023-12-20
21,GX22581L,2126013,불참,2023-12-20
21,SE233396,2126013,찬성,2023-12-20
21,AFH96856,2126013,불참,2023-12-20
21,52P3934K,2126013,찬성,2023-12-20
21,B7H6207C,2126013,찬성,2023-12-20
21,6399076T,2126013,찬성,2023-12-20
21,4U29186R,2126013,불참,2023-12-20
21,F5Y4026Q,2126013,찬성,2023-12-20
21,WHV3448W,2126013,찬성,2023-12-20
21,6RD62559,2126013,찬성,2023-12-20
21,I0S53762,2126013,불참,2023-12-20
21,LH97552Q,2126013,찬성,2023-12-20
21,TKJ4800F,2126013,불참,2023-12-20
21,O6D8329R,2126013,불참,2023-12-20
21,MSY7784L,2126013,불참,2023-12-20
21,EVH1507C,2126013,찬성,2023-12-20
21,K5F2023J,2126013,불참,2023-12-20
21,14M56632,2126013,찬성,2023-12-20
21,5MD4184K,2126013,찬성,2023-12-20
21,5K93695T,2126013,찬성,2023-12-20
21,DPZ7685X,2126013,찬성,2023-12-20
21,6U243644,2126013,찬성,2023-12-20
21,E9R4507P,2126013,찬성,2023-12-20
21,UHB5553T,2126013,찬성,2023-12-20
21,J9S37905,2126013,불참,2023-12-20
21,A494529E,2126013,불참,2023-12-20
21,VRY5522V,2126013,불참,2023-12-20
21,CAA7713A,2126013,찬성,2023-12-20
21,0PK7354M,2126013,찬성,2023-12-20
21,O0I2045I,2126013,찬성,2023-12-20
21,CZB4125D,2126013,불참,2023-12-20
21,Z6R3959C,2126013,불참,2023-12-20
21,UGH6481E,2126013,찬성,2023-12-20
21,S824682L,2126013,찬성,2023-12-20
21,W4X85128,2126013,불참,2023-12-20
21,Q9H5708M,2126013,불참,2023-12-20
21,JZY9937U,2126013,불참,2023-12-20
21,MRK4871S,2126013,불참,2023-12-20
21,YKW37422,2126013,찬성,2023-12-20
21,2NV6751W,2126013,불참,2023-12-20
21,BM63269Y,2126013,불참,2023-12-20
21,M7O7878U,2126013,찬성,2023-12-20
21,YLS4431M,2126013,불참,2023-12-20
21,MNZ4401T,2126013,불참,2023-12-20
21,3ZR4438W,2126013,찬성,2023-12-20
21,HSS7466Y,2126013,찬성,2023-12-20
21,KB04377U,2126013,찬성,2023-12-20
21,FU53642G,2126013,찬성,2023-12-20
21,MLH1404S,2126013,불참,2023-12-20
21,8VY63414,2126013,찬성,2023-12-20
21,QQP4727N,2126013,불참,2023-12-20
21,JEZ3130Q,2126013,찬성,2023-12-20
21,BCQ55105,2126013,찬성,2023-12-20
21,9L57027L,2126013,불참,2023-12-20
21,GOC54665,2126013,불참,2023-12-20
21,5UN9725L,2126013,불참,2023-12-20
21,LJK4960Z,2126013,찬성,2023-12-20
21,IUD9392R,2126013,불참,2023-12-20
21,K3W33496,2126013,찬성,2023-12-20
21,NCO99988,2126013,찬성,2023-12-20
21,M2Q9024I,2126013,불참,2023-12-20
21,DBA1057Z,2126013,찬성,2023-12-20
21,CI15627C,2126013,불참,2023-12-20
21,C7E79345,2126013,불참,2023-12-20
21,UQ282145,2126013,불참,2023-12-20
21,TRE2429O,2126013,불참,2023-12-20
21,E6U4345C,2126013,찬성,2023-12-20
21,7BM2933Y,2126013,찬성,2023-12-20
21,CDL93608,2126013,불참,2023-12-20
21,2UD1340H,2126013,찬성,2023-12-20
21,9VR65006,2126013,불참,2023-12-20
21,X7I4680R,2126013,불참,2023-12-20
21,XJC13432,2126013,불참,2023-12-20
21,T465023H,2126013,찬성,2023-12-20
21,3RW63706,2126013,찬성,2023-12-20
21,RQQ3807K,2126013,찬성,2023-12-20
21,FH777496,2126013,찬성,2023-12-20
21,FYI20317,2126013,찬성,2023-12-20
21,8X15119P,2126013,찬성,2023-12-20
21,ZYP7962W,2126013,기권,2023-12-20
21,3249208I,2126013,불참,2023-12-20
21,GX38539O,2126013,찬성,2023-12-20
21,8Q88373R,2126013,불참,2023-12-20
21,XEF29171,2126013,찬성,2023-12-20
21,WVU2479T,2126013,불참,2023-12-20
21,9D939735,2126013,불참,2023-12-20
21,QTW6852F,2126013,불참,2023-12-20
21,7XY7109I,2126013,찬성,2023-12-20
21,TST4507I,2126013,불참,2023-12-20
21,JC14718Q,2126013,찬성,2023-12-20
21,L7J93733,2126013,찬성,2023-12-20
21,DAV7257X,2126013,찬성,2023-12-20
21,LT72093S,2126013,불참,2023-12-20
21,GE71932C,2126013,불참,2023-12-20
21,6YT83269,2126013,불참,2023-12-20
21,1MU99298,2126013,찬성,2023-12-20
21,FDC3144T,2126013,찬성,2023-12-20
21,17M85910,2126013,찬성,2023-12-20
21,G152611B,2126013,불참,2023-12-20
21,SQ36001H,2126013,불참,2023-12-20
21,G1570880,2126013,찬성,2023-12-20
21,9LD2641Q,2126013,불참,2023-12-20
21,FOK3459D,2126013,불참,2023-12-20
21,LPB30152,2126013,찬성,2023-12-20
21,MD083627,2126013,찬성,2023-12-20
21,TZP9391O,2126013,찬성,2023-12-20
21,6V37131U,2126013,불참,2023-12-20
21,OSV9142K,2126013,찬성,2023-12-20
21,B7R2742J,2126013,찬성,2023-12-20
21,FJK3396E,2126013,찬성,2023-12-20
21,ZDP5704Q,2126013,찬성,2023-12-20
21,71J2365L,2126013,불참,2023-12-20
21,7O71647Z,2126013,불참,2023-12-20
21,W1Q6753M,2126013,찬성,2023-12-20
21,E1J8836Y,2126013,찬성,2023-12-20
21,RD42006Y,2126013,불참,2023-12-20
21,6EN68926,2126013,불참,2023-12-20
21,QHL3248U,2126013,불참,2023-12-20
21,TJW93720,2126013,찬성,2023-12-20
21,9S151177,2126013,불참,2023-12-20
21,TZ228122,2126013,불참,2023-12-20
21,9V18755A,2126013,찬성,2023-12-20
21,XA42275R,2126013,찬성,2023-12-20
21,PO64874I,2126013,불참,2023-12-20
21,LBC8144B,2126013,찬성,2023-12-20
21,VHK3402G,2126013,찬성,2023-12-20
21,NLR6572J,2126013,찬성,2023-12-20
21,1BX7234U,2126013,불참,2023-12-20
21,2N793392,2126013,찬성,2023-12-20
21,LM13674V,2126013,불참,2023-12-20
21,JVB6983V,2126013,찬성,2023-12-20
21,FGI27280,2126013,불참,2023-12-20
21,A3H7195R,2126013,불참,2023-12-20
21,0VU8517U,2126013,불참,2023-12-20
21,KNM3215T,2126013,불참,2023-12-20
21,6FS10566,2126013,찬성,2023-12-20
21,OW53107J,2126013,불참,2023-12-20
21,DAN6731C,2126013,찬성,2023-12-20
21,VG24001G,2126013,불참,2023-12-20
21,S9U45255,2126013,찬성,2023-12-20
21,UB114374,2126013,찬성,2023-12-20
21,7JC3239L,2126013,찬성,2023-12-20
21,O7R5461J,2126013,찬성,2023-12-20
21,1Y73132H,2126013,찬성,2023-12-20
21,04T3751T,2126013,찬성,2023-12-20
21,KFS1358P,2126013,찬성,2023-12-20
21,QUM8288K,2126013,불참,2023-12-20
21,16D7652C,2126013,불참,2023-12-20
21,XR24352K,2126013,찬성,2023-12-20
21,4019850M,2126013,찬성,2023-12-20
21,9YO73104,2126013,찬성,2023-12-20
21,EMC8812P,2126013,찬성,2023-12-20
21,XSP20229,2126013,찬성,2023-12-20
21,5KV82250,2126013,찬성,2023-12-20
21,QUO78839,2126013,찬성,2023-12-20
21,BT62420K,2126013,불참,2023-12-20
21,4X525582,2126013,찬성,2023-12-20
21,DBA1057Z,2126382,기권,2024-01-25
21,UQ282145,2126382,불참,2024-01-25
21,CDL93608,2126382,불참,2024-01-25
21,EMC8812P,2126382,찬성,2024-01-25
21,XJC13432,2126382,불참,2024-01-25
21,T465023H,2126382,찬성,2024-01-25
21,3RW63706,2126382,찬성,2024-01-25
21,RQQ3807K,2126382,불참,2024-01-25
21,CNW5754J,2126382,찬성,2024-01-25
21,GX38539O,2126382,찬성,2024-01-25
21,8Q88373R,2126382,불참,2024-01-25
21,5KV82250,2126382,찬성,2024-01-25
21,LT72093S,2126382,찬성,2024-01-25
21,FDC3144T,2126382,찬성,2024-01-25
21,I7R13867,2126382,찬성,2024-01-25
21,SQ36001H,2126382,찬성,2024-01-25
21,MD083627,2126382,찬성,2024-01-25
21,OSV9142K,2126382,찬성,2024-01-25
21,B7R2742J,2126382,찬성,2024-01-25
21,FJK3396E,2126382,불참,2024-01-25
21,ZDP5704Q,2126382,찬성,2024-01-25
21,7O71647Z,2126382,불참,2024-01-25
21,E1J8836Y,2126382,찬성,2024-01-25
21,RD42006Y,2126382,불참,2024-01-25
21,6EN68926,2126382,찬성,2024-01-25
21,TJW93720,2126382,찬성,2024-01-25
21,9S151177,2126382,불참,2024-01-25
21,TZ228122,2126382,찬성,2024-01-25
21,XA42275R,2126382,찬성,2024-01-25
21,F5U2979W,2126382,찬성,2024-01-25
21,3TO11703,2126382,불참,2024-01-25
21,P2N50879,2126382,찬성,2024-01-25
21,A0P4646G,2126382,찬성,2024-01-25
21,A2V51235,2126382,찬성,2024-01-25
21,7I09543O,2126382,찬성,2024-01-25
21,3DK8989T,2126382,찬성,2024-01-25
21,M0A1658U,2126382,찬성,2024-01-25
21,HSW1214Q,2126382,찬성,2024-01-25
21,3BC6890E,2126382,찬성,2024-01-25
21,WJL30106,2126382,불참,2024-01-25
21,60490713,2126382,찬성,2024-01-25
21,1WE5693J,2126382,찬성,2024-01-25
21,X3170462,2126382,불참,2024-01-25
21,8FB1535Y,2126382,찬성,2024-01-25
21,WFU14784,2126382,찬성,2024-01-25
21,SU53086M,2126382,불참,2024-01-25
21,0WL9321T,2126382,찬성,2024-01-25
21,JQA21112,2126382,찬성,2024-01-25
21,RPN2293B,2126382,찬성,2024-01-25
21,MQU41854,2126382,찬성,2024-01-25
21,0827740Q,2126382,찬성,2024-01-25
21,0W194007,2126382,불참,2024-01-25
21,I5I2468R,2126382,찬성,2024-01-25
21,3425169D,2126382,찬성,2024-01-25
21,CT85313K,2126382,찬성,2024-01-25
21,BLC8630L,2126382,찬성,2024-01-25
21,NQR1206Q,2126382,불참,2024-01-25
21,LG63087O,2126382,불참,2024-01-25
21,VG24001G,2126382,찬성,2024-01-25
21,SVH3899R,2126382,찬성,2024-01-25
21,9JF4562W,2126382,찬성,2024-01-25
21,KUO3574J,2126382,찬성,2024-01-25
21,D6U6678O,2126382,찬성,2024-01-25
21,S9U45255,2126382,찬성,2024-01-25
21,8FC9697X,2126382,찬성,2024-01-25
21,ZRF3039U,2126382,찬성,2024-01-25
21,68P7228G,2126382,찬성,2024-01-25
21,IL74008M,2126382,찬성,2024-01-25
21,8KF7223D,2126382,불참,2024-01-25
21,3C23171A,2126382,찬성,2024-01-25
21,P2N4585G,2126382,찬성,2024-01-25
21,6AR6743G,2126382,불참,2024-01-25
21,VCP96419,2126382,불참,2024-01-25
21,B7D7534L,2126382,찬성,2024-01-25
21,GX22581L,2126382,찬성,2024-01-25
21,52P3934K,2126382,찬성,2024-01-25
21,B7H6207C,2126382,찬성,2024-01-25
21,F5Y4026Q,2126382,찬성,2024-01-25
21,WHV3448W,2126382,찬성,2024-01-25
21,O6D8329R,2126382,찬성,2024-01-25
21,N9X9673B,2126382,불참,2024-01-25
21,5K93695T,2126382,찬성,2024-01-25
21,VRY5522V,2126382,찬성,2024-01-25
21,CZB4125D,2126382,불참,2024-01-25
21,Z6R3959C,2126382,불참,2024-01-25
21,UGH6481E,2126382,찬성,2024-01-25
21,YKW37422,2126382,찬성,2024-01-25
21,2NV6751W,2126382,불참,2024-01-25
21,16D7652C,2126382,불참,2024-01-25
21,8VY63414,2126382,찬성,2024-01-25
21,JEZ3130Q,2126382,찬성,2024-01-25
21,BCQ55105,2126382,불참,2024-01-25
21,IUD9392R,2126382,찬성,2024-01-25
21,YOG1280B,2126382,찬성,2024-01-25
21,FIC9046Z,2126382,불참,2024-01-25
21,DWK26447,2126382,찬성,2024-01-25
21,NUB4941Z,2126382,찬성,2024-01-25
21,KFM1081G,2126382,불참,2024-01-25
21,F0I5053J,2126382,찬성,2024-01-25
21,MSO2590I,2126382,찬성,2024-01-25
21,NLR6572J,2126382,찬성,2024-01-25
21,YTA7297R,2126382,찬성,2024-01-25
21,L7T64271,2126382,찬성,2024-01-25
21,4X525582,2126382,찬성,2024-01-25
21,GKD32201,2126382,불참,2024-01-25
21,G7512472,2126382,찬성,2024-01-25
21,S741317G,2126382,찬성,2024-01-25
21,CCU1009B,2126382,불참,2024-01-25
21,MU69217P,2126382,찬성,2024-01-25
21,2N793392,2126382,찬성,2024-01-25
21,LM13674V,2126382,찬성,2024-01-25
21,QD25323M,2126382,찬성,2024-01-25
21,JVB6983V,2126382,찬성,2024-01-25
21,DAY6557K,2126382,찬성,2024-01-25
21,GP07421U,2126382,찬성,2024-01-25
21,FGI27280,2126382,불참,2024-01-25
21,USR7059P,2126382,찬성,2024-01-25
21,4XG1439M,2126382,찬성,2024-01-25
21,7469929V,2126382,찬성,2024-01-25
21,D4L60530,2126382,찬성,2024-01-25
21,M6H1705E,2126382,찬성,2024-01-25
21,OFE45081,2126382,찬성,2024-01-25
21,09I2323E,2126382,찬성,2024-01-25
21,NTT8182Q,2126382,찬성,2024-01-25
21,A3H7195R,2126382,불참,2024-01-25
21,ZYH1940A,2126382,찬성,2024-01-25
21,0VU8517U,2126382,불참,2024-01-25
21,NZF1659U,2126382,불참,2024-01-25
21,WDS6044S,2126382,찬성,2024-01-25
21,ZDR63255,2126382,찬성,2024-01-25
21,KR14136C,2126382,불참,2024-01-25
21,5765663F,2126382,찬성,2024-01-25
21,GFF1986K,2126382,찬성,2024-01-25
21,ZKU88693,2126382,찬성,2024-01-25
21,5KV96424,2126382,찬성,2024-01-25
21,KNM3215T,2126382,찬성,2024-01-25
21,M7T9712V,2126382,찬성,2024-01-25
21,UM51067K,2126382,찬성,2024-01-25
21,HKJ99607,2126382,찬성,2024-01-25
21,MY318392,2126382,찬성,2024-01-25
21,4T026790,2126382,찬성,2024-01-25
21,EH27538E,2126382,찬성,2024-01-25
21,PZA4062H,2126382,찬성,2024-01-25
21,MR210505,2126382,찬성,2024-01-25
21,GF286398,2126382,찬성,2024-01-25
21,8348421R,2126382,불참,2024-01-25
21,H5476989,2126382,찬성,2024-01-25
21,4L695580,2126382,찬성,2024-01-25
21,40E3739H,2126382,찬성,2024-01-25
21,6FS10566,2126382,찬성,2024-01-25
21,HXT76735,2126382,찬성,2024-01-25
21,0R68099X,2126382,찬성,2024-01-25
21,6RM29022,2126382,불참,2024-01-25
21,V429892C,2126382,찬성,2024-01-25
21,2385336L,2126382,찬성,2024-01-25
21,IN328264,2126382,불참,2024-01-25
21,XBT9550Q,2126382,불참,2024-01-25
21,ZA54991S,2126382,찬성,2024-01-25
21,MO52543L,2126382,찬성,2024-01-25
21,X1K3667J,2126382,찬성,2024-01-25
21,WMG57662,2126382,찬성,2024-01-25
21,WTR5885Y,2126382,불참,2024-01-25
21,IOW1101J,2126382,찬성,2024-01-25
21,25I8709Q,2126382,찬성,2024-01-25
21,OIA3741M,2126382,찬성,2024-01-25
21,6MO8786S,2126382,찬성,2024-01-25
21,XWX1513T,2126382,찬성,2024-01-25
21,OW53107J,2126382,찬성,2024-01-25
21,PEP6922S,2126382,불참,2024-01-25
21,DAN6731C,2126382,찬성,2024-01-25
21,L2I9861C,2126382,찬성,2024-01-25
21,WCD5518S,2126382,찬성,2024-01-25
21,IOW8224X,2126382,찬성,2024-01-25
21,Y7K5946R,2126382,찬성,2024-01-25
21,Z7Y7827F,2126382,불참,2024-01-25
21,ATB59635,2126382,찬성,2024-01-25
21,FU87526G,2126382,찬성,2024-01-25
21,8SV6917G,2126382,찬성,2024-01-25
21,QKO6165V,2126382,불참,2024-01-25
21,GD131760,2126382,불참,2024-01-25
21,V0O5343U,2126382,불참,2024-01-25
21,P0F1530P,2126382,찬성,2024-01-25
21,XPP2564T,2126382,불참,2024-01-25
21,FRN1867O,2126382,불참,2024-01-25
21,LQW3652K,2126382,찬성,2024-01-25
21,RO593601,2126382,찬성,2024-01-25
21,PFG2137X,2126382,찬성,2024-01-25
21,UB114374,2126382,찬성,2024-01-25
21,GAV6441G,2126382,찬성,2024-01-25
21,0YT3774N,2126382,찬성,2024-01-25
21,7JC3239L,2126382,찬성,2024-01-25
21,40S1959J,2126382,찬성,2024-01-25
21,8P37634C,2126382,불참,2024-01-25
21,CNZ51556,2126382,기권,2024-01-25
21,N4R2421C,2126382,찬성,2024-01-25
21,GDG1847Z,2126382,찬성,2024-01-25
21,O7R5461J,2126382,찬성,2024-01-25
21,JMY9959W,2126382,불참,2024-01-25
21,7R156073,2126382,찬성,2024-01-25
21,J2O8643H,2126382,찬성,2024-01-25
21,6AU2417B,2126382,찬성,2024-01-25
21,8VJ8533R,2126382,불참,2024-01-25
21,SE233396,2126382,찬성,2024-01-25
21,AFH96856,2126382,불참,2024-01-25
21,6399076T,2126382,불참,2024-01-25
21,4U29186R,2126382,찬성,2024-01-25
21,6RD62559,2126382,불참,2024-01-25
21,1Y73132H,2126382,찬성,2024-01-25
21,I0S53762,2126382,불참,2024-01-25
21,LH97552Q,2126382,찬성,2024-01-25
21,TKJ4800F,2126382,불참,2024-01-25
21,04T3751T,2126382,찬성,2024-01-25
21,MSY7784L,2126382,불참,2024-01-25
21,EVH1507C,2126382,찬성,2024-01-25
21,K5F2023J,2126382,찬성,2024-01-25
21,14M56632,2126382,불참,2024-01-25
21,5MD4184K,2126382,찬성,2024-01-25
21,DPZ7685X,2126382,찬성,2024-01-25
21,6U243644,2126382,찬성,2024-01-25
21,E9R4507P,2126382,찬성,2024-01-25
21,UHB5553T,2126382,찬성,2024-01-25
21,KFS1358P,2126382,찬성,2024-01-25
21,J9S37905,2126382,찬성,2024-01-25
21,A494529E,2126382,찬성,2024-01-25
21,CAA7713A,2126382,찬성,2024-01-25
21,0PK7354M,2126382,불참,2024-01-25
21,O0I2045I,2126382,찬성,2024-01-25
21,QUM8288K,2126382,불참,2024-01-25
21,S824682L,2126382,찬성,2024-01-25
21,W4X85128,2126382,찬성,2024-01-25
21,Q9H5708M,2126382,불참,2024-01-25
21,JZY9937U,2126382,찬성,2024-01-25
21,MRK4871S,2126382,찬성,2024-01-25
21,BM63269Y,2126382,불참,2024-01-25
21,M7O7878U,2126382,불참,2024-01-25
21,YLS4431M,2126382,찬성,2024-01-25
21,MNZ4401T,2126382,불참,2024-01-25
21,3ZR4438W,2126382,찬성,2024-01-25
21,HSS7466Y,2126382,찬성,2024-01-25
21,KB04377U,2126382,찬성,2024-01-25
21,FU53642G,2126382,찬성,2024-01-25
21,MLH1404S,2126382,찬성,2024-01-25
21,XR24352K,2126382,찬성,2024-01-25
21,QQP4727N,2126382,찬성,2024-01-25
21,9L57027L,2126382,찬성,2024-01-25
21,GOC54665,2126382,찬성,2024-01-25
21,5UN9725L,2126382,불참,2024-01-25
21,LJK4960Z,2126382,찬성,2024-01-25
21,K3W33496,2126382,찬성,2024-01-25
21,NCO99988,2126382,찬성,2024-01-25
21,M2Q9024I,2126382,불참,2024-01-25
21,CI15627C,2126382,찬성,2024-01-25
21,C7E79345,2126382,찬성,2024-01-25
21,4019850M,2126382,찬성,2024-01-25
21,9YO73104,2126382,불참,2024-01-25
21,TRE2429O,2126382,찬성,2024-01-25
21,E6U4345C,2126382,찬성,2024-01-25
21,7BM2933Y,2126382,찬성,2024-01-25
21,2UD1340H,2126382,찬성,2024-01-25
21,9VR65006,2126382,찬성,2024-01-25
21,X7I4680R,2126382,찬성,2024-01-25
21,XSP20229,2126382,찬성,2024-01-25
21,FH777496,2126382,찬성,2024-01-25
21,FYI20317,2126382,찬성,2024-01-25
21,8X15119P,2126382,찬성,2024-01-25
21,ZYP7962W,2126382,찬성,2024-01-25
21,3249208I,2126382,불참,2024-01-25
21,XEF29171,2126382,찬성,2024-01-25
21,WVU2479T,2126382,불참,2024-01-25
21,9D939735,2126382,찬성,2024-01-25
21,QTW6852F,2126382,불참,2024-01-25
21,7XY7109I,2126382,불참,2024-01-25
21,TST4507I,2126382,찬성,2024-01-25
21,JC14718Q,2126382,찬성,2024-01-25
21,L7J93733,2126382,찬성,2024-01-25
21,DAV7257X,2126382,찬성,2024-01-25
21,GE71932C,2126382,찬성,2024-01-25
21,6YT83269,2126382,불참,2024-01-25
21,1MU99298,2126382,찬성,2024-01-25
21,17M85910,2126382,찬성,2024-01-25
21,G152611B,2126382,찬성,2024-01-25
21,G1570880,2126382,찬성,2024-01-25
21,9LD2641Q,2126382,찬성,2024-01-25
21,FOK3459D,2126382,찬성,2024-01-25
21,QUO78839,2126382,찬성,2024-01-25
21,BT62420K,2126382,불참,2024-01-25
21,LPB30152,2126382,찬성,2024-01-25
21,TZP9391O,2126382,찬성,2024-01-25
21,6V37131U,2126382,불참,2024-01-25
21,71J2365L,2126382,찬성,2024-01-25
21,W1Q6753M,2126382,불참,2024-01-25
21,1BX7234U,2126382,찬성,2024-01-25
21,QHL3248U,2126382,불참,2024-01-25
21,9V18755A,2126382,찬성,2024-01-25
21,PO64874I,2126382,불참,2024-01-25
21,LBC8144B,2126382,찬성,2024-01-25
21,VHK3402G,2126382,찬성,2024-01-25
21,S741317G,2104717,찬성,2021-03-24
21,2N793392,2104717,찬성,2021-03-24
21,WJL30106,2104717,찬성,2021-03-24
21,ZA54991S,2104717,찬성,2021-03-24
21,71J2365L,2104717,찬성,2021-03-24
21,8SV6917G,2104717,불참,2021-03-24
21,21N57758,2104717,찬성,2021-03-24
21,FDC3144T,2104717,찬성,2021-03-24
21,BT62420K,2104717,찬성,2021-03-24
21,VG24001G,2104717,찬성,2021-03-24
21,JNL7001A,2104717,찬성,2021-03-24
21,L7T64271,2104717,찬성,2021-03-24
21,GKD32201,2104717,찬성,2021-03-24
21,G7512472,2104717,찬성,2021-03-24
21,CCU1009B,2104717,찬성,2021-03-24
21,MU69217P,2104717,불참,2021-03-24
21,66W6739S,2104717,찬성,2021-03-24
21,QD25323M,2104717,찬성,2021-03-24
21,DAY6557K,2104717,찬성,2021-03-24
21,FGI27280,2104717,반대,2021-03-24
21,4XG1439M,2104717,불참,2021-03-24
21,A0P4646G,2104717,찬성,2021-03-24
21,7I09543O,2104717,찬성,2021-03-24
21,1X376850,2104717,찬성,2021-03-24
21,3DK8989T,2104717,불참,2021-03-24
21,7469929V,2104717,불참,2021-03-24
21,D4L60530,2104717,찬성,2021-03-24
21,M6H1705E,2104717,불참,2021-03-24
21,09I2323E,2104717,불참,2021-03-24
21,NTT8182Q,2104717,찬성,2021-03-24
21,ZYH1940A,2104717,불참,2021-03-24
21,M0A1658U,2104717,기권,2021-03-24
21,HSW1214Q,2104717,찬성,2021-03-24
21,NZF1659U,2104717,불참,2021-03-24
21,WDS6044S,2104717,불참,2021-03-24
21,ZDR63255,2104717,찬성,2021-03-24
21,KR14136C,2104717,찬성,2021-03-24
21,SRP7336N,2104717,찬성,2021-03-24
21,5765663F,2104717,찬성,2021-03-24
21,GFF1986K,2104717,찬성,2021-03-24
21,5KV96424,2104717,찬성,2021-03-24
21,KNM3215T,2104717,불참,2021-03-24
21,M7T9712V,2104717,찬성,2021-03-24
21,60490713,2104717,찬성,2021-03-24
21,UM51067K,2104717,찬성,2021-03-24
21,HKJ99607,2104717,찬성,2021-03-24
21,1WE5693J,2104717,불참,2021-03-24
21,X3170462,2104717,찬성,2021-03-24
21,MY318392,2104717,찬성,2021-03-24
21,4T026790,2104717,찬성,2021-03-24
21,EH27538E,2104717,찬성,2021-03-24
21,WFU14784,2104717,반대,2021-03-24
21,SU53086M,2104717,찬성,2021-03-24
21,0WL9321T,2104717,찬성,2021-03-24
21,PZA4062H,2104717,찬성,2021-03-24
21,MR210505,2104717,찬성,2021-03-24
21,GF286398,2104717,찬성,2021-03-24
21,H5476989,2104717,찬성,2021-03-24
21,JQA21112,2104717,찬성,2021-03-24
21,4L695580,2104717,찬성,2021-03-24
21,40E3739H,2104717,찬성,2021-03-24
21,HXT76735,2104717,찬성,2021-03-24
21,RPN2293B,2104717,찬성,2021-03-24
21,0R68099X,2104717,기권,2021-03-24
21,V429892C,2104717,찬성,2021-03-24
21,4A067125,2104717,불참,2021-03-24
21,2385336L,2104717,찬성,2021-03-24
21,IN328264,2104717,찬성,2021-03-24
21,XBT9550Q,2104717,불참,2021-03-24
21,MO52543L,2104717,불참,2021-03-24
21,0827740Q,2104717,찬성,2021-03-24
21,0W194007,2104717,찬성,2021-03-24
21,X1K3667J,2104717,찬성,2021-03-24
21,I5I2468R,2104717,찬성,2021-03-24
21,WTR5885Y,2104717,찬성,2021-03-24
21,L5P27909,2104717,불참,2021-03-24
21,3425169D,2104717,찬성,2021-03-24
21,IOW1101J,2104717,찬성,2021-03-24
21,ICH23251,2104717,찬성,2021-03-24
21,25I8709Q,2104717,찬성,2021-03-24
21,OIA3741M,2104717,찬성,2021-03-24
21,XWX1513T,2104717,찬성,2021-03-24
21,CT85313K,2104717,불참,2021-03-24
21,BLC8630L,2104717,찬성,2021-03-24
21,0767470D,2104717,찬성,2021-03-24
21,LG63087O,2104717,불참,2021-03-24
21,NAL4555X,2104717,찬성,2021-03-24
21,PEP6922S,2104717,찬성,2021-03-24
21,DAN6731C,2104717,기권,2021-03-24
21,L2I9861C,2104717,기권,2021-03-24
21,WCD5518S,2104717,찬성,2021-03-24
21,SVH3899R,2104717,찬성,2021-03-24
21,I434361W,2104717,찬성,2021-03-24
21,IOW8224X,2104717,찬성,2021-03-24
21,9JF4562W,2104717,찬성,2021-03-24
21,Y7K5946R,2104717,찬성,2021-03-24
21,Z7Y7827F,2104717,찬성,2021-03-24
21,SBK1544B,2104717,찬성,2021-03-24
21,8FC9697X,2104717,찬성,2021-03-24
21,QKO6165V,2104717,찬성,2021-03-24
21,GD131760,2104717,불참,2021-03-24
21,ZRF3039U,2104717,반대,2021-03-24
21,V0O5343U,2104717,찬성,2021-03-24
21,68P7228G,2104717,찬성,2021-03-24
21,P0F1530P,2104717,찬성,2021-03-24
21,XPP2564T,2104717,불참,2021-03-24
21,FRN1867O,2104717,찬성,2021-03-24
21,PFG2137X,2104717,찬성,2021-03-24
21,UB114374,2104717,기권,2021-03-24
21,GAV6441G,2104717,기권,2021-03-24
21,0YT3774N,2104717,찬성,2021-03-24
21,7JC3239L,2104717,찬성,2021-03-24
21,IL74008M,2104717,찬성,2021-03-24
21,8KF7223D,2104717,불참,2021-03-24
21,8P37634C,2104717,찬성,2021-03-24
21,CNZ51556,2104717,찬성,2021-03-24
21,N4R2421C,2104717,불참,2021-03-24
21,GDG1847Z,2104717,찬성,2021-03-24
21,P2N4585G,2104717,찬성,2021-03-24
21,LNR7932L,2104717,불참,2021-03-24
21,O7R5461J,2104717,찬성,2021-03-24
21,TVF3669B,2104717,불참,2021-03-24
21,7R156073,2104717,불참,2021-03-24
21,6AR6743G,2104717,찬성,2021-03-24
21,J2O8643H,2104717,찬성,2021-03-24
21,VCP96419,2104717,찬성,2021-03-24
21,8VJ8533R,2104717,찬성,2021-03-24
21,B7D7534L,2104717,찬성,2021-03-24
21,GX22581L,2104717,찬성,2021-03-24
21,SE233396,2104717,찬성,2021-03-24
21,AFH96856,2104717,찬성,2021-03-24
21,52P3934K,2104717,찬성,2021-03-24
21,B7H6207C,2104717,찬성,2021-03-24
21,6399076T,2104717,찬성,2021-03-24
21,4U29186R,2104717,찬성,2021-03-24
21,F5Y4026Q,2104717,찬성,2021-03-24
21,WHV3448W,2104717,찬성,2021-03-24
21,1Y73132H,2104717,찬성,2021-03-24
21,I0S53762,2104717,불참,2021-03-24
21,LH97552Q,2104717,찬성,2021-03-24
21,TKJ4800F,2104717,찬성,2021-03-24
21,O6D8329R,2104717,찬성,2021-03-24
21,MSY7784L,2104717,찬성,2021-03-24
21,K5F2023J,2104717,찬성,2021-03-24
21,N9X9673B,2104717,찬성,2021-03-24
21,5MD4184K,2104717,찬성,2021-03-24
21,TP066860,2104717,불참,2021-03-24
21,5K93695T,2104717,찬성,2021-03-24
21,UHB5553T,2104717,찬성,2021-03-24
21,KFS1358P,2104717,찬성,2021-03-24
21,A494529E,2104717,찬성,2021-03-24
21,VRY5522V,2104717,찬성,2021-03-24
21,CAA7713A,2104717,찬성,2021-03-24
21,0PK7354M,2104717,찬성,2021-03-24
21,CZB4125D,2104717,찬성,2021-03-24
21,Z6R3959C,2104717,불참,2021-03-24
21,UGH6481E,2104717,찬성,2021-03-24
21,S824682L,2104717,불참,2021-03-24
21,W4X85128,2104717,반대,2021-03-24
21,Q9H5708M,2104717,찬성,2021-03-24
21,CFE3998F,2104717,찬성,2021-03-24
21,MRK4871S,2104717,기권,2021-03-24
21,YKW37422,2104717,불참,2021-03-24
21,2NV6751W,2104717,찬성,2021-03-24
21,BM63269Y,2104717,불참,2021-03-24
21,M7O7878U,2104717,찬성,2021-03-24
21,MNZ4401T,2104717,찬성,2021-03-24
21,3ZR4438W,2104717,불참,2021-03-24
21,HSS7466Y,2104717,찬성,2021-03-24
21,MLH1404S,2104717,찬성,2021-03-24
21,8VY63414,2104717,찬성,2021-03-24
21,XR24352K,2104717,찬성,2021-03-24
21,QQP4727N,2104717,불참,2021-03-24
21,IUL4848V,2104717,찬성,2021-03-24
21,JEZ3130Q,2104717,찬성,2021-03-24
21,BCQ55105,2104717,찬성,2021-03-24
21,9L57027L,2104717,찬성,2021-03-24
21,GOC54665,2104717,찬성,2021-03-24
21,LJK4960Z,2104717,기권,2021-03-24
21,K3W33496,2104717,찬성,2021-03-24
21,M2Q9024I,2104717,불참,2021-03-24
21,CI15627C,2104717,찬성,2021-03-24
21,C7E79345,2104717,불참,2021-03-24
21,4019850M,2104717,찬성,2021-03-24
21,UQ282145,2104717,찬성,2021-03-24
21,TRE2429O,2104717,찬성,2021-03-24
21,E6U4345C,2104717,찬성,2021-03-24
21,7BM2933Y,2104717,찬성,2021-03-24
21,CDL93608,2104717,찬성,2021-03-24
21,2UD1340H,2104717,찬성,2021-03-24
21,EMC8812P,2104717,기권,2021-03-24
21,XJC13432,2104717,찬성,2021-03-24
21,T465023H,2104717,찬성,2021-03-24
21,RQQ3807K,2104717,찬성,2021-03-24
21,FH777496,2104717,찬성,2021-03-24
21,FYI20317,2104717,찬성,2021-03-24
21,8X15119P,2104717,불참,2021-03-24
21,ZYP7962W,2104717,불참,2021-03-24
21,CNW5754J,2104717,찬성,2021-03-24
21,GX38539O,2104717,찬성,2021-03-24
21,WVU2479T,2104717,찬성,2021-03-24
21,9D939735,2104717,불참,2021-03-24
21,QTW6852F,2104717,불참,2021-03-24
21,7XY7109I,2104717,불참,2021-03-24
21,TST4507I,2104717,찬성,2021-03-24
21,JC14718Q,2104717,찬성,2021-03-24
21,5KV82250,2104717,불참,2021-03-24
21,L7J93733,2104717,찬성,2021-03-24
21,LT72093S,2104717,찬성,2021-03-24
21,GE71932C,2104717,찬성,2021-03-24
21,6YT83269,2104717,찬성,2021-03-24
21,1MU99298,2104717,찬성,2021-03-24
21,17M85910,2104717,찬성,2021-03-24
21,G152611B,2104717,불참,2021-03-24
21,I7R13867,2104717,찬성,2021-03-24
21,SQ36001H,2104717,찬성,2021-03-24
21,9LD2641Q,2104717,찬성,2021-03-24
21,FOK3459D,2104717,찬성,2021-03-24
21,QUO78839,2104717,불참,2021-03-24
21,LPB30152,2104717,찬성,2021-03-24
21,TZP9391O,2104717,찬성,2021-03-24
21,6V37131U,2104717,찬성,2021-03-24
21,FJK3396E,2104717,찬성,2021-03-24
21,7O71647Z,2104717,찬성,2021-03-24
21,W1Q6753M,2104717,기권,2021-03-24
21,E1J8836Y,2104717,찬성,2021-03-24
21,RD42006Y,2104717,찬성,2021-03-24
21,6EN68926,2104717,불참,2021-03-24
21,1BX7234U,2104717,찬성,2021-03-24
21,QHL3248U,2104717,찬성,2021-03-24
21,AE685067,2104717,찬성,2021-03-24
21,9S151177,2104717,찬성,2021-03-24
21,TZ228122,2104717,불참,2021-03-24
21,9V18755A,2104717,찬성,2021-03-24
21,PO64874I,2104717,찬성,2021-03-24
21,XA42275R,2104717,찬성,2021-03-24
21,4X525582,2104717,불참,2021-03-24
21,3TO11703,2104717,찬성,2021-03-24
21,LM13674V,2104717,찬성,2021-03-24
21,GP07421U,2104717,찬성,2021-03-24
21,USR7059P,2104717,찬성,2021-03-24
21,P2N50879,2104717,찬성,2021-03-24
21,A2V51235,2104717,찬성,2021-03-24
21,OFE45081,2104717,찬성,2021-03-24
21,A3H7195R,2104717,찬성,2021-03-24
21,0VU8517U,2104717,불참,2021-03-24
21,3BC6890E,2104717,찬성,2021-03-24
21,ZKU88693,2104717,찬성,2021-03-24
21,8FB1535Y,2104717,찬성,2021-03-24
21,8348421R,2104717,찬성,2021-03-24
21,WMG57662,2104717,기권,2021-03-24
21,NCP9875N,2104717,기권,2021-03-24
21,6MO8786S,2104717,불참,2021-03-24
21,PAO22428,2104717,찬성,2021-03-24
21,NQR1206Q,2104717,찬성,2021-03-24
21,OW53107J,2104717,찬성,2021-03-24
21,ATB59635,2104717,찬성,2021-03-24
21,KUO3574J,2104717,찬성,2021-03-24
21,D6U6678O,2104717,찬성,2021-03-24
21,FU87526G,2104717,찬성,2021-03-24
21,S9U45255,2104717,찬성,2021-03-24
21,LQW3652K,2104717,불참,2021-03-24
21,RO593601,2104717,찬성,2021-03-24
21,40S1959J,2104717,찬성,2021-03-24
21,3C23171A,2104717,찬성,2021-03-24
21,JMY9959W,2104717,찬성,2021-03-24
21,6AU2417B,2104717,불참,2021-03-24
21,04T3751T,2104717,찬성,2021-03-24
21,EVH1507C,2104717,찬성,2021-03-24
21,14M56632,2104717,불참,2021-03-24
21,DPZ7685X,2104717,찬성,2021-03-24
21,6U243644,2104717,찬성,2021-03-24
21,E9R4507P,2104717,기권,2021-03-24
21,J9S37905,2104717,불참,2021-03-24
21,O0I2045I,2104717,찬성,2021-03-24
21,QUM8288K,2104717,찬성,2021-03-24
21,JZY9937U,2104717,찬성,2021-03-24
21,YLS4431M,2104717,찬성,2021-03-24
21,16D7652C,2104717,찬성,2021-03-24
21,KB04377U,2104717,불참,2021-03-24
21,FU53642G,2104717,찬성,2021-03-24
21,5UN9725L,2104717,불참,2021-03-24
21,DBA1057Z,2104717,찬성,2021-03-24
21,9YO73104,2104717,불참,2021-03-24
21,9VR65006,2104717,불참,2021-03-24
21,X7I4680R,2104717,찬성,2021-03-24
21,D0C85236,2104717,찬성,2021-03-24
21,XSP20229,2104717,불참,2021-03-24
21,3RW63706,2104717,찬성,2021-03-24
21,3249208I,2104717,찬성,2021-03-24
21,8Q88373R,2104717,찬성,2021-03-24
21,XEF29171,2104717,찬성,2021-03-24
21,DAV7257X,2104717,찬성,2021-03-24
21,G1570880,2104717,찬성,2021-03-24
21,MD083627,2104717,찬성,2021-03-24
21,OSV9142K,2104717,찬성,2021-03-24
21,B7R2742J,2104717,찬성,2021-03-24
21,ZDP5704Q,2104717,기권,2021-03-24
21,MHK9919B,2104717,반대,2021-03-24
21,TJW93720,2104717,찬성,2021-03-24
21,DWK26447,2112381,불참,2023-07-18
21,9S151177,2112381,찬성,2023-07-18
21,A0P4646G,2112381,불참,2023-07-18
21,A2V51235,2112381,찬성,2023-07-18
21,7469929V,2112381,찬성,2023-07-18
21,M7T9712V,2112381,불참,2023-07-18
21,1WE5693J,2112381,찬성,2023-07-18
21,ZA54991S,2112381,찬성,2023-07-18
21,0W194007,2112381,찬성,2023-07-18
21,CT85313K,2112381,찬성,2023-07-18
21,KUO3574J,2112381,찬성,2023-07-18
21,8FC9697X,2112381,불참,2023-07-18
21,ZRF3039U,2112381,찬성,2023-07-18
21,8KF7223D,2112381,불참,2023-07-18
21,P2N4585G,2112381,찬성,2023-07-18
21,52P3934K,2112381,찬성,2023-07-18
21,N9X9673B,2112381,찬성,2023-07-18
21,YKW37422,2112381,찬성,2023-07-18
21,FU53642G,2112381,찬성,2023-07-18
21,MLH1404S,2112381,찬성,2023-07-18
21,DBA1057Z,2112381,불참,2023-07-18
21,CI15627C,2112381,찬성,2023-07-18
21,T465023H,2112381,찬성,2023-07-18
21,CNW5754J,2112381,불참,2023-07-18
21,8Q88373R,2112381,불참,2023-07-18
21,FDC3144T,2112381,찬성,2023-07-18
21,OSV9142K,2112381,찬성,2023-07-18
21,B7R2742J,2112381,불참,2023-07-18
21,66W6739S,2112381,찬성,2023-07-18
21,F5U2979W,2112381,찬성,2023-07-18
21,YOG1280B,2112381,불참,2023-07-18
21,FIC9046Z,2112381,찬성,2023-07-18
21,NUB4941Z,2112381,찬성,2023-07-18
21,KFM1081G,2112381,찬성,2023-07-18
21,NLR6572J,2112381,찬성,2023-07-18
21,YTA7297R,2112381,찬성,2023-07-18
21,L7T64271,2112381,불참,2023-07-18
21,4X525582,2112381,찬성,2023-07-18
21,GKD32201,2112381,찬성,2023-07-18
21,G7512472,2112381,찬성,2023-07-18
21,3TO11703,2112381,찬성,2023-07-18
21,S741317G,2112381,찬성,2023-07-18
21,CCU1009B,2112381,불참,2023-07-18
21,MU69217P,2112381,찬성,2023-07-18
21,2N793392,2112381,찬성,2023-07-18
21,LM13674V,2112381,불참,2023-07-18
21,QD25323M,2112381,찬성,2023-07-18
21,DAY6557K,2112381,찬성,2023-07-18
21,GP07421U,2112381,찬성,2023-07-18
21,FGI27280,2112381,찬성,2023-07-18
21,USR7059P,2112381,찬성,2023-07-18
21,4XG1439M,2112381,찬성,2023-07-18
21,P2N50879,2112381,찬성,2023-07-18
21,7I09543O,2112381,찬성,2023-07-18
21,3DK8989T,2112381,찬성,2023-07-18
21,D4L60530,2112381,불참,2023-07-18
21,M6H1705E,2112381,불참,2023-07-18
21,OFE45081,2112381,불참,2023-07-18
21,09I2323E,2112381,찬성,2023-07-18
21,NTT8182Q,2112381,찬성,2023-07-18
21,A3H7195R,2112381,찬성,2023-07-18
21,ZYH1940A,2112381,불참,2023-07-18
21,0VU8517U,2112381,불참,2023-07-18
21,M0A1658U,2112381,찬성,2023-07-18
21,HSW1214Q,2112381,찬성,2023-07-18
21,NZF1659U,2112381,불참,2023-07-18
21,WDS6044S,2112381,찬성,2023-07-18
21,3BC6890E,2112381,찬성,2023-07-18
21,ZDR63255,2112381,찬성,2023-07-18
21,KR14136C,2112381,찬성,2023-07-18
21,SRP7336N,2112381,불참,2023-07-18
21,5765663F,2112381,찬성,2023-07-18
21,GFF1986K,2112381,찬성,2023-07-18
21,ZKU88693,2112381,불참,2023-07-18
21,WJL30106,2112381,불참,2023-07-18
21,5KV96424,2112381,찬성,2023-07-18
21,KNM3215T,2112381,찬성,2023-07-18
21,60490713,2112381,불참,2023-07-18
21,UM51067K,2112381,찬성,2023-07-18
21,HKJ99607,2112381,찬성,2023-07-18
21,X3170462,2112381,불참,2023-07-18
21,MY318392,2112381,불참,2023-07-18
21,8FB1535Y,2112381,찬성,2023-07-18
21,4T026790,2112381,찬성,2023-07-18
21,EH27538E,2112381,찬성,2023-07-18
21,WFU14784,2112381,찬성,2023-07-18
21,SU53086M,2112381,찬성,2023-07-18
21,0WL9321T,2112381,찬성,2023-07-18
21,PZA4062H,2112381,찬성,2023-07-18
21,MR210505,2112381,불참,2023-07-18
21,GF286398,2112381,찬성,2023-07-18
21,8348421R,2112381,불참,2023-07-18
21,H5476989,2112381,찬성,2023-07-18
21,JQA21112,2112381,찬성,2023-07-18
21,4L695580,2112381,찬성,2023-07-18
21,40E3739H,2112381,찬성,2023-07-18
21,6FS10566,2112381,찬성,2023-07-18
21,HXT76735,2112381,찬성,2023-07-18
21,RPN2293B,2112381,불참,2023-07-18
21,0R68099X,2112381,찬성,2023-07-18
21,6RM29022,2112381,찬성,2023-07-18
21,MQU41854,2112381,불참,2023-07-18
21,V429892C,2112381,찬성,2023-07-18
21,2385336L,2112381,찬성,2023-07-18
21,IN328264,2112381,불참,2023-07-18
21,XBT9550Q,2112381,찬성,2023-07-18
21,MO52543L,2112381,찬성,2023-07-18
21,0827740Q,2112381,찬성,2023-07-18
21,X1K3667J,2112381,찬성,2023-07-18
21,WMG57662,2112381,찬성,2023-07-18
21,NCP9875N,2112381,찬성,2023-07-18
21,I5I2468R,2112381,찬성,2023-07-18
21,WTR5885Y,2112381,찬성,2023-07-18
21,3425169D,2112381,찬성,2023-07-18
21,IOW1101J,2112381,찬성,2023-07-18
21,ICH23251,2112381,찬성,2023-07-18
21,25I8709Q,2112381,찬성,2023-07-18
21,OIA3741M,2112381,찬성,2023-07-18
21,6MO8786S,2112381,불참,2023-07-18
21,XWX1513T,2112381,찬성,2023-07-18
21,BLC8630L,2112381,찬성,2023-07-18
21,NQR1206Q,2112381,불참,2023-07-18
21,LG63087O,2112381,불참,2023-07-18
21,OW53107J,2112381,불참,2023-07-18
21,PEP6922S,2112381,찬성,2023-07-18
21,DAN6731C,2112381,불참,2023-07-18
21,VG24001G,2112381,찬성,2023-07-18
21,L2I9861C,2112381,찬성,2023-07-18
21,WCD5518S,2112381,찬성,2023-07-18
21,SVH3899R,2112381,찬성,2023-07-18
21,IOW8224X,2112381,불참,2023-07-18
21,9JF4562W,2112381,찬성,2023-07-18
21,Y7K5946R,2112381,찬성,2023-07-18
21,Z7Y7827F,2112381,찬성,2023-07-18
21,ATB59635,2112381,불참,2023-07-18
21,SBK1544B,2112381,불참,2023-07-18
21,D6U6678O,2112381,찬성,2023-07-18
21,FU87526G,2112381,찬성,2023-07-18
21,S9U45255,2112381,찬성,2023-07-18
21,8SV6917G,2112381,찬성,2023-07-18
21,QKO6165V,2112381,불참,2023-07-18
21,GD131760,2112381,불참,2023-07-18
21,V0O5343U,2112381,찬성,2023-07-18
21,68P7228G,2112381,찬성,2023-07-18
21,P0F1530P,2112381,찬성,2023-07-18
21,XPP2564T,2112381,불참,2023-07-18
21,FRN1867O,2112381,찬성,2023-07-18
21,LQW3652K,2112381,불참,2023-07-18
21,RO593601,2112381,찬성,2023-07-18
21,PFG2137X,2112381,찬성,2023-07-18
21,UB114374,2112381,불참,2023-07-18
21,GAV6441G,2112381,찬성,2023-07-18
21,0YT3774N,2112381,찬성,2023-07-18
21,7JC3239L,2112381,찬성,2023-07-18
21,40S1959J,2112381,불참,2023-07-18
21,IL74008M,2112381,찬성,2023-07-18
21,8P37634C,2112381,불참,2023-07-18
21,CNZ51556,2112381,찬성,2023-07-18
21,N4R2421C,2112381,불참,2023-07-18
21,3C23171A,2112381,찬성,2023-07-18
21,GDG1847Z,2112381,찬성,2023-07-18
21,O7R5461J,2112381,불참,2023-07-18
21,JMY9959W,2112381,찬성,2023-07-18
21,7R156073,2112381,찬성,2023-07-18
21,6AR6743G,2112381,찬성,2023-07-18
21,J2O8643H,2112381,찬성,2023-07-18
21,VCP96419,2112381,불참,2023-07-18
21,6AU2417B,2112381,불참,2023-07-18
21,8VJ8533R,2112381,찬성,2023-07-18
21,B7D7534L,2112381,불참,2023-07-18
21,GX22581L,2112381,찬성,2023-07-18
21,SE233396,2112381,찬성,2023-07-18
21,AFH96856,2112381,찬성,2023-07-18
21,B7H6207C,2112381,찬성,2023-07-18
21,6399076T,2112381,찬성,2023-07-18
21,4U29186R,2112381,불참,2023-07-18
21,F5Y4026Q,2112381,찬성,2023-07-18
21,WHV3448W,2112381,불참,2023-07-18
21,6RD62559,2112381,찬성,2023-07-18
21,1Y73132H,2112381,불참,2023-07-18
21,I0S53762,2112381,찬성,2023-07-18
21,LH97552Q,2112381,찬성,2023-07-18
21,TKJ4800F,2112381,찬성,2023-07-18
21,O6D8329R,2112381,찬성,2023-07-18
21,04T3751T,2112381,찬성,2023-07-18
21,MSY7784L,2112381,찬성,2023-07-18
21,EVH1507C,2112381,찬성,2023-07-18
21,K5F2023J,2112381,찬성,2023-07-18
21,14M56632,2112381,불참,2023-07-18
21,5MD4184K,2112381,찬성,2023-07-18
21,5K93695T,2112381,찬성,2023-07-18
21,DPZ7685X,2112381,찬성,2023-07-18
21,6U243644,2112381,찬성,2023-07-18
21,E9R4507P,2112381,찬성,2023-07-18
21,UHB5553T,2112381,찬성,2023-07-18
21,KFS1358P,2112381,찬성,2023-07-18
21,J9S37905,2112381,찬성,2023-07-18
21,A494529E,2112381,찬성,2023-07-18
21,VRY5522V,2112381,찬성,2023-07-18
21,CAA7713A,2112381,찬성,2023-07-18
21,0PK7354M,2112381,찬성,2023-07-18
21,O0I2045I,2112381,찬성,2023-07-18
21,Z6R3959C,2112381,불참,2023-07-18
21,QUM8288K,2112381,불참,2023-07-18
21,UGH6481E,2112381,찬성,2023-07-18
21,S824682L,2112381,찬성,2023-07-18
21,W4X85128,2112381,불참,2023-07-18
21,Q9H5708M,2112381,불참,2023-07-18
21,JZY9937U,2112381,불참,2023-07-18
21,MRK4871S,2112381,불참,2023-07-18
21,2NV6751W,2112381,찬성,2023-07-18
21,BM63269Y,2112381,찬성,2023-07-18
21,M7O7878U,2112381,찬성,2023-07-18
21,YLS4431M,2112381,불참,2023-07-18
21,MNZ4401T,2112381,찬성,2023-07-18
21,3ZR4438W,2112381,찬성,2023-07-18
21,HSS7466Y,2112381,찬성,2023-07-18
21,16D7652C,2112381,찬성,2023-07-18
21,KB04377U,2112381,불참,2023-07-18
21,8VY63414,2112381,찬성,2023-07-18
21,XR24352K,2112381,찬성,2023-07-18
21,QQP4727N,2112381,찬성,2023-07-18
21,JEZ3130Q,2112381,불참,2023-07-18
21,BCQ55105,2112381,불참,2023-07-18
21,9L57027L,2112381,찬성,2023-07-18
21,GOC54665,2112381,불참,2023-07-18
21,5UN9725L,2112381,기권,2023-07-18
21,LJK4960Z,2112381,찬성,2023-07-18
21,IUD9392R,2112381,불참,2023-07-18
21,K3W33496,2112381,찬성,2023-07-18
21,M2Q9024I,2112381,찬성,2023-07-18
21,C7E79345,2112381,불참,2023-07-18
21,UQ282145,2112381,찬성,2023-07-18
21,9YO73104,2112381,찬성,2023-07-18
21,TRE2429O,2112381,찬성,2023-07-18
21,E6U4345C,2112381,불참,2023-07-18
21,7BM2933Y,2112381,찬성,2023-07-18
21,CDL93608,2112381,불참,2023-07-18
21,2UD1340H,2112381,불참,2023-07-18
21,9VR65006,2112381,불참,2023-07-18
21,X7I4680R,2112381,찬성,2023-07-18
21,EMC8812P,2112381,찬성,2023-07-18
21,XJC13432,2112381,찬성,2023-07-18
21,XSP20229,2112381,찬성,2023-07-18
21,3RW63706,2112381,찬성,2023-07-18
21,RQQ3807K,2112381,찬성,2023-07-18
21,FH777496,2112381,찬성,2023-07-18
21,FYI20317,2112381,찬성,2023-07-18
21,8X15119P,2112381,불참,2023-07-18
21,ZYP7962W,2112381,찬성,2023-07-18
21,3249208I,2112381,불참,2023-07-18
21,GX38539O,2112381,찬성,2023-07-18
21,XEF29171,2112381,불참,2023-07-18
21,WVU2479T,2112381,불참,2023-07-18
21,9D939735,2112381,찬성,2023-07-18
21,QTW6852F,2112381,불참,2023-07-18
21,7XY7109I,2112381,불참,2023-07-18
21,TST4507I,2112381,불참,2023-07-18
21,JC14718Q,2112381,찬성,2023-07-18
21,5KV82250,2112381,찬성,2023-07-18
21,L7J93733,2112381,찬성,2023-07-18
21,DAV7257X,2112381,불참,2023-07-18
21,LT72093S,2112381,찬성,2023-07-18
21,GE71932C,2112381,불참,2023-07-18
21,6YT83269,2112381,찬성,2023-07-18
21,1MU99298,2112381,불참,2023-07-18
21,17M85910,2112381,찬성,2023-07-18
21,G152611B,2112381,불참,2023-07-18
21,I7R13867,2112381,찬성,2023-07-18
21,SQ36001H,2112381,찬성,2023-07-18
21,G1570880,2112381,찬성,2023-07-18
21,9LD2641Q,2112381,불참,2023-07-18
21,FOK3459D,2112381,불참,2023-07-18
21,QUO78839,2112381,찬성,2023-07-18
21,BT62420K,2112381,불참,2023-07-18
21,LPB30152,2112381,찬성,2023-07-18
21,MD083627,2112381,찬성,2023-07-18
21,TZP9391O,2112381,찬성,2023-07-18
21,6V37131U,2112381,찬성,2023-07-18
21,FJK3396E,2112381,찬성,2023-07-18
21,ZDP5704Q,2112381,불참,2023-07-18
21,71J2365L,2112381,찬성,2023-07-18
21,7O71647Z,2112381,찬성,2023-07-18
21,W1Q6753M,2112381,찬성,2023-07-18
21,E1J8836Y,2112381,찬성,2023-07-18
21,RD42006Y,2112381,불참,2023-07-18
21,6EN68926,2112381,불참,2023-07-18
21,1BX7234U,2112381,찬성,2023-07-18
21,QHL3248U,2112381,불참,2023-07-18
21,TJW93720,2112381,찬성,2023-07-18
21,TZ228122,2112381,찬성,2023-07-18
21,9V18755A,2112381,찬성,2023-07-18
21,XA42275R,2112381,찬성,2023-07-18
21,PO64874I,2112381,찬성,2023-07-18
21,LBC8144B,2112381,찬성,2023-07-18
21,VHK3402G,2112381,불참,2023-07-18
21,JVB6983V,2112381,찬성,2023-07-18
21,4019850M,2112381,불참,2023-07-18
21,CZB4125D,2112381,불참,2023-07-18
21,F5U2979W,2114873,불참,2022-12-08
21,YOG1280B,2114873,불참,2022-12-08
21,FIC9046Z,2114873,불참,2022-12-08
21,DWK26447,2114873,찬성,2022-12-08
21,NUB4941Z,2114873,찬성,2022-12-08
21,KFM1081G,2114873,불참,2022-12-08
21,NLR6572J,2114873,찬성,2022-12-08
21,YTA7297R,2114873,찬성,2022-12-08
21,JNL7001A,2114873,찬성,2022-12-08
21,L7T64271,2114873,찬성,2022-12-08
21,GKD32201,2114873,찬성,2022-12-08
21,G7512472,2114873,찬성,2022-12-08
21,3TO11703,2114873,불참,2022-12-08
21,CCU1009B,2114873,찬성,2022-12-08
21,MU69217P,2114873,찬성,2022-12-08
21,66W6739S,2114873,불참,2022-12-08
21,LM13674V,2114873,찬성,2022-12-08
21,QD25323M,2114873,반대,2022-12-08
21,JVB6983V,2114873,찬성,2022-12-08
21,DAY6557K,2114873,찬성,2022-12-08
21,GP07421U,2114873,기권,2022-12-08
21,FGI27280,2114873,불참,2022-12-08
21,USR7059P,2114873,찬성,2022-12-08
21,4XG1439M,2114873,불참,2022-12-08
21,P2N50879,2114873,찬성,2022-12-08
21,A0P4646G,2114873,불참,2022-12-08
21,A2V51235,2114873,찬성,2022-12-08
21,7I09543O,2114873,찬성,2022-12-08
21,3DK8989T,2114873,불참,2022-12-08
21,7469929V,2114873,기권,2022-12-08
21,D4L60530,2114873,찬성,2022-12-08
21,M6H1705E,2114873,찬성,2022-12-08
21,OFE45081,2114873,찬성,2022-12-08
21,09I2323E,2114873,불참,2022-12-08
21,NTT8182Q,2114873,반대,2022-12-08
21,ZYH1940A,2114873,반대,2022-12-08
21,0VU8517U,2114873,찬성,2022-12-08
21,M0A1658U,2114873,찬성,2022-12-08
21,HSW1214Q,2114873,찬성,2022-12-08
21,WDS6044S,2114873,불참,2022-12-08
21,3BC6890E,2114873,찬성,2022-12-08
21,ZDR63255,2114873,찬성,2022-12-08
21,KR14136C,2114873,찬성,2022-12-08
21,SRP7336N,2114873,불참,2022-12-08
21,GFF1986K,2114873,찬성,2022-12-08
21,ZKU88693,2114873,찬성,2022-12-08
21,WJL30106,2114873,불참,2022-12-08
21,5KV96424,2114873,찬성,2022-12-08
21,KNM3215T,2114873,찬성,2022-12-08
21,M7T9712V,2114873,찬성,2022-12-08
21,60490713,2114873,반대,2022-12-08
21,UM51067K,2114873,찬성,2022-12-08
21,HKJ99607,2114873,불참,2022-12-08
21,1WE5693J,2114873,찬성,2022-12-08
21,X3170462,2114873,찬성,2022-12-08
21,8FB1535Y,2114873,찬성,2022-12-08
21,4T026790,2114873,찬성,2022-12-08
21,EH27538E,2114873,찬성,2022-12-08
21,WFU14784,2114873,찬성,2022-12-08
21,SU53086M,2114873,찬성,2022-12-08
21,0WL9321T,2114873,찬성,2022-12-08
21,PZA4062H,2114873,찬성,2022-12-08
21,MR210505,2114873,불참,2022-12-08
21,GF286398,2114873,찬성,2022-12-08
21,8348421R,2114873,찬성,2022-12-08
21,H5476989,2114873,찬성,2022-12-08
21,JQA21112,2114873,찬성,2022-12-08
21,4L695580,2114873,반대,2022-12-08
21,40E3739H,2114873,찬성,2022-12-08
21,HXT76735,2114873,찬성,2022-12-08
21,RPN2293B,2114873,찬성,2022-12-08
21,0R68099X,2114873,찬성,2022-12-08
21,6RM29022,2114873,찬성,2022-12-08
21,MQU41854,2114873,찬성,2022-12-08
21,V429892C,2114873,찬성,2022-12-08
21,2385336L,2114873,찬성,2022-12-08
21,IN328264,2114873,찬성,2022-12-08
21,XBT9550Q,2114873,찬성,2022-12-08
21,ZA54991S,2114873,찬성,2022-12-08
21,MO52543L,2114873,찬성,2022-12-08
21,0827740Q,2114873,찬성,2022-12-08
21,0W194007,2114873,찬성,2022-12-08
21,X1K3667J,2114873,찬성,2022-12-08
21,WMG57662,2114873,찬성,2022-12-08
21,NCP9875N,2114873,찬성,2022-12-08
21,I5I2468R,2114873,찬성,2022-12-08
21,WTR5885Y,2114873,찬성,2022-12-08
21,3425169D,2114873,찬성,2022-12-08
21,IOW1101J,2114873,불참,2022-12-08
21,ICH23251,2114873,찬성,2022-12-08
21,25I8709Q,2114873,기권,2022-12-08
21,OIA3741M,2114873,찬성,2022-12-08
21,6MO8786S,2114873,찬성,2022-12-08
21,XWX1513T,2114873,불참,2022-12-08
21,CT85313K,2114873,찬성,2022-12-08
21,BLC8630L,2114873,반대,2022-12-08
21,NQR1206Q,2114873,찬성,2022-12-08
21,LG63087O,2114873,불참,2022-12-08
21,PEP6922S,2114873,찬성,2022-12-08
21,DAN6731C,2114873,찬성,2022-12-08
21,VG24001G,2114873,찬성,2022-12-08
21,L2I9861C,2114873,찬성,2022-12-08
21,WCD5518S,2114873,반대,2022-12-08
21,SVH3899R,2114873,찬성,2022-12-08
21,9JF4562W,2114873,반대,2022-12-08
21,Y7K5946R,2114873,찬성,2022-12-08
21,ATB59635,2114873,찬성,2022-12-08
21,SBK1544B,2114873,불참,2022-12-08
21,KUO3574J,2114873,찬성,2022-12-08
21,D6U6678O,2114873,찬성,2022-12-08
21,FU87526G,2114873,기권,2022-12-08
21,S9U45255,2114873,불참,2022-12-08
21,8SV6917G,2114873,찬성,2022-12-08
21,8FC9697X,2114873,찬성,2022-12-08
21,QKO6165V,2114873,불참,2022-12-08
21,ZRF3039U,2114873,불참,2022-12-08
21,V0O5343U,2114873,찬성,2022-12-08
21,68P7228G,2114873,찬성,2022-12-08
21,P0F1530P,2114873,찬성,2022-12-08
21,XPP2564T,2114873,찬성,2022-12-08
21,FRN1867O,2114873,찬성,2022-12-08
21,LQW3652K,2114873,찬성,2022-12-08
21,RO593601,2114873,찬성,2022-12-08
21,PFG2137X,2114873,기권,2022-12-08
21,UB114374,2114873,찬성,2022-12-08
21,GAV6441G,2114873,반대,2022-12-08
21,0YT3774N,2114873,찬성,2022-12-08
21,40S1959J,2114873,찬성,2022-12-08
21,IL74008M,2114873,찬성,2022-12-08
21,8KF7223D,2114873,반대,2022-12-08
21,CNZ51556,2114873,찬성,2022-12-08
21,N4R2421C,2114873,불참,2022-12-08
21,3C23171A,2114873,찬성,2022-12-08
21,GDG1847Z,2114873,찬성,2022-12-08
21,P2N4585G,2114873,찬성,2022-12-08
21,JMY9959W,2114873,불참,2022-12-08
21,7R156073,2114873,찬성,2022-12-08
21,J2O8643H,2114873,찬성,2022-12-08
21,VCP96419,2114873,찬성,2022-12-08
21,6AU2417B,2114873,불참,2022-12-08
21,8VJ8533R,2114873,찬성,2022-12-08
21,B7D7534L,2114873,찬성,2022-12-08
21,GX22581L,2114873,찬성,2022-12-08
21,SE233396,2114873,찬성,2022-12-08
21,AFH96856,2114873,찬성,2022-12-08
21,52P3934K,2114873,찬성,2022-12-08
21,B7H6207C,2114873,불참,2022-12-08
21,6399076T,2114873,찬성,2022-12-08
21,4U29186R,2114873,반대,2022-12-08
21,F5Y4026Q,2114873,불참,2022-12-08
21,WHV3448W,2114873,찬성,2022-12-08
21,6RD62559,2114873,찬성,2022-12-08
21,1Y73132H,2114873,찬성,2022-12-08
21,I0S53762,2114873,불참,2022-12-08
21,TKJ4800F,2114873,불참,2022-12-08
21,O6D8329R,2114873,반대,2022-12-08
21,04T3751T,2114873,불참,2022-12-08
21,MSY7784L,2114873,불참,2022-12-08
21,EVH1507C,2114873,찬성,2022-12-08
21,K5F2023J,2114873,찬성,2022-12-08
21,14M56632,2114873,불참,2022-12-08
21,N9X9673B,2114873,불참,2022-12-08
21,5MD4184K,2114873,찬성,2022-12-08
21,5K93695T,2114873,찬성,2022-12-08
21,6U243644,2114873,찬성,2022-12-08
21,E9R4507P,2114873,불참,2022-12-08
21,UHB5553T,2114873,찬성,2022-12-08
21,KFS1358P,2114873,찬성,2022-12-08
21,J9S37905,2114873,찬성,2022-12-08
21,A494529E,2114873,찬성,2022-12-08
21,VRY5522V,2114873,기권,2022-12-08
21,CAA7713A,2114873,찬성,2022-12-08
21,0PK7354M,2114873,불참,2022-12-08
21,O0I2045I,2114873,찬성,2022-12-08
21,CZB4125D,2114873,찬성,2022-12-08
21,Z6R3959C,2114873,불참,2022-12-08
21,QUM8288K,2114873,반대,2022-12-08
21,UGH6481E,2114873,찬성,2022-12-08
21,S824682L,2114873,찬성,2022-12-08
21,W4X85128,2114873,찬성,2022-12-08
21,Q9H5708M,2114873,찬성,2022-12-08
21,JZY9937U,2114873,찬성,2022-12-08
21,MRK4871S,2114873,불참,2022-12-08
21,YKW37422,2114873,불참,2022-12-08
21,2NV6751W,2114873,찬성,2022-12-08
21,BM63269Y,2114873,찬성,2022-12-08
21,M7O7878U,2114873,찬성,2022-12-08
21,YLS4431M,2114873,찬성,2022-12-08
21,MNZ4401T,2114873,반대,2022-12-08
21,3ZR4438W,2114873,찬성,2022-12-08
21,HSS7466Y,2114873,찬성,2022-12-08
21,16D7652C,2114873,찬성,2022-12-08
21,KB04377U,2114873,찬성,2022-12-08
21,FU53642G,2114873,기권,2022-12-08
21,MLH1404S,2114873,찬성,2022-12-08
21,8VY63414,2114873,찬성,2022-12-08
21,XR24352K,2114873,찬성,2022-12-08
21,QQP4727N,2114873,찬성,2022-12-08
21,JEZ3130Q,2114873,불참,2022-12-08
21,BCQ55105,2114873,찬성,2022-12-08
21,9L57027L,2114873,찬성,2022-12-08
21,GOC54665,2114873,찬성,2022-12-08
21,5UN9725L,2114873,찬성,2022-12-08
21,LJK4960Z,2114873,찬성,2022-12-08
21,IUD9392R,2114873,찬성,2022-12-08
21,K3W33496,2114873,찬성,2022-12-08
21,M2Q9024I,2114873,찬성,2022-12-08
21,DBA1057Z,2114873,기권,2022-12-08
21,CI15627C,2114873,찬성,2022-12-08
21,C7E79345,2114873,불참,2022-12-08
21,4019850M,2114873,찬성,2022-12-08
21,UQ282145,2114873,찬성,2022-12-08
21,9YO73104,2114873,찬성,2022-12-08
21,TRE2429O,2114873,찬성,2022-12-08
21,E6U4345C,2114873,반대,2022-12-08
21,7BM2933Y,2114873,찬성,2022-12-08
21,CDL93608,2114873,불참,2022-12-08
21,2UD1340H,2114873,기권,2022-12-08
21,9VR65006,2114873,찬성,2022-12-08
21,X7I4680R,2114873,불참,2022-12-08
21,EMC8812P,2114873,찬성,2022-12-08
21,XJC13432,2114873,불참,2022-12-08
21,XSP20229,2114873,찬성,2022-12-08
21,T465023H,2114873,찬성,2022-12-08
21,3RW63706,2114873,찬성,2022-12-08
21,RQQ3807K,2114873,찬성,2022-12-08
21,FH777496,2114873,반대,2022-12-08
21,FYI20317,2114873,찬성,2022-12-08
21,8X15119P,2114873,불참,2022-12-08
21,ZYP7962W,2114873,불참,2022-12-08
21,CNW5754J,2114873,불참,2022-12-08
21,3249208I,2114873,찬성,2022-12-08
21,GX38539O,2114873,찬성,2022-12-08
21,8Q88373R,2114873,불참,2022-12-08
21,XEF29171,2114873,찬성,2022-12-08
21,WVU2479T,2114873,찬성,2022-12-08
21,9D939735,2114873,찬성,2022-12-08
21,QTW6852F,2114873,찬성,2022-12-08
21,7XY7109I,2114873,찬성,2022-12-08
21,TST4507I,2114873,반대,2022-12-08
21,JC14718Q,2114873,찬성,2022-12-08
21,5KV82250,2114873,찬성,2022-12-08
21,L7J93733,2114873,찬성,2022-12-08
21,DAV7257X,2114873,찬성,2022-12-08
21,GE71932C,2114873,반대,2022-12-08
21,6YT83269,2114873,찬성,2022-12-08
21,1MU99298,2114873,기권,2022-12-08
21,FDC3144T,2114873,찬성,2022-12-08
21,G152611B,2114873,불참,2022-12-08
21,I7R13867,2114873,찬성,2022-12-08
21,SQ36001H,2114873,찬성,2022-12-08
21,G1570880,2114873,찬성,2022-12-08
21,FOK3459D,2114873,찬성,2022-12-08
21,QUO78839,2114873,찬성,2022-12-08
21,LPB30152,2114873,찬성,2022-12-08
21,MD083627,2114873,불참,2022-12-08
21,TZP9391O,2114873,찬성,2022-12-08
21,6V37131U,2114873,찬성,2022-12-08
21,OSV9142K,2114873,찬성,2022-12-08
21,B7R2742J,2114873,찬성,2022-12-08
21,FJK3396E,2114873,찬성,2022-12-08
21,ZDP5704Q,2114873,찬성,2022-12-08
21,71J2365L,2114873,찬성,2022-12-08
21,7O71647Z,2114873,찬성,2022-12-08
21,W1Q6753M,2114873,찬성,2022-12-08
21,E1J8836Y,2114873,찬성,2022-12-08
21,RD42006Y,2114873,찬성,2022-12-08
21,6EN68926,2114873,찬성,2022-12-08
21,QHL3248U,2114873,찬성,2022-12-08
21,TJW93720,2114873,반대,2022-12-08
21,9S151177,2114873,찬성,2022-12-08
21,TZ228122,2114873,찬성,2022-12-08
21,9V18755A,2114873,찬성,2022-12-08
21,XA42275R,2114873,찬성,2022-12-08
21,PO64874I,2114873,찬성,2022-12-08
21,LBC8144B,2114873,찬성,2022-12-08
21,VHK3402G,2114873,불참,2022-12-08
21,4X525582,2114873,불참,2022-12-08
21,1BX7234U,2114873,찬성,2022-12-08
21,2N793392,2114873,찬성,2022-12-08
21,A3H7195R,2114873,찬성,2022-12-08
21,NZF1659U,2114873,찬성,2022-12-08
21,5765663F,2114873,찬성,2022-12-08
21,MY318392,2114873,반대,2022-12-08
21,OW53107J,2114873,찬성,2022-12-08
21,IOW8224X,2114873,찬성,2022-12-08
21,Z7Y7827F,2114873,찬성,2022-12-08
21,GD131760,2114873,불참,2022-12-08
21,7JC3239L,2114873,불참,2022-12-08
21,8P37634C,2114873,찬성,2022-12-08
21,O7R5461J,2114873,찬성,2022-12-08
21,6AR6743G,2114873,찬성,2022-12-08
21,LH97552Q,2114873,찬성,2022-12-08
21,DPZ7685X,2114873,찬성,2022-12-08
21,LT72093S,2114873,찬성,2022-12-08
21,17M85910,2114873,찬성,2022-12-08
21,9LD2641Q,2114873,찬성,2022-12-08
21,BT62420K,2114873,찬성,2022-12-08
21,S741317G,2114873,찬성,2022-12-08
21,F5U2979W,2121381,찬성,2023-12-20
21,YOG1280B,2121381,찬성,2023-12-20
21,FIC9046Z,2121381,찬성,2023-12-20
21,DWK26447,2121381,찬성,2023-12-20
21,NUB4941Z,2121381,찬성,2023-12-20
21,KFM1081G,2121381,불참,2023-12-20
21,F0I5053J,2121381,불참,2023-12-20
21,YTA7297R,2121381,찬성,2023-12-20
21,G7512472,2121381,찬성,2023-12-20
21,3TO11703,2121381,찬성,2023-12-20
21,CCU1009B,2121381,찬성,2023-12-20
21,MU69217P,2121381,찬성,2023-12-20
21,66W6739S,2121381,찬성,2023-12-20
21,QD25323M,2121381,찬성,2023-12-20
21,DAY6557K,2121381,찬성,2023-12-20
21,USR7059P,2121381,찬성,2023-12-20
21,4XG1439M,2121381,찬성,2023-12-20
21,P2N50879,2121381,불참,2023-12-20
21,A0P4646G,2121381,기권,2023-12-20
21,A2V51235,2121381,찬성,2023-12-20
21,7I09543O,2121381,불참,2023-12-20
21,3DK8989T,2121381,찬성,2023-12-20
21,7469929V,2121381,찬성,2023-12-20
21,M6H1705E,2121381,찬성,2023-12-20
21,OFE45081,2121381,찬성,2023-12-20
21,09I2323E,2121381,찬성,2023-12-20
21,M0A1658U,2121381,찬성,2023-12-20
21,HSW1214Q,2121381,찬성,2023-12-20
21,NZF1659U,2121381,불참,2023-12-20
21,WDS6044S,2121381,찬성,2023-12-20
21,3BC6890E,2121381,찬성,2023-12-20
21,ZDR63255,2121381,불참,2023-12-20
21,KR14136C,2121381,불참,2023-12-20
21,5765663F,2121381,찬성,2023-12-20
21,GFF1986K,2121381,찬성,2023-12-20
21,ZKU88693,2121381,불참,2023-12-20
21,5KV96424,2121381,찬성,2023-12-20
21,M7T9712V,2121381,찬성,2023-12-20
21,60490713,2121381,불참,2023-12-20
21,UM51067K,2121381,찬성,2023-12-20
21,1WE5693J,2121381,불참,2023-12-20
21,X3170462,2121381,불참,2023-12-20
21,8FB1535Y,2121381,찬성,2023-12-20
21,4T026790,2121381,찬성,2023-12-20
21,EH27538E,2121381,찬성,2023-12-20
21,WFU14784,2121381,찬성,2023-12-20
21,SU53086M,2121381,찬성,2023-12-20
21,0WL9321T,2121381,불참,2023-12-20
21,PZA4062H,2121381,찬성,2023-12-20
21,MR210505,2121381,불참,2023-12-20
21,8348421R,2121381,찬성,2023-12-20
21,JQA21112,2121381,불참,2023-12-20
21,4L695580,2121381,찬성,2023-12-20
21,40E3739H,2121381,찬성,2023-12-20
21,HXT76735,2121381,불참,2023-12-20
21,RPN2293B,2121381,찬성,2023-12-20
21,0R68099X,2121381,찬성,2023-12-20
21,6RM29022,2121381,찬성,2023-12-20
21,MQU41854,2121381,찬성,2023-12-20
21,V429892C,2121381,불참,2023-12-20
21,2385336L,2121381,찬성,2023-12-20
21,IN328264,2121381,불참,2023-12-20
21,XBT9550Q,2121381,불참,2023-12-20
21,ZA54991S,2121381,찬성,2023-12-20
21,0827740Q,2121381,찬성,2023-12-20
21,0W194007,2121381,찬성,2023-12-20
21,X1K3667J,2121381,불참,2023-12-20
21,WMG57662,2121381,찬성,2023-12-20
21,NCP9875N,2121381,불참,2023-12-20
21,I5I2468R,2121381,찬성,2023-12-20
21,3425169D,2121381,불참,2023-12-20
21,OIA3741M,2121381,찬성,2023-12-20
21,6MO8786S,2121381,찬성,2023-12-20
21,CT85313K,2121381,찬성,2023-12-20
21,BLC8630L,2121381,찬성,2023-12-20
21,NQR1206Q,2121381,찬성,2023-12-20
21,L2I9861C,2121381,찬성,2023-12-20
21,WCD5518S,2121381,불참,2023-12-20
21,SVH3899R,2121381,찬성,2023-12-20
21,IOW8224X,2121381,찬성,2023-12-20
21,9JF4562W,2121381,찬성,2023-12-20
21,Y7K5946R,2121381,찬성,2023-12-20
21,KUO3574J,2121381,찬성,2023-12-20
21,D6U6678O,2121381,찬성,2023-12-20
21,8SV6917G,2121381,찬성,2023-12-20
21,8FC9697X,2121381,불참,2023-12-20
21,QKO6165V,2121381,불참,2023-12-20
21,GD131760,2121381,찬성,2023-12-20
21,ZRF3039U,2121381,찬성,2023-12-20
21,V0O5343U,2121381,찬성,2023-12-20
21,68P7228G,2121381,찬성,2023-12-20
21,XPP2564T,2121381,불참,2023-12-20
21,FRN1867O,2121381,찬성,2023-12-20
21,RO593601,2121381,불참,2023-12-20
21,PFG2137X,2121381,찬성,2023-12-20
21,GAV6441G,2121381,찬성,2023-12-20
21,0YT3774N,2121381,불참,2023-12-20
21,40S1959J,2121381,불참,2023-12-20
21,IL74008M,2121381,찬성,2023-12-20
21,8KF7223D,2121381,불참,2023-12-20
21,8P37634C,2121381,불참,2023-12-20
21,CNZ51556,2121381,불참,2023-12-20
21,3C23171A,2121381,찬성,2023-12-20
21,GDG1847Z,2121381,찬성,2023-12-20
21,P2N4585G,2121381,불참,2023-12-20
21,JMY9959W,2121381,불참,2023-12-20
21,7R156073,2121381,찬성,2023-12-20
21,6AR6743G,2121381,불참,2023-12-20
21,J2O8643H,2121381,찬성,2023-12-20
21,VCP96419,2121381,불참,2023-12-20
21,6AU2417B,2121381,불참,2023-12-20
21,B7D7534L,2121381,찬성,2023-12-20
21,GX22581L,2121381,불참,2023-12-20
21,SE233396,2121381,찬성,2023-12-20
21,AFH96856,2121381,불참,2023-12-20
21,52P3934K,2121381,찬성,2023-12-20
21,B7H6207C,2121381,찬성,2023-12-20
21,6399076T,2121381,찬성,2023-12-20
21,4U29186R,2121381,불참,2023-12-20
21,F5Y4026Q,2121381,찬성,2023-12-20
21,WHV3448W,2121381,찬성,2023-12-20
21,6RD62559,2121381,불참,2023-12-20
21,LH97552Q,2121381,찬성,2023-12-20
21,TKJ4800F,2121381,불참,2023-12-20
21,O6D8329R,2121381,불참,2023-12-20
21,MSY7784L,2121381,불참,2023-12-20
21,EVH1507C,2121381,찬성,2023-12-20
21,K5F2023J,2121381,불참,2023-12-20
21,14M56632,2121381,찬성,2023-12-20
21,N9X9673B,2121381,불참,2023-12-20
21,5MD4184K,2121381,찬성,2023-12-20
21,5K93695T,2121381,찬성,2023-12-20
21,DPZ7685X,2121381,찬성,2023-12-20
21,E9R4507P,2121381,찬성,2023-12-20
21,UHB5553T,2121381,찬성,2023-12-20
21,J9S37905,2121381,불참,2023-12-20
21,A494529E,2121381,불참,2023-12-20
21,VRY5522V,2121381,불참,2023-12-20
21,CAA7713A,2121381,찬성,2023-12-20
21,0PK7354M,2121381,찬성,2023-12-20
21,O0I2045I,2121381,찬성,2023-12-20
21,CZB4125D,2121381,불참,2023-12-20
21,Z6R3959C,2121381,불참,2023-12-20
21,UGH6481E,2121381,찬성,2023-12-20
21,W4X85128,2121381,불참,2023-12-20
21,Q9H5708M,2121381,불참,2023-12-20
21,JZY9937U,2121381,불참,2023-12-20
21,MRK4871S,2121381,불참,2023-12-20
21,YKW37422,2121381,찬성,2023-12-20
21,2NV6751W,2121381,불참,2023-12-20
21,BM63269Y,2121381,불참,2023-12-20
21,M7O7878U,2121381,찬성,2023-12-20
21,3ZR4438W,2121381,찬성,2023-12-20
21,HSS7466Y,2121381,찬성,2023-12-20
21,KB04377U,2121381,찬성,2023-12-20
21,FU53642G,2121381,찬성,2023-12-20
21,8VY63414,2121381,찬성,2023-12-20
21,QQP4727N,2121381,불참,2023-12-20
21,BCQ55105,2121381,찬성,2023-12-20
21,9L57027L,2121381,불참,2023-12-20
21,GOC54665,2121381,불참,2023-12-20
21,5UN9725L,2121381,불참,2023-12-20
21,LJK4960Z,2121381,찬성,2023-12-20
21,IUD9392R,2121381,불참,2023-12-20
21,NCO99988,2121381,찬성,2023-12-20
21,M2Q9024I,2121381,불참,2023-12-20
21,DBA1057Z,2121381,찬성,2023-12-20
21,CI15627C,2121381,불참,2023-12-20
21,C7E79345,2121381,불참,2023-12-20
21,UQ282145,2121381,불참,2023-12-20
21,TRE2429O,2121381,불참,2023-12-20
21,E6U4345C,2121381,찬성,2023-12-20
21,7BM2933Y,2121381,찬성,2023-12-20
21,CDL93608,2121381,불참,2023-12-20
21,2UD1340H,2121381,찬성,2023-12-20
21,9VR65006,2121381,불참,2023-12-20
21,X7I4680R,2121381,불참,2023-12-20
21,XJC13432,2121381,불참,2023-12-20
21,T465023H,2121381,찬성,2023-12-20
21,3RW63706,2121381,찬성,2023-12-20
21,RQQ3807K,2121381,찬성,2023-12-20
21,FH777496,2121381,찬성,2023-12-20
21,8X15119P,2121381,찬성,2023-12-20
21,ZYP7962W,2121381,찬성,2023-12-20
21,CNW5754J,2121381,기권,2023-12-20
21,3249208I,2121381,불참,2023-12-20
21,GX38539O,2121381,찬성,2023-12-20
21,8Q88373R,2121381,불참,2023-12-20
21,XEF29171,2121381,찬성,2023-12-20
21,WVU2479T,2121381,불참,2023-12-20
21,QTW6852F,2121381,불참,2023-12-20
21,7XY7109I,2121381,찬성,2023-12-20
21,TST4507I,2121381,찬성,2023-12-20
21,JC14718Q,2121381,찬성,2023-12-20
21,L7J93733,2121381,찬성,2023-12-20
21,LT72093S,2121381,불참,2023-12-20
21,GE71932C,2121381,불참,2023-12-20
21,6YT83269,2121381,불참,2023-12-20
21,FDC3144T,2121381,찬성,2023-12-20
21,17M85910,2121381,찬성,2023-12-20
21,I7R13867,2121381,찬성,2023-12-20
21,SQ36001H,2121381,불참,2023-12-20
21,G1570880,2121381,찬성,2023-12-20
21,9LD2641Q,2121381,불참,2023-12-20
21,LPB30152,2121381,찬성,2023-12-20
21,MD083627,2121381,찬성,2023-12-20
21,OSV9142K,2121381,찬성,2023-12-20
21,B7R2742J,2121381,찬성,2023-12-20
21,FJK3396E,2121381,찬성,2023-12-20
21,ZDP5704Q,2121381,불참,2023-12-20
21,7O71647Z,2121381,불참,2023-12-20
21,W1Q6753M,2121381,찬성,2023-12-20
21,E1J8836Y,2121381,찬성,2023-12-20
21,RD42006Y,2121381,불참,2023-12-20
21,QHL3248U,2121381,불참,2023-12-20
21,TJW93720,2121381,찬성,2023-12-20
21,9S151177,2121381,불참,2023-12-20
21,TZ228122,2121381,불참,2023-12-20
21,9V18755A,2121381,찬성,2023-12-20
21,XA42275R,2121381,찬성,2023-12-20
21,PO64874I,2121381,불참,2023-12-20
21,VHK3402G,2121381,찬성,2023-12-20
21,DAV7257X,2121381,찬성,2023-12-20
21,1MU99298,2121381,찬성,2023-12-20
21,G152611B,2121381,불참,2023-12-20
21,FOK3459D,2121381,불참,2023-12-20
21,QUO78839,2121381,찬성,2023-12-20
21,BT62420K,2121381,불참,2023-12-20
21,TZP9391O,2121381,찬성,2023-12-20
21,6V37131U,2121381,불참,2023-12-20
21,71J2365L,2121381,불참,2023-12-20
21,6EN68926,2121381,불참,2023-12-20
21,1BX7234U,2121381,찬성,2023-12-20
21,LBC8144B,2121381,찬성,2023-12-20
21,NLR6572J,2121381,찬성,2023-12-20
21,L7T64271,2121381,찬성,2023-12-20
21,4X525582,2121381,찬성,2023-12-20
21,GKD32201,2121381,찬성,2023-12-20
21,S741317G,2121381,찬성,2023-12-20
21,2N793392,2121381,찬성,2023-12-20
21,LM13674V,2121381,불참,2023-12-20
21,JVB6983V,2121381,찬성,2023-12-20
21,GP07421U,2121381,찬성,2023-12-20
21,FGI27280,2121381,찬성,2023-12-20
21,D4L60530,2121381,찬성,2023-12-20
21,NTT8182Q,2121381,찬성,2023-12-20
21,A3H7195R,2121381,불참,2023-12-20
21,ZYH1940A,2121381,불참,2023-12-20
21,0VU8517U,2121381,불참,2023-12-20
21,WJL30106,2121381,불참,2023-12-20
21,KNM3215T,2121381,불참,2023-12-20
21,HKJ99607,2121381,불참,2023-12-20
21,MY318392,2121381,찬성,2023-12-20
21,GF286398,2121381,찬성,2023-12-20
21,H5476989,2121381,찬성,2023-12-20
21,6FS10566,2121381,찬성,2023-12-20
21,MO52543L,2121381,불참,2023-12-20
21,WTR5885Y,2121381,찬성,2023-12-20
21,IOW1101J,2121381,불참,2023-12-20
21,25I8709Q,2121381,찬성,2023-12-20
21,XWX1513T,2121381,불참,2023-12-20
21,LG63087O,2121381,찬성,2023-12-20
21,OW53107J,2121381,불참,2023-12-20
21,PEP6922S,2121381,찬성,2023-12-20
21,DAN6731C,2121381,찬성,2023-12-20
21,VG24001G,2121381,불참,2023-12-20
21,Z7Y7827F,2121381,불참,2023-12-20
21,ATB59635,2121381,불참,2023-12-20
21,FU87526G,2121381,찬성,2023-12-20
21,S9U45255,2121381,찬성,2023-12-20
21,P0F1530P,2121381,불참,2023-12-20
21,LQW3652K,2121381,찬성,2023-12-20
21,UB114374,2121381,찬성,2023-12-20
21,7JC3239L,2121381,찬성,2023-12-20
21,N4R2421C,2121381,찬성,2023-12-20
21,O7R5461J,2121381,찬성,2023-12-20
21,8VJ8533R,2121381,찬성,2023-12-20
21,1Y73132H,2121381,찬성,2023-12-20
21,I0S53762,2121381,찬성,2023-12-20
21,04T3751T,2121381,찬성,2023-12-20
21,6U243644,2121381,찬성,2023-12-20
21,KFS1358P,2121381,찬성,2023-12-20
21,QUM8288K,2121381,불참,2023-12-20
21,S824682L,2121381,찬성,2023-12-20
21,YLS4431M,2121381,불참,2023-12-20
21,MNZ4401T,2121381,불참,2023-12-20
21,16D7652C,2121381,불참,2023-12-20
21,MLH1404S,2121381,불참,2023-12-20
21,XR24352K,2121381,찬성,2023-12-20
21,JEZ3130Q,2121381,찬성,2023-12-20
21,K3W33496,2121381,찬성,2023-12-20
21,4019850M,2121381,찬성,2023-12-20
21,9YO73104,2121381,찬성,2023-12-20
21,EMC8812P,2121381,찬성,2023-12-20
21,XSP20229,2121381,찬성,2023-12-20
21,FYI20317,2121381,찬성,2023-12-20
21,9D939735,2121381,찬성,2023-12-20
21,5KV82250,2121381,찬성,2023-12-20
21,JNL7001A,2104171,찬성,2020-09-24
21,GKD32201,2104171,찬성,2020-09-24
21,3TO11703,2104171,찬성,2020-09-24
21,S741317G,2104171,찬성,2020-09-24
21,2N793392,2104171,찬성,2020-09-24
21,66W6739S,2104171,찬성,2020-09-24
21,LM13674V,2104171,불참,2020-09-24
21,DAY6557K,2104171,불참,2020-09-24
21,A0P4646G,2104171,찬성,2020-09-24
21,7I09543O,2104171,찬성,2020-09-24
21,1X376850,2104171,찬성,2020-09-24
21,3DK8989T,2104171,기권,2020-09-24
21,7469929V,2104171,찬성,2020-09-24
21,D4L60530,2104171,찬성,2020-09-24
21,M6H1705E,2104171,찬성,2020-09-24
21,OFE45081,2104171,찬성,2020-09-24
21,NTT8182Q,2104171,찬성,2020-09-24
21,ZYH1940A,2104171,불참,2020-09-24
21,NZF1659U,2104171,찬성,2020-09-24
21,WDS6044S,2104171,찬성,2020-09-24
21,SRP7336N,2104171,불참,2020-09-24
21,WJL30106,2104171,찬성,2020-09-24
21,KNM3215T,2104171,찬성,2020-09-24
21,60490713,2104171,찬성,2020-09-24
21,UM51067K,2104171,찬성,2020-09-24
21,HKJ99607,2104171,찬성,2020-09-24
21,1WE5693J,2104171,찬성,2020-09-24
21,MY318392,2104171,찬성,2020-09-24
21,4T026790,2104171,찬성,2020-09-24
21,EH27538E,2104171,찬성,2020-09-24
21,WFU14784,2104171,찬성,2020-09-24
21,SU53086M,2104171,찬성,2020-09-24
21,GF286398,2104171,찬성,2020-09-24
21,4L695580,2104171,찬성,2020-09-24
21,40E3739H,2104171,찬성,2020-09-24
21,RPN2293B,2104171,찬성,2020-09-24
21,V429892C,2104171,찬성,2020-09-24
21,2385336L,2104171,찬성,2020-09-24
21,IN328264,2104171,찬성,2020-09-24
21,XBT9550Q,2104171,찬성,2020-09-24
21,MO52543L,2104171,불참,2020-09-24
21,0827740Q,2104171,찬성,2020-09-24
21,0W194007,2104171,찬성,2020-09-24
21,X1K3667J,2104171,찬성,2020-09-24
21,NCP9875N,2104171,찬성,2020-09-24
21,WTR5885Y,2104171,찬성,2020-09-24
21,3425169D,2104171,찬성,2020-09-24
21,IOW1101J,2104171,기권,2020-09-24
21,ICH23251,2104171,찬성,2020-09-24
21,25I8709Q,2104171,찬성,2020-09-24
21,OIA3741M,2104171,찬성,2020-09-24
21,CT85313K,2104171,찬성,2020-09-24
21,PAO22428,2104171,찬성,2020-09-24
21,BLC8630L,2104171,찬성,2020-09-24
21,0767470D,2104171,찬성,2020-09-24
21,LG63087O,2104171,찬성,2020-09-24
21,PEP6922S,2104171,찬성,2020-09-24
21,DAN6731C,2104171,찬성,2020-09-24
21,VG24001G,2104171,찬성,2020-09-24
21,L2I9861C,2104171,기권,2020-09-24
21,SVH3899R,2104171,기권,2020-09-24
21,I434361W,2104171,찬성,2020-09-24
21,IOW8224X,2104171,찬성,2020-09-24
21,9JF4562W,2104171,찬성,2020-09-24
21,Y7K5946R,2104171,찬성,2020-09-24
21,SBK1544B,2104171,찬성,2020-09-24
21,KUO3574J,2104171,찬성,2020-09-24
21,8SV6917G,2104171,불참,2020-09-24
21,8FC9697X,2104171,찬성,2020-09-24
21,QKO6165V,2104171,찬성,2020-09-24
21,GD131760,2104171,기권,2020-09-24
21,ZRF3039U,2104171,찬성,2020-09-24
21,V0O5343U,2104171,찬성,2020-09-24
21,68P7228G,2104171,찬성,2020-09-24
21,XPP2564T,2104171,찬성,2020-09-24
21,FRN1867O,2104171,찬성,2020-09-24
21,PFG2137X,2104171,찬성,2020-09-24
21,0YT3774N,2104171,찬성,2020-09-24
21,7JC3239L,2104171,찬성,2020-09-24
21,40S1959J,2104171,찬성,2020-09-24
21,8KF7223D,2104171,찬성,2020-09-24
21,CNZ51556,2104171,찬성,2020-09-24
21,N4R2421C,2104171,불참,2020-09-24
21,3C23171A,2104171,찬성,2020-09-24
21,GDG1847Z,2104171,찬성,2020-09-24
21,LNR7932L,2104171,찬성,2020-09-24
21,O7R5461J,2104171,찬성,2020-09-24
21,TVF3669B,2104171,기권,2020-09-24
21,7R156073,2104171,찬성,2020-09-24
21,6AR6743G,2104171,찬성,2020-09-24
21,J2O8643H,2104171,찬성,2020-09-24
21,6AU2417B,2104171,찬성,2020-09-24
21,8VJ8533R,2104171,찬성,2020-09-24
21,GX22581L,2104171,불참,2020-09-24
21,SE233396,2104171,찬성,2020-09-24
21,52P3934K,2104171,찬성,2020-09-24
21,B7H6207C,2104171,찬성,2020-09-24
21,4U29186R,2104171,찬성,2020-09-24
21,F5Y4026Q,2104171,찬성,2020-09-24
21,WHV3448W,2104171,찬성,2020-09-24
21,1Y73132H,2104171,찬성,2020-09-24
21,TKJ4800F,2104171,찬성,2020-09-24
21,O6D8329R,2104171,찬성,2020-09-24
21,MSY7784L,2104171,불참,2020-09-24
21,5MD4184K,2104171,찬성,2020-09-24
21,5K93695T,2104171,찬성,2020-09-24
21,DPZ7685X,2104171,찬성,2020-09-24
21,A494529E,2104171,찬성,2020-09-24
21,CAA7713A,2104171,불참,2020-09-24
21,0PK7354M,2104171,찬성,2020-09-24
21,CZB4125D,2104171,찬성,2020-09-24
21,Z6R3959C,2104171,불참,2020-09-24
21,UGH6481E,2104171,찬성,2020-09-24
21,S824682L,2104171,찬성,2020-09-24
21,Q9H5708M,2104171,찬성,2020-09-24
21,JZY9937U,2104171,찬성,2020-09-24
21,MRK4871S,2104171,찬성,2020-09-24
21,YKW37422,2104171,불참,2020-09-24
21,2NV6751W,2104171,찬성,2020-09-24
21,M7O7878U,2104171,찬성,2020-09-24
21,3ZR4438W,2104171,불참,2020-09-24
21,16D7652C,2104171,찬성,2020-09-24
21,KB04377U,2104171,기권,2020-09-24
21,FU53642G,2104171,찬성,2020-09-24
21,8VY63414,2104171,찬성,2020-09-24
21,XR24352K,2104171,찬성,2020-09-24
21,QQP4727N,2104171,찬성,2020-09-24
21,IUL4848V,2104171,찬성,2020-09-24
21,BCQ55105,2104171,찬성,2020-09-24
21,LJK4960Z,2104171,찬성,2020-09-24
21,K3W33496,2104171,찬성,2020-09-24
21,DBA1057Z,2104171,찬성,2020-09-24
21,CI15627C,2104171,불참,2020-09-24
21,21N57758,2104171,찬성,2020-09-24
21,C7E79345,2104171,찬성,2020-09-24
21,UQ282145,2104171,찬성,2020-09-24
21,TRE2429O,2104171,찬성,2020-09-24
21,EMC8812P,2104171,불참,2020-09-24
21,XJC13432,2104171,찬성,2020-09-24
21,T465023H,2104171,찬성,2020-09-24
21,RQQ3807K,2104171,찬성,2020-09-24
21,FH777496,2104171,찬성,2020-09-24
21,FYI20317,2104171,찬성,2020-09-24
21,GX38539O,2104171,찬성,2020-09-24
21,WVU2479T,2104171,찬성,2020-09-24
21,9D939735,2104171,찬성,2020-09-24
21,QTW6852F,2104171,찬성,2020-09-24
21,7XY7109I,2104171,찬성,2020-09-24
21,TST4507I,2104171,찬성,2020-09-24
21,JC14718Q,2104171,찬성,2020-09-24
21,5KV82250,2104171,기권,2020-09-24
21,L7J93733,2104171,찬성,2020-09-24
21,LT72093S,2104171,찬성,2020-09-24
21,6YT83269,2104171,찬성,2020-09-24
21,1MU99298,2104171,찬성,2020-09-24
21,FDC3144T,2104171,불참,2020-09-24
21,SQ36001H,2104171,찬성,2020-09-24
21,9LD2641Q,2104171,불참,2020-09-24
21,FOK3459D,2104171,찬성,2020-09-24
21,QUO78839,2104171,찬성,2020-09-24
21,MD083627,2104171,찬성,2020-09-24
21,TZP9391O,2104171,찬성,2020-09-24
21,6V37131U,2104171,찬성,2020-09-24
21,FJK3396E,2104171,찬성,2020-09-24
21,71J2365L,2104171,찬성,2020-09-24
21,7O71647Z,2104171,찬성,2020-09-24
21,E1J8836Y,2104171,불참,2020-09-24
21,6EN68926,2104171,불참,2020-09-24
21,1BX7234U,2104171,찬성,2020-09-24
21,9S151177,2104171,찬성,2020-09-24
21,TZ228122,2104171,찬성,2020-09-24
21,9V18755A,2104171,찬성,2020-09-24
21,PO64874I,2104171,불참,2020-09-24
21,I0S53762,2104171,불참,2020-09-24
21,LH97552Q,2104171,찬성,2020-09-24
21,04T3751T,2104171,찬성,2020-09-24
21,EVH1507C,2104171,찬성,2020-09-24
21,K5F2023J,2104171,찬성,2020-09-24
21,14M56632,2104171,찬성,2020-09-24
21,N9X9673B,2104171,찬성,2020-09-24
21,TP066860,2104171,찬성,2020-09-24
21,6U243644,2104171,찬성,2020-09-24
21,E9R4507P,2104171,찬성,2020-09-24
21,UHB5553T,2104171,찬성,2020-09-24
21,KFS1358P,2104171,찬성,2020-09-24
21,J9S37905,2104171,불참,2020-09-24
21,VRY5522V,2104171,찬성,2020-09-24
21,O0I2045I,2104171,찬성,2020-09-24
21,QUM8288K,2104171,찬성,2020-09-24
21,W4X85128,2104171,불참,2020-09-24
21,CFE3998F,2104171,불참,2020-09-24
21,BM63269Y,2104171,찬성,2020-09-24
21,YLS4431M,2104171,기권,2020-09-24
21,MNZ4401T,2104171,찬성,2020-09-24
21,HSS7466Y,2104171,찬성,2020-09-24
21,MLH1404S,2104171,찬성,2020-09-24
21,JEZ3130Q,2104171,찬성,2020-09-24
21,9L57027L,2104171,반대,2020-09-24
21,GOC54665,2104171,찬성,2020-09-24
21,5UN9725L,2104171,찬성,2020-09-24
21,M2Q9024I,2104171,찬성,2020-09-24
21,4019850M,2104171,찬성,2020-09-24
21,9YO73104,2104171,불참,2020-09-24
21,E6U4345C,2104171,찬성,2020-09-24
21,7BM2933Y,2104171,찬성,2020-09-24
21,CDL93608,2104171,찬성,2020-09-24
21,2UD1340H,2104171,찬성,2020-09-24
21,9VR65006,2104171,찬성,2020-09-24
21,X7I4680R,2104171,찬성,2020-09-24
21,D0C85236,2104171,찬성,2020-09-24
21,XSP20229,2104171,찬성,2020-09-24
21,3RW63706,2104171,찬성,2020-09-24
21,8X15119P,2104171,기권,2020-09-24
21,ZYP7962W,2104171,찬성,2020-09-24
21,CNW5754J,2104171,찬성,2020-09-24
21,3249208I,2104171,불참,2020-09-24
21,8Q88373R,2104171,불참,2020-09-24
21,XEF29171,2104171,찬성,2020-09-24
21,DAV7257X,2104171,찬성,2020-09-24
21,GE71932C,2104171,찬성,2020-09-24
21,17M85910,2104171,찬성,2020-09-24
21,G152611B,2104171,찬성,2020-09-24
21,I7R13867,2104171,찬성,2020-09-24
21,G1570880,2104171,찬성,2020-09-24
21,BT62420K,2104171,찬성,2020-09-24
21,LPB30152,2104171,찬성,2020-09-24
21,OSV9142K,2104171,찬성,2020-09-24
21,B7R2742J,2104171,찬성,2020-09-24
21,ZDP5704Q,2104171,찬성,2020-09-24
21,W1Q6753M,2104171,찬성,2020-09-24
21,MHK9919B,2104171,찬성,2020-09-24
21,RD42006Y,2104171,찬성,2020-09-24
21,QHL3248U,2104171,찬성,2020-09-24
21,AE685067,2104171,찬성,2020-09-24
21,TJW93720,2104171,찬성,2020-09-24
21,XA42275R,2104171,찬성,2020-09-24
21,L7T64271,2104171,찬성,2020-09-24
21,4X525582,2104171,찬성,2020-09-24
21,G7512472,2104171,찬성,2020-09-24
21,CCU1009B,2104171,찬성,2020-09-24
21,MU69217P,2104171,찬성,2020-09-24
21,QD25323M,2104171,찬성,2020-09-24
21,GP07421U,2104171,찬성,2020-09-24
21,FGI27280,2104171,찬성,2020-09-24
21,USR7059P,2104171,기권,2020-09-24
21,4XG1439M,2104171,찬성,2020-09-24
21,P2N50879,2104171,찬성,2020-09-24
21,A2V51235,2104171,찬성,2020-09-24
21,09I2323E,2104171,찬성,2020-09-24
21,A3H7195R,2104171,찬성,2020-09-24
21,0VU8517U,2104171,찬성,2020-09-24
21,M0A1658U,2104171,찬성,2020-09-24
21,HSW1214Q,2104171,찬성,2020-09-24
21,3BC6890E,2104171,찬성,2020-09-24
21,ZDR63255,2104171,찬성,2020-09-24
21,KR14136C,2104171,찬성,2020-09-24
21,5765663F,2104171,찬성,2020-09-24
21,GFF1986K,2104171,찬성,2020-09-24
21,ZKU88693,2104171,찬성,2020-09-24
21,5KV96424,2104171,찬성,2020-09-24
21,M7T9712V,2104171,기권,2020-09-24
21,X3170462,2104171,찬성,2020-09-24
21,8FB1535Y,2104171,찬성,2020-09-24
21,0WL9321T,2104171,찬성,2020-09-24
21,PZA4062H,2104171,찬성,2020-09-24
21,MR210505,2104171,찬성,2020-09-24
21,8348421R,2104171,찬성,2020-09-24
21,H5476989,2104171,찬성,2020-09-24
21,JQA21112,2104171,찬성,2020-09-24
21,HXT76735,2104171,불참,2020-09-24
21,0R68099X,2104171,불참,2020-09-24
21,4A067125,2104171,찬성,2020-09-24
21,ZA54991S,2104171,찬성,2020-09-24
21,WMG57662,2104171,찬성,2020-09-24
21,I5I2468R,2104171,찬성,2020-09-24
21,L5P27909,2104171,찬성,2020-09-24
21,6MO8786S,2104171,찬성,2020-09-24
21,XWX1513T,2104171,찬성,2020-09-24
21,NQR1206Q,2104171,찬성,2020-09-24
21,NAL4555X,2104171,찬성,2020-09-24
21,OW53107J,2104171,찬성,2020-09-24
21,WCD5518S,2104171,찬성,2020-09-24
21,Z7Y7827F,2104171,찬성,2020-09-24
21,ATB59635,2104171,찬성,2020-09-24
21,D6U6678O,2104171,불참,2020-09-24
21,FU87526G,2104171,찬성,2020-09-24
21,S9U45255,2104171,찬성,2020-09-24
21,P0F1530P,2104171,불참,2020-09-24
21,LQW3652K,2104171,기권,2020-09-24
21,RO593601,2104171,찬성,2020-09-24
21,UB114374,2104171,불참,2020-09-24
21,GAV6441G,2104171,찬성,2020-09-24
21,IL74008M,2104171,찬성,2020-09-24
21,8P37634C,2104171,찬성,2020-09-24
21,P2N4585G,2104171,불참,2020-09-24
21,JMY9959W,2104171,찬성,2020-09-24
21,VCP96419,2104171,찬성,2020-09-24
21,B7D7534L,2104171,찬성,2020-09-24
21,AFH96856,2104171,찬성,2020-09-24
21,6399076T,2104171,찬성,2020-09-24
21,JNL7001A,2108875,찬성,2021-03-24
21,L7T64271,2108875,찬성,2021-03-24
21,GKD32201,2108875,찬성,2021-03-24
21,G7512472,2108875,불참,2021-03-24
21,3TO11703,2108875,찬성,2021-03-24
21,S741317G,2108875,찬성,2021-03-24
21,CCU1009B,2108875,찬성,2021-03-24
21,MU69217P,2108875,불참,2021-03-24
21,2N793392,2108875,찬성,2021-03-24
21,66W6739S,2108875,찬성,2021-03-24
21,LM13674V,2108875,찬성,2021-03-24
21,QD25323M,2108875,찬성,2021-03-24
21,DAY6557K,2108875,찬성,2021-03-24
21,FGI27280,2108875,찬성,2021-03-24
21,4XG1439M,2108875,찬성,2021-03-24
21,A0P4646G,2108875,불참,2021-03-24
21,7I09543O,2108875,찬성,2021-03-24
21,1X376850,2108875,찬성,2021-03-24
21,3DK8989T,2108875,불참,2021-03-24
21,7469929V,2108875,불참,2021-03-24
21,D4L60530,2108875,찬성,2021-03-24
21,M6H1705E,2108875,불참,2021-03-24
21,OFE45081,2108875,찬성,2021-03-24
21,09I2323E,2108875,불참,2021-03-24
21,NTT8182Q,2108875,찬성,2021-03-24
21,ZYH1940A,2108875,불참,2021-03-24
21,0VU8517U,2108875,불참,2021-03-24
21,M0A1658U,2108875,찬성,2021-03-24
21,HSW1214Q,2108875,찬성,2021-03-24
21,NZF1659U,2108875,불참,2021-03-24
21,WDS6044S,2108875,불참,2021-03-24
21,3BC6890E,2108875,찬성,2021-03-24
21,ZDR63255,2108875,찬성,2021-03-24
21,KR14136C,2108875,찬성,2021-03-24
21,SRP7336N,2108875,불참,2021-03-24
21,5765663F,2108875,찬성,2021-03-24
21,GFF1986K,2108875,찬성,2021-03-24
21,WJL30106,2108875,불참,2021-03-24
21,5KV96424,2108875,찬성,2021-03-24
21,KNM3215T,2108875,찬성,2021-03-24
21,M7T9712V,2108875,불참,2021-03-24
21,60490713,2108875,찬성,2021-03-24
21,UM51067K,2108875,찬성,2021-03-24
21,HKJ99607,2108875,기권,2021-03-24
21,1WE5693J,2108875,불참,2021-03-24
21,X3170462,2108875,불참,2021-03-24
21,MY318392,2108875,찬성,2021-03-24
21,8FB1535Y,2108875,찬성,2021-03-24
21,4T026790,2108875,찬성,2021-03-24
21,EH27538E,2108875,기권,2021-03-24
21,WFU14784,2108875,찬성,2021-03-24
21,SU53086M,2108875,찬성,2021-03-24
21,0WL9321T,2108875,찬성,2021-03-24
21,PZA4062H,2108875,불참,2021-03-24
21,MR210505,2108875,찬성,2021-03-24
21,GF286398,2108875,찬성,2021-03-24
21,8348421R,2108875,찬성,2021-03-24
21,H5476989,2108875,찬성,2021-03-24
21,JQA21112,2108875,찬성,2021-03-24
21,4L695580,2108875,찬성,2021-03-24
21,40E3739H,2108875,찬성,2021-03-24
21,HXT76735,2108875,찬성,2021-03-24
21,RPN2293B,2108875,찬성,2021-03-24
21,0R68099X,2108875,불참,2021-03-24
21,V429892C,2108875,찬성,2021-03-24
21,4A067125,2108875,불참,2021-03-24
21,2385336L,2108875,찬성,2021-03-24
21,IN328264,2108875,찬성,2021-03-24
21,XBT9550Q,2108875,불참,2021-03-24
21,ZA54991S,2108875,찬성,2021-03-24
21,MO52543L,2108875,찬성,2021-03-24
21,0827740Q,2108875,찬성,2021-03-24
21,0W194007,2108875,기권,2021-03-24
21,X1K3667J,2108875,찬성,2021-03-24
21,WMG57662,2108875,찬성,2021-03-24
21,I5I2468R,2108875,찬성,2021-03-24
21,WTR5885Y,2108875,찬성,2021-03-24
21,L5P27909,2108875,불참,2021-03-24
21,3425169D,2108875,찬성,2021-03-24
21,IOW1101J,2108875,불참,2021-03-24
21,ICH23251,2108875,찬성,2021-03-24
21,25I8709Q,2108875,찬성,2021-03-24
21,OIA3741M,2108875,찬성,2021-03-24
21,XWX1513T,2108875,찬성,2021-03-24
21,CT85313K,2108875,불참,2021-03-24
21,PAO22428,2108875,찬성,2021-03-24
21,BLC8630L,2108875,불참,2021-03-24
21,NQR1206Q,2108875,찬성,2021-03-24
21,0767470D,2108875,찬성,2021-03-24
21,LG63087O,2108875,불참,2021-03-24
21,NAL4555X,2108875,불참,2021-03-24
21,PEP6922S,2108875,찬성,2021-03-24
21,DAN6731C,2108875,불참,2021-03-24
21,VG24001G,2108875,찬성,2021-03-24
21,L2I9861C,2108875,찬성,2021-03-24
21,WCD5518S,2108875,찬성,2021-03-24
21,SVH3899R,2108875,찬성,2021-03-24
21,I434361W,2108875,찬성,2021-03-24
21,IOW8224X,2108875,찬성,2021-03-24
21,9JF4562W,2108875,찬성,2021-03-24
21,Y7K5946R,2108875,기권,2021-03-24
21,Z7Y7827F,2108875,찬성,2021-03-24
21,ATB59635,2108875,찬성,2021-03-24
21,SBK1544B,2108875,찬성,2021-03-24
21,D6U6678O,2108875,찬성,2021-03-24
21,FU87526G,2108875,찬성,2021-03-24
21,S9U45255,2108875,찬성,2021-03-24
21,8SV6917G,2108875,불참,2021-03-24
21,8FC9697X,2108875,찬성,2021-03-24
21,QKO6165V,2108875,찬성,2021-03-24
21,GD131760,2108875,불참,2021-03-24
21,ZRF3039U,2108875,찬성,2021-03-24
21,V0O5343U,2108875,찬성,2021-03-24
21,68P7228G,2108875,찬성,2021-03-24
21,P0F1530P,2108875,불참,2021-03-24
21,XPP2564T,2108875,불참,2021-03-24
21,FRN1867O,2108875,찬성,2021-03-24
21,LQW3652K,2108875,불참,2021-03-24
21,PFG2137X,2108875,찬성,2021-03-24
21,UB114374,2108875,찬성,2021-03-24
21,GAV6441G,2108875,찬성,2021-03-24
21,0YT3774N,2108875,찬성,2021-03-24
21,7JC3239L,2108875,불참,2021-03-24
21,IL74008M,2108875,찬성,2021-03-24
21,8KF7223D,2108875,찬성,2021-03-24
21,8P37634C,2108875,찬성,2021-03-24
21,CNZ51556,2108875,찬성,2021-03-24
21,N4R2421C,2108875,불참,2021-03-24
21,3C23171A,2108875,불참,2021-03-24
21,GDG1847Z,2108875,불참,2021-03-24
21,P2N4585G,2108875,찬성,2021-03-24
21,LNR7932L,2108875,불참,2021-03-24
21,O7R5461J,2108875,찬성,2021-03-24
21,TVF3669B,2108875,불참,2021-03-24
21,JMY9959W,2108875,찬성,2021-03-24
21,7R156073,2108875,불참,2021-03-24
21,6AR6743G,2108875,찬성,2021-03-24
21,J2O8643H,2108875,찬성,2021-03-24
21,VCP96419,2108875,찬성,2021-03-24
21,8VJ8533R,2108875,찬성,2021-03-24
21,B7D7534L,2108875,찬성,2021-03-24
21,GX22581L,2108875,찬성,2021-03-24
21,SE233396,2108875,찬성,2021-03-24
21,AFH96856,2108875,찬성,2021-03-24
21,52P3934K,2108875,불참,2021-03-24
21,B7H6207C,2108875,찬성,2021-03-24
21,6399076T,2108875,찬성,2021-03-24
21,4U29186R,2108875,찬성,2021-03-24
21,F5Y4026Q,2108875,찬성,2021-03-24
21,WHV3448W,2108875,찬성,2021-03-24
21,1Y73132H,2108875,찬성,2021-03-24
21,I0S53762,2108875,불참,2021-03-24
21,LH97552Q,2108875,찬성,2021-03-24
21,TKJ4800F,2108875,찬성,2021-03-24
21,O6D8329R,2108875,찬성,2021-03-24
21,04T3751T,2108875,찬성,2021-03-24
21,MSY7784L,2108875,찬성,2021-03-24
21,EVH1507C,2108875,찬성,2021-03-24
21,K5F2023J,2108875,찬성,2021-03-24
21,N9X9673B,2108875,찬성,2021-03-24
21,5MD4184K,2108875,찬성,2021-03-24
21,TP066860,2108875,불참,2021-03-24
21,5K93695T,2108875,불참,2021-03-24
21,6U243644,2108875,찬성,2021-03-24
21,UHB5553T,2108875,찬성,2021-03-24
21,KFS1358P,2108875,찬성,2021-03-24
21,A494529E,2108875,찬성,2021-03-24
21,VRY5522V,2108875,찬성,2021-03-24
21,CAA7713A,2108875,찬성,2021-03-24
21,0PK7354M,2108875,찬성,2021-03-24
21,CZB4125D,2108875,찬성,2021-03-24
21,Z6R3959C,2108875,불참,2021-03-24
21,QUM8288K,2108875,찬성,2021-03-24
21,UGH6481E,2108875,찬성,2021-03-24
21,S824682L,2108875,불참,2021-03-24
21,W4X85128,2108875,불참,2021-03-24
21,Q9H5708M,2108875,찬성,2021-03-24
21,CFE3998F,2108875,찬성,2021-03-24
21,MRK4871S,2108875,찬성,2021-03-24
21,YKW37422,2108875,불참,2021-03-24
21,2NV6751W,2108875,찬성,2021-03-24
21,BM63269Y,2108875,불참,2021-03-24
21,M7O7878U,2108875,찬성,2021-03-24
21,YLS4431M,2108875,불참,2021-03-24
21,MNZ4401T,2108875,찬성,2021-03-24
21,3ZR4438W,2108875,불참,2021-03-24
21,HSS7466Y,2108875,찬성,2021-03-24
21,FU53642G,2108875,찬성,2021-03-24
21,MLH1404S,2108875,찬성,2021-03-24
21,8VY63414,2108875,찬성,2021-03-24
21,XR24352K,2108875,찬성,2021-03-24
21,QQP4727N,2108875,불참,2021-03-24
21,IUL4848V,2108875,찬성,2021-03-24
21,JEZ3130Q,2108875,찬성,2021-03-24
21,BCQ55105,2108875,찬성,2021-03-24
21,9L57027L,2108875,찬성,2021-03-24
21,GOC54665,2108875,찬성,2021-03-24
21,LJK4960Z,2108875,찬성,2021-03-24
21,K3W33496,2108875,찬성,2021-03-24
21,M2Q9024I,2108875,불참,2021-03-24
21,CI15627C,2108875,찬성,2021-03-24
21,21N57758,2108875,불참,2021-03-24
21,C7E79345,2108875,불참,2021-03-24
21,4019850M,2108875,찬성,2021-03-24
21,UQ282145,2108875,찬성,2021-03-24
21,TRE2429O,2108875,찬성,2021-03-24
21,E6U4345C,2108875,찬성,2021-03-24
21,7BM2933Y,2108875,찬성,2021-03-24
21,CDL93608,2108875,찬성,2021-03-24
21,2UD1340H,2108875,찬성,2021-03-24
21,EMC8812P,2108875,기권,2021-03-24
21,XJC13432,2108875,불참,2021-03-24
21,T465023H,2108875,찬성,2021-03-24
21,RQQ3807K,2108875,찬성,2021-03-24
21,FH777496,2108875,찬성,2021-03-24
21,FYI20317,2108875,찬성,2021-03-24
21,8X15119P,2108875,불참,2021-03-24
21,ZYP7962W,2108875,불참,2021-03-24
21,CNW5754J,2108875,찬성,2021-03-24
21,GX38539O,2108875,찬성,2021-03-24
21,WVU2479T,2108875,찬성,2021-03-24
21,9D939735,2108875,찬성,2021-03-24
21,QTW6852F,2108875,불참,2021-03-24
21,7XY7109I,2108875,불참,2021-03-24
21,TST4507I,2108875,불참,2021-03-24
21,JC14718Q,2108875,찬성,2021-03-24
21,5KV82250,2108875,불참,2021-03-24
21,L7J93733,2108875,찬성,2021-03-24
21,LT72093S,2108875,찬성,2021-03-24
21,GE71932C,2108875,찬성,2021-03-24
21,6YT83269,2108875,찬성,2021-03-24
21,1MU99298,2108875,찬성,2021-03-24
21,FDC3144T,2108875,찬성,2021-03-24
21,17M85910,2108875,찬성,2021-03-24
21,G152611B,2108875,불참,2021-03-24
21,I7R13867,2108875,불참,2021-03-24
21,SQ36001H,2108875,찬성,2021-03-24
21,9LD2641Q,2108875,찬성,2021-03-24
21,FOK3459D,2108875,찬성,2021-03-24
21,QUO78839,2108875,불참,2021-03-24
21,BT62420K,2108875,찬성,2021-03-24
21,LPB30152,2108875,불참,2021-03-24
21,MD083627,2108875,찬성,2021-03-24
21,TZP9391O,2108875,불참,2021-03-24
21,6V37131U,2108875,찬성,2021-03-24
21,B7R2742J,2108875,찬성,2021-03-24
21,FJK3396E,2108875,찬성,2021-03-24
21,71J2365L,2108875,찬성,2021-03-24
21,7O71647Z,2108875,찬성,2021-03-24
21,W1Q6753M,2108875,찬성,2021-03-24
21,E1J8836Y,2108875,찬성,2021-03-24
21,RD42006Y,2108875,찬성,2021-03-24
21,6EN68926,2108875,불참,2021-03-24
21,1BX7234U,2108875,찬성,2021-03-24
21,QHL3248U,2108875,찬성,2021-03-24
21,AE685067,2108875,찬성,2021-03-24
21,9S151177,2108875,찬성,2021-03-24
21,TZ228122,2108875,찬성,2021-03-24
21,9V18755A,2108875,찬성,2021-03-24
21,PO64874I,2108875,찬성,2021-03-24
21,4X525582,2108875,불참,2021-03-24
21,XA42275R,2108875,찬성,2021-03-24
21,USR7059P,2108875,찬성,2021-03-24
21,P2N50879,2108875,찬성,2021-03-24
21,A2V51235,2108875,찬성,2021-03-24
21,A3H7195R,2108875,불참,2021-03-24
21,ZKU88693,2108875,찬성,2021-03-24
21,NCP9875N,2108875,찬성,2021-03-24
21,6MO8786S,2108875,찬성,2021-03-24
21,OW53107J,2108875,찬성,2021-03-24
21,KUO3574J,2108875,찬성,2021-03-24
21,RO593601,2108875,불참,2021-03-24
21,40S1959J,2108875,찬성,2021-03-24
21,6AU2417B,2108875,찬성,2021-03-24
21,14M56632,2108875,불참,2021-03-24
21,DPZ7685X,2108875,기권,2021-03-24
21,E9R4507P,2108875,찬성,2021-03-24
21,J9S37905,2108875,찬성,2021-03-24
21,O0I2045I,2108875,찬성,2021-03-24
21,JZY9937U,2108875,찬성,2021-03-24
21,16D7652C,2108875,찬성,2021-03-24
21,KB04377U,2108875,불참,2021-03-24
21,5UN9725L,2108875,불참,2021-03-24
21,DBA1057Z,2108875,찬성,2021-03-24
21,9YO73104,2108875,불참,2021-03-24
21,9VR65006,2108875,불참,2021-03-24
21,X7I4680R,2108875,찬성,2021-03-24
21,D0C85236,2108875,찬성,2021-03-24
21,XSP20229,2108875,불참,2021-03-24
21,3RW63706,2108875,찬성,2021-03-24
21,3249208I,2108875,찬성,2021-03-24
21,8Q88373R,2108875,찬성,2021-03-24
21,XEF29171,2108875,찬성,2021-03-24
21,DAV7257X,2108875,찬성,2021-03-24
21,G1570880,2108875,찬성,2021-03-24
21,OSV9142K,2108875,찬성,2021-03-24
21,ZDP5704Q,2108875,찬성,2021-03-24
21,MHK9919B,2108875,불참,2021-03-24
21,TJW93720,2108875,찬성,2021-03-24
21,GP07421U,2108875,찬성,2021-03-24
21,JNL7001A,2100749,불참,2020-11-19
21,GKD32201,2100749,찬성,2020-11-19
21,S741317G,2100749,찬성,2020-11-19
21,2N793392,2100749,찬성,2020-11-19
21,LM13674V,2100749,찬성,2020-11-19
21,1X376850,2100749,불참,2020-11-19
21,7469929V,2100749,찬성,2020-11-19
21,D4L60530,2100749,찬성,2020-11-19
21,M6H1705E,2100749,찬성,2020-11-19
21,OFE45081,2100749,찬성,2020-11-19
21,NTT8182Q,2100749,찬성,2020-11-19
21,NZF1659U,2100749,찬성,2020-11-19
21,WDS6044S,2100749,불참,2020-11-19
21,SRP7336N,2100749,반대,2020-11-19
21,GFF1986K,2100749,찬성,2020-11-19
21,WJL30106,2100749,찬성,2020-11-19
21,60490713,2100749,찬성,2020-11-19
21,UM51067K,2100749,찬성,2020-11-19
21,HKJ99607,2100749,불참,2020-11-19
21,4T026790,2100749,찬성,2020-11-19
21,EH27538E,2100749,찬성,2020-11-19
21,WFU14784,2100749,찬성,2020-11-19
21,GF286398,2100749,찬성,2020-11-19
21,H5476989,2100749,찬성,2020-11-19
21,4L695580,2100749,찬성,2020-11-19
21,40E3739H,2100749,찬성,2020-11-19
21,V429892C,2100749,찬성,2020-11-19
21,2385336L,2100749,찬성,2020-11-19
21,IN328264,2100749,찬성,2020-11-19
21,0827740Q,2100749,찬성,2020-11-19
21,0W194007,2100749,찬성,2020-11-19
21,X1K3667J,2100749,찬성,2020-11-19
21,WTR5885Y,2100749,찬성,2020-11-19
21,IOW1101J,2100749,기권,2020-11-19
21,25I8709Q,2100749,찬성,2020-11-19
21,OIA3741M,2100749,찬성,2020-11-19
21,PAO22428,2100749,불참,2020-11-19
21,BLC8630L,2100749,불참,2020-11-19
21,0767470D,2100749,불참,2020-11-19
21,LG63087O,2100749,찬성,2020-11-19
21,PEP6922S,2100749,찬성,2020-11-19
21,DAN6731C,2100749,기권,2020-11-19
21,VG24001G,2100749,찬성,2020-11-19
21,I434361W,2100749,찬성,2020-11-19
21,9JF4562W,2100749,불참,2020-11-19
21,SBK1544B,2100749,찬성,2020-11-19
21,8SV6917G,2100749,불참,2020-11-19
21,ZRF3039U,2100749,찬성,2020-11-19
21,V0O5343U,2100749,불참,2020-11-19
21,68P7228G,2100749,불참,2020-11-19
21,PFG2137X,2100749,찬성,2020-11-19
21,GAV6441G,2100749,찬성,2020-11-19
21,7JC3239L,2100749,찬성,2020-11-19
21,CNZ51556,2100749,찬성,2020-11-19
21,N4R2421C,2100749,불참,2020-11-19
21,3C23171A,2100749,찬성,2020-11-19
21,GDG1847Z,2100749,찬성,2020-11-19
21,LNR7932L,2100749,불참,2020-11-19
21,O7R5461J,2100749,찬성,2020-11-19
21,7R156073,2100749,불참,2020-11-19
21,J2O8643H,2100749,불참,2020-11-19
21,VCP96419,2100749,찬성,2020-11-19
21,8VJ8533R,2100749,찬성,2020-11-19
21,GX22581L,2100749,불참,2020-11-19
21,SE233396,2100749,찬성,2020-11-19
21,52P3934K,2100749,찬성,2020-11-19
21,6399076T,2100749,찬성,2020-11-19
21,F5Y4026Q,2100749,찬성,2020-11-19
21,MSY7784L,2100749,불참,2020-11-19
21,5MD4184K,2100749,찬성,2020-11-19
21,5K93695T,2100749,찬성,2020-11-19
21,DPZ7685X,2100749,기권,2020-11-19
21,KFS1358P,2100749,찬성,2020-11-19
21,A494529E,2100749,찬성,2020-11-19
21,CZB4125D,2100749,불참,2020-11-19
21,Z6R3959C,2100749,불참,2020-11-19
21,UGH6481E,2100749,찬성,2020-11-19
21,S824682L,2100749,찬성,2020-11-19
21,Q9H5708M,2100749,찬성,2020-11-19
21,2NV6751W,2100749,찬성,2020-11-19
21,8VY63414,2100749,찬성,2020-11-19
21,QQP4727N,2100749,불참,2020-11-19
21,LJK4960Z,2100749,찬성,2020-11-19
21,K3W33496,2100749,찬성,2020-11-19
21,CI15627C,2100749,불참,2020-11-19
21,21N57758,2100749,불참,2020-11-19
21,TRE2429O,2100749,불참,2020-11-19
21,2UD1340H,2100749,찬성,2020-11-19
21,EMC8812P,2100749,불참,2020-11-19
21,T465023H,2100749,찬성,2020-11-19
21,FH777496,2100749,찬성,2020-11-19
21,FYI20317,2100749,찬성,2020-11-19
21,9D939735,2100749,찬성,2020-11-19
21,7XY7109I,2100749,찬성,2020-11-19
21,TST4507I,2100749,찬성,2020-11-19
21,JC14718Q,2100749,찬성,2020-11-19
21,5KV82250,2100749,찬성,2020-11-19
21,L7J93733,2100749,찬성,2020-11-19
21,6YT83269,2100749,찬성,2020-11-19
21,1MU99298,2100749,찬성,2020-11-19
21,FDC3144T,2100749,기권,2020-11-19
21,SQ36001H,2100749,찬성,2020-11-19
21,9LD2641Q,2100749,찬성,2020-11-19
21,FOK3459D,2100749,찬성,2020-11-19
21,71J2365L,2100749,찬성,2020-11-19
21,7O71647Z,2100749,찬성,2020-11-19
21,6EN68926,2100749,불참,2020-11-19
21,1BX7234U,2100749,찬성,2020-11-19
21,QHL3248U,2100749,찬성,2020-11-19
21,9V18755A,2100749,찬성,2020-11-19
21,KB04377U,2100749,불참,2020-11-19
21,FU53642G,2100749,찬성,2020-11-19
21,MLH1404S,2100749,찬성,2020-11-19
21,XR24352K,2100749,찬성,2020-11-19
21,IUL4848V,2100749,찬성,2020-11-19
21,JEZ3130Q,2100749,기권,2020-11-19
21,BCQ55105,2100749,찬성,2020-11-19
21,9L57027L,2100749,찬성,2020-11-19
21,GOC54665,2100749,찬성,2020-11-19
21,5UN9725L,2100749,불참,2020-11-19
21,M2Q9024I,2100749,불참,2020-11-19
21,DBA1057Z,2100749,찬성,2020-11-19
21,C7E79345,2100749,불참,2020-11-19
21,4019850M,2100749,찬성,2020-11-19
21,UQ282145,2100749,찬성,2020-11-19
21,9YO73104,2100749,찬성,2020-11-19
21,E6U4345C,2100749,찬성,2020-11-19
21,7BM2933Y,2100749,찬성,2020-11-19
21,CDL93608,2100749,찬성,2020-11-19
21,9VR65006,2100749,불참,2020-11-19
21,X7I4680R,2100749,찬성,2020-11-19
21,XJC13432,2100749,찬성,2020-11-19
21,D0C85236,2100749,찬성,2020-11-19
21,XSP20229,2100749,찬성,2020-11-19
21,3RW63706,2100749,찬성,2020-11-19
21,RQQ3807K,2100749,찬성,2020-11-19
21,8X15119P,2100749,찬성,2020-11-19
21,ZYP7962W,2100749,찬성,2020-11-19
21,CNW5754J,2100749,찬성,2020-11-19
21,3249208I,2100749,찬성,2020-11-19
21,GX38539O,2100749,찬성,2020-11-19
21,8Q88373R,2100749,불참,2020-11-19
21,XEF29171,2100749,찬성,2020-11-19
21,WVU2479T,2100749,찬성,2020-11-19
21,QTW6852F,2100749,찬성,2020-11-19
21,DAV7257X,2100749,찬성,2020-11-19
21,LT72093S,2100749,찬성,2020-11-19
21,GE71932C,2100749,찬성,2020-11-19
21,17M85910,2100749,찬성,2020-11-19
21,G152611B,2100749,찬성,2020-11-19
21,I7R13867,2100749,찬성,2020-11-19
21,G1570880,2100749,찬성,2020-11-19
21,QUO78839,2100749,찬성,2020-11-19
21,BT62420K,2100749,불참,2020-11-19
21,LPB30152,2100749,찬성,2020-11-19
21,MD083627,2100749,찬성,2020-11-19
21,TZP9391O,2100749,찬성,2020-11-19
21,6V37131U,2100749,찬성,2020-11-19
21,OSV9142K,2100749,찬성,2020-11-19
21,B7R2742J,2100749,찬성,2020-11-19
21,FJK3396E,2100749,찬성,2020-11-19
21,ZDP5704Q,2100749,찬성,2020-11-19
21,W1Q6753M,2100749,찬성,2020-11-19
21,MHK9919B,2100749,기권,2020-11-19
21,E1J8836Y,2100749,찬성,2020-11-19
21,RD42006Y,2100749,찬성,2020-11-19
21,AE685067,2100749,찬성,2020-11-19
21,TJW93720,2100749,찬성,2020-11-19
21,9S151177,2100749,찬성,2020-11-19
21,TZ228122,2100749,찬성,2020-11-19
21,XA42275R,2100749,찬성,2020-11-19
21,PO64874I,2100749,불참,2020-11-19
21,IOW8224X,2100749,찬성,2020-11-19
21,Y7K5946R,2100749,찬성,2020-11-19
21,Z7Y7827F,2100749,찬성,2020-11-19
21,ATB59635,2100749,찬성,2020-11-19
21,KUO3574J,2100749,찬성,2020-11-19
21,D6U6678O,2100749,찬성,2020-11-19
21,FU87526G,2100749,찬성,2020-11-19
21,S9U45255,2100749,찬성,2020-11-19
21,8FC9697X,2100749,찬성,2020-11-19
21,QKO6165V,2100749,찬성,2020-11-19
21,GD131760,2100749,찬성,2020-11-19
21,P0F1530P,2100749,불참,2020-11-19
21,XPP2564T,2100749,불참,2020-11-19
21,FRN1867O,2100749,찬성,2020-11-19
21,LQW3652K,2100749,불참,2020-11-19
21,RO593601,2100749,찬성,2020-11-19
21,UB114374,2100749,기권,2020-11-19
21,0YT3774N,2100749,찬성,2020-11-19
21,40S1959J,2100749,찬성,2020-11-19
21,IL74008M,2100749,찬성,2020-11-19
21,8KF7223D,2100749,찬성,2020-11-19
21,8P37634C,2100749,찬성,2020-11-19
21,P2N4585G,2100749,찬성,2020-11-19
21,TVF3669B,2100749,찬성,2020-11-19
21,JMY9959W,2100749,찬성,2020-11-19
21,6AR6743G,2100749,찬성,2020-11-19
21,6AU2417B,2100749,찬성,2020-11-19
21,B7D7534L,2100749,찬성,2020-11-19
21,AFH96856,2100749,찬성,2020-11-19
21,B7H6207C,2100749,찬성,2020-11-19
21,4U29186R,2100749,찬성,2020-11-19
21,WHV3448W,2100749,찬성,2020-11-19
21,1Y73132H,2100749,불참,2020-11-19
21,I0S53762,2100749,불참,2020-11-19
21,LH97552Q,2100749,찬성,2020-11-19
21,TKJ4800F,2100749,찬성,2020-11-19
21,O6D8329R,2100749,불참,2020-11-19
21,04T3751T,2100749,찬성,2020-11-19
21,EVH1507C,2100749,찬성,2020-11-19
21,K5F2023J,2100749,불참,2020-11-19
21,14M56632,2100749,찬성,2020-11-19
21,N9X9673B,2100749,찬성,2020-11-19
21,TP066860,2100749,불참,2020-11-19
21,6U243644,2100749,기권,2020-11-19
21,E9R4507P,2100749,불참,2020-11-19
21,UHB5553T,2100749,찬성,2020-11-19
21,J9S37905,2100749,불참,2020-11-19
21,VRY5522V,2100749,찬성,2020-11-19
21,CAA7713A,2100749,찬성,2020-11-19
21,0PK7354M,2100749,찬성,2020-11-19
21,O0I2045I,2100749,찬성,2020-11-19
21,QUM8288K,2100749,불참,2020-11-19
21,W4X85128,2100749,기권,2020-11-19
21,CFE3998F,2100749,불참,2020-11-19
21,JZY9937U,2100749,찬성,2020-11-19
21,MRK4871S,2100749,찬성,2020-11-19
21,YKW37422,2100749,불참,2020-11-19
21,BM63269Y,2100749,불참,2020-11-19
21,M7O7878U,2100749,찬성,2020-11-19
21,YLS4431M,2100749,찬성,2020-11-19
21,MNZ4401T,2100749,찬성,2020-11-19
21,3ZR4438W,2100749,불참,2020-11-19
21,HSS7466Y,2100749,찬성,2020-11-19
21,16D7652C,2100749,찬성,2020-11-19
21,L7T64271,2100749,찬성,2020-11-19
21,4X525582,2100749,기권,2020-11-19
21,G7512472,2100749,불참,2020-11-19
21,3TO11703,2100749,찬성,2020-11-19
21,CCU1009B,2100749,찬성,2020-11-19
21,MU69217P,2100749,찬성,2020-11-19
21,66W6739S,2100749,기권,2020-11-19
21,QD25323M,2100749,찬성,2020-11-19
21,DAY6557K,2100749,찬성,2020-11-19
21,GP07421U,2100749,불참,2020-11-19
21,FGI27280,2100749,찬성,2020-11-19
21,USR7059P,2100749,기권,2020-11-19
21,4XG1439M,2100749,찬성,2020-11-19
21,P2N50879,2100749,찬성,2020-11-19
21,A0P4646G,2100749,찬성,2020-11-19
21,A2V51235,2100749,찬성,2020-11-19
21,7I09543O,2100749,찬성,2020-11-19
21,3DK8989T,2100749,불참,2020-11-19
21,09I2323E,2100749,불참,2020-11-19
21,A3H7195R,2100749,찬성,2020-11-19
21,ZYH1940A,2100749,불참,2020-11-19
21,0VU8517U,2100749,불참,2020-11-19
21,M0A1658U,2100749,찬성,2020-11-19
21,HSW1214Q,2100749,찬성,2020-11-19
21,3BC6890E,2100749,찬성,2020-11-19
21,ZDR63255,2100749,찬성,2020-11-19
21,KR14136C,2100749,찬성,2020-11-19
21,5765663F,2100749,불참,2020-11-19
21,ZKU88693,2100749,찬성,2020-11-19
21,5KV96424,2100749,찬성,2020-11-19
21,KNM3215T,2100749,찬성,2020-11-19
21,M7T9712V,2100749,찬성,2020-11-19
21,1WE5693J,2100749,불참,2020-11-19
21,X3170462,2100749,찬성,2020-11-19
21,MY318392,2100749,찬성,2020-11-19
21,8FB1535Y,2100749,찬성,2020-11-19
21,SU53086M,2100749,찬성,2020-11-19
21,0WL9321T,2100749,찬성,2020-11-19
21,PZA4062H,2100749,찬성,2020-11-19
21,MR210505,2100749,찬성,2020-11-19
21,8348421R,2100749,찬성,2020-11-19
21,JQA21112,2100749,찬성,2020-11-19
21,HXT76735,2100749,찬성,2020-11-19
21,RPN2293B,2100749,찬성,2020-11-19
21,0R68099X,2100749,찬성,2020-11-19
21,4A067125,2100749,찬성,2020-11-19
21,XBT9550Q,2100749,불참,2020-11-19
21,ZA54991S,2100749,찬성,2020-11-19
21,MO52543L,2100749,불참,2020-11-19
21,WMG57662,2100749,찬성,2020-11-19
21,NCP9875N,2100749,찬성,2020-11-19
21,I5I2468R,2100749,찬성,2020-11-19
21,L5P27909,2100749,기권,2020-11-19
21,3425169D,2100749,찬성,2020-11-19
21,ICH23251,2100749,찬성,2020-11-19
21,6MO8786S,2100749,반대,2020-11-19
21,XWX1513T,2100749,찬성,2020-11-19
21,CT85313K,2100749,찬성,2020-11-19
21,NQR1206Q,2100749,찬성,2020-11-19
21,NAL4555X,2100749,찬성,2020-11-19
21,OW53107J,2100749,찬성,2020-11-19
21,L2I9861C,2100749,불참,2020-11-19
21,WCD5518S,2100749,찬성,2020-11-19
21,SVH3899R,2100749,불참,2020-11-19
21,FIC9046Z,2111286,불참,2021-07-24
21,1BX7234U,2111286,찬성,2021-07-24
21,2N793392,2111286,찬성,2021-07-24
21,7I09543O,2111286,찬성,2021-07-24
21,3DK8989T,2111286,찬성,2021-07-24
21,7469929V,2111286,찬성,2021-07-24
21,09I2323E,2111286,찬성,2021-07-24
21,HSW1214Q,2111286,찬성,2021-07-24
21,GFF1986K,2111286,찬성,2021-07-24
21,WJL30106,2111286,찬성,2021-07-24
21,X3170462,2111286,불참,2021-07-24
21,MY318392,2111286,찬성,2021-07-24
21,WFU14784,2111286,찬성,2021-07-24
21,4L695580,2111286,찬성,2021-07-24
21,40E3739H,2111286,찬성,2021-07-24
21,RPN2293B,2111286,찬성,2021-07-24
21,V429892C,2111286,찬성,2021-07-24
21,ZA54991S,2111286,찬성,2021-07-24
21,CT85313K,2111286,찬성,2021-07-24
21,PAO22428,2111286,찬성,2021-07-24
21,V0O5343U,2111286,불참,2021-07-24
21,FRN1867O,2111286,불참,2021-07-24
21,CNZ51556,2111286,찬성,2021-07-24
21,N4R2421C,2111286,불참,2021-07-24
21,GDG1847Z,2111286,불참,2021-07-24
21,O7R5461J,2111286,찬성,2021-07-24
21,52P3934K,2111286,찬성,2021-07-24
21,6399076T,2111286,찬성,2021-07-24
21,4U29186R,2111286,찬성,2021-07-24
21,KFS1358P,2111286,찬성,2021-07-24
21,CAA7713A,2111286,찬성,2021-07-24
21,Q9H5708M,2111286,찬성,2021-07-24
21,2NV6751W,2111286,찬성,2021-07-24
21,BM63269Y,2111286,불참,2021-07-24
21,8VY63414,2111286,찬성,2021-07-24
21,XR24352K,2111286,찬성,2021-07-24
21,QQP4727N,2111286,찬성,2021-07-24
21,9L57027L,2111286,찬성,2021-07-24
21,LJK4960Z,2111286,불참,2021-07-24
21,DBA1057Z,2111286,불참,2021-07-24
21,CI15627C,2111286,불참,2021-07-24
21,X7I4680R,2111286,찬성,2021-07-24
21,T465023H,2111286,찬성,2021-07-24
21,RQQ3807K,2111286,찬성,2021-07-24
21,7XY7109I,2111286,불참,2021-07-24
21,FDC3144T,2111286,찬성,2021-07-24
21,BT62420K,2111286,찬성,2021-07-24
21,6V37131U,2111286,찬성,2021-07-24
21,GKD32201,2111286,찬성,2021-07-24
21,JNL7001A,2111286,찬성,2021-07-24
21,L7T64271,2111286,찬성,2021-07-24
21,4X525582,2111286,불참,2021-07-24
21,G7512472,2111286,기권,2021-07-24
21,3TO11703,2111286,찬성,2021-07-24
21,S741317G,2111286,찬성,2021-07-24
21,CCU1009B,2111286,찬성,2021-07-24
21,66W6739S,2111286,찬성,2021-07-24
21,LM13674V,2111286,찬성,2021-07-24
21,QD25323M,2111286,찬성,2021-07-24
21,DAY6557K,2111286,찬성,2021-07-24
21,GP07421U,2111286,찬성,2021-07-24
21,FGI27280,2111286,불참,2021-07-24
21,USR7059P,2111286,찬성,2021-07-24
21,4XG1439M,2111286,찬성,2021-07-24
21,P2N50879,2111286,기권,2021-07-24
21,A0P4646G,2111286,찬성,2021-07-24
21,A2V51235,2111286,찬성,2021-07-24
21,1X376850,2111286,찬성,2021-07-24
21,D4L60530,2111286,찬성,2021-07-24
21,M6H1705E,2111286,찬성,2021-07-24
21,OFE45081,2111286,찬성,2021-07-24
21,NTT8182Q,2111286,찬성,2021-07-24
21,A3H7195R,2111286,찬성,2021-07-24
21,ZYH1940A,2111286,불참,2021-07-24
21,0VU8517U,2111286,불참,2021-07-24
21,M0A1658U,2111286,찬성,2021-07-24
21,WDS6044S,2111286,찬성,2021-07-24
21,3BC6890E,2111286,찬성,2021-07-24
21,ZDR63255,2111286,찬성,2021-07-24
21,KR14136C,2111286,찬성,2021-07-24
21,SRP7336N,2111286,찬성,2021-07-24
21,5765663F,2111286,찬성,2021-07-24
21,5KV96424,2111286,찬성,2021-07-24
21,KNM3215T,2111286,찬성,2021-07-24
21,M7T9712V,2111286,찬성,2021-07-24
21,60490713,2111286,불참,2021-07-24
21,UM51067K,2111286,찬성,2021-07-24
21,HKJ99607,2111286,찬성,2021-07-24
21,1WE5693J,2111286,찬성,2021-07-24
21,4T026790,2111286,찬성,2021-07-24
21,EH27538E,2111286,찬성,2021-07-24
21,SU53086M,2111286,기권,2021-07-24
21,0WL9321T,2111286,찬성,2021-07-24
21,PZA4062H,2111286,찬성,2021-07-24
21,MR210505,2111286,불참,2021-07-24
21,GF286398,2111286,찬성,2021-07-24
21,8348421R,2111286,불참,2021-07-24
21,H5476989,2111286,찬성,2021-07-24
21,JQA21112,2111286,찬성,2021-07-24
21,HXT76735,2111286,찬성,2021-07-24
21,0R68099X,2111286,찬성,2021-07-24
21,4A067125,2111286,불참,2021-07-24
21,2385336L,2111286,반대,2021-07-24
21,IN328264,2111286,찬성,2021-07-24
21,XBT9550Q,2111286,찬성,2021-07-24
21,MO52543L,2111286,불참,2021-07-24
21,0827740Q,2111286,찬성,2021-07-24
21,0W194007,2111286,찬성,2021-07-24
21,X1K3667J,2111286,찬성,2021-07-24
21,WMG57662,2111286,찬성,2021-07-24
21,I5I2468R,2111286,찬성,2021-07-24
21,WTR5885Y,2111286,찬성,2021-07-24
21,L5P27909,2111286,찬성,2021-07-24
21,3425169D,2111286,찬성,2021-07-24
21,ICH23251,2111286,불참,2021-07-24
21,25I8709Q,2111286,찬성,2021-07-24
21,OIA3741M,2111286,찬성,2021-07-24
21,6MO8786S,2111286,찬성,2021-07-24
21,XWX1513T,2111286,찬성,2021-07-24
21,BLC8630L,2111286,찬성,2021-07-24
21,NQR1206Q,2111286,찬성,2021-07-24
21,0767470D,2111286,불참,2021-07-24
21,LG63087O,2111286,찬성,2021-07-24
21,NAL4555X,2111286,불참,2021-07-24
21,OW53107J,2111286,찬성,2021-07-24
21,PEP6922S,2111286,찬성,2021-07-24
21,DAN6731C,2111286,불참,2021-07-24
21,VG24001G,2111286,기권,2021-07-24
21,L2I9861C,2111286,찬성,2021-07-24
21,WCD5518S,2111286,찬성,2021-07-24
21,SVH3899R,2111286,찬성,2021-07-24
21,I434361W,2111286,불참,2021-07-24
21,IOW8224X,2111286,찬성,2021-07-24
21,Y7K5946R,2111286,찬성,2021-07-24
21,Z7Y7827F,2111286,찬성,2021-07-24
21,D6U6678O,2111286,찬성,2021-07-24
21,FU87526G,2111286,찬성,2021-07-24
21,S9U45255,2111286,찬성,2021-07-24
21,8SV6917G,2111286,불참,2021-07-24
21,8FC9697X,2111286,불참,2021-07-24
21,QKO6165V,2111286,찬성,2021-07-24
21,ZRF3039U,2111286,찬성,2021-07-24
21,68P7228G,2111286,찬성,2021-07-24
21,P0F1530P,2111286,불참,2021-07-24
21,XPP2564T,2111286,불참,2021-07-24
21,LQW3652K,2111286,찬성,2021-07-24
21,UB114374,2111286,찬성,2021-07-24
21,GAV6441G,2111286,기권,2021-07-24
21,0YT3774N,2111286,찬성,2021-07-24
21,7JC3239L,2111286,찬성,2021-07-24
21,IL74008M,2111286,찬성,2021-07-24
21,8KF7223D,2111286,찬성,2021-07-24
21,8P37634C,2111286,찬성,2021-07-24
21,3C23171A,2111286,찬성,2021-07-24
21,P2N4585G,2111286,찬성,2021-07-24
21,TVF3669B,2111286,불참,2021-07-24
21,JMY9959W,2111286,찬성,2021-07-24
21,7R156073,2111286,불참,2021-07-24
21,6AR6743G,2111286,찬성,2021-07-24
21,J2O8643H,2111286,찬성,2021-07-24
21,VCP96419,2111286,찬성,2021-07-24
21,6AU2417B,2111286,찬성,2021-07-24
21,8VJ8533R,2111286,불참,2021-07-24
21,B7D7534L,2111286,찬성,2021-07-24
21,SE233396,2111286,찬성,2021-07-24
21,AFH96856,2111286,찬성,2021-07-24
21,B7H6207C,2111286,찬성,2021-07-24
21,F5Y4026Q,2111286,찬성,2021-07-24
21,WHV3448W,2111286,찬성,2021-07-24
21,1Y73132H,2111286,불참,2021-07-24
21,I0S53762,2111286,찬성,2021-07-24
21,LH97552Q,2111286,찬성,2021-07-24
21,TKJ4800F,2111286,찬성,2021-07-24
21,O6D8329R,2111286,찬성,2021-07-24
21,04T3751T,2111286,찬성,2021-07-24
21,MSY7784L,2111286,불참,2021-07-24
21,EVH1507C,2111286,찬성,2021-07-24
21,K5F2023J,2111286,찬성,2021-07-24
21,14M56632,2111286,불참,2021-07-24
21,N9X9673B,2111286,찬성,2021-07-24
21,5MD4184K,2111286,불참,2021-07-24
21,TP066860,2111286,찬성,2021-07-24
21,5K93695T,2111286,불참,2021-07-24
21,6U243644,2111286,찬성,2021-07-24
21,E9R4507P,2111286,찬성,2021-07-24
21,UHB5553T,2111286,찬성,2021-07-24
21,J9S37905,2111286,불참,2021-07-24
21,A494529E,2111286,찬성,2021-07-24
21,VRY5522V,2111286,기권,2021-07-24
21,0PK7354M,2111286,찬성,2021-07-24
21,CZB4125D,2111286,불참,2021-07-24
21,Z6R3959C,2111286,찬성,2021-07-24
21,QUM8288K,2111286,불참,2021-07-24
21,UGH6481E,2111286,찬성,2021-07-24
21,S824682L,2111286,찬성,2021-07-24
21,W4X85128,2111286,찬성,2021-07-24
21,JZY9937U,2111286,찬성,2021-07-24
21,MRK4871S,2111286,불참,2021-07-24
21,YKW37422,2111286,불참,2021-07-24
21,M7O7878U,2111286,찬성,2021-07-24
21,YLS4431M,2111286,불참,2021-07-24
21,MNZ4401T,2111286,찬성,2021-07-24
21,3ZR4438W,2111286,불참,2021-07-24
21,16D7652C,2111286,불참,2021-07-24
21,KB04377U,2111286,찬성,2021-07-24
21,FU53642G,2111286,찬성,2021-07-24
21,MLH1404S,2111286,찬성,2021-07-24
21,IUL4848V,2111286,찬성,2021-07-24
21,JEZ3130Q,2111286,찬성,2021-07-24
21,BCQ55105,2111286,찬성,2021-07-24
21,GOC54665,2111286,찬성,2021-07-24
21,5UN9725L,2111286,불참,2021-07-24
21,K3W33496,2111286,불참,2021-07-24
21,M2Q9024I,2111286,불참,2021-07-24
21,C7E79345,2111286,불참,2021-07-24
21,4019850M,2111286,찬성,2021-07-24
21,UQ282145,2111286,불참,2021-07-24
21,9YO73104,2111286,찬성,2021-07-24
21,TRE2429O,2111286,찬성,2021-07-24
21,E6U4345C,2111286,찬성,2021-07-24
21,7BM2933Y,2111286,찬성,2021-07-24
21,CDL93608,2111286,찬성,2021-07-24
21,2UD1340H,2111286,찬성,2021-07-24
21,9VR65006,2111286,불참,2021-07-24
21,EMC8812P,2111286,찬성,2021-07-24
21,XJC13432,2111286,찬성,2021-07-24
21,D0C85236,2111286,불참,2021-07-24
21,XSP20229,2111286,찬성,2021-07-24
21,3RW63706,2111286,찬성,2021-07-24
21,FH777496,2111286,찬성,2021-07-24
21,FYI20317,2111286,찬성,2021-07-24
21,8X15119P,2111286,불참,2021-07-24
21,ZYP7962W,2111286,찬성,2021-07-24
21,CNW5754J,2111286,찬성,2021-07-24
21,GX38539O,2111286,찬성,2021-07-24
21,8Q88373R,2111286,찬성,2021-07-24
21,WVU2479T,2111286,찬성,2021-07-24
21,9D939735,2111286,찬성,2021-07-24
21,QTW6852F,2111286,불참,2021-07-24
21,TST4507I,2111286,찬성,2021-07-24
21,JC14718Q,2111286,찬성,2021-07-24
21,5KV82250,2111286,찬성,2021-07-24
21,LT72093S,2111286,찬성,2021-07-24
21,GE71932C,2111286,반대,2021-07-24
21,6YT83269,2111286,찬성,2021-07-24
21,1MU99298,2111286,찬성,2021-07-24
21,17M85910,2111286,찬성,2021-07-24
21,G152611B,2111286,찬성,2021-07-24
21,I7R13867,2111286,찬성,2021-07-24
21,9LD2641Q,2111286,찬성,2021-07-24
21,FOK3459D,2111286,찬성,2021-07-24
21,QUO78839,2111286,찬성,2021-07-24
21,LPB30152,2111286,찬성,2021-07-24
21,MD083627,2111286,찬성,2021-07-24
21,TZP9391O,2111286,찬성,2021-07-24
21,FJK3396E,2111286,찬성,2021-07-24
21,ZDP5704Q,2111286,찬성,2021-07-24
21,71J2365L,2111286,찬성,2021-07-24
21,7O71647Z,2111286,찬성,2021-07-24
21,W1Q6753M,2111286,기권,2021-07-24
21,E1J8836Y,2111286,불참,2021-07-24
21,RD42006Y,2111286,불참,2021-07-24
21,6EN68926,2111286,불참,2021-07-24
21,QHL3248U,2111286,찬성,2021-07-24
21,AE685067,2111286,찬성,2021-07-24
21,9S151177,2111286,찬성,2021-07-24
21,TZ228122,2111286,찬성,2021-07-24
21,9V18755A,2111286,찬성,2021-07-24
21,XA42275R,2111286,찬성,2021-07-24
21,MU69217P,2111286,찬성,2021-07-24
21,PO64874I,2111286,불참,2021-07-24
21,ZKU88693,2111286,불참,2021-07-24
21,8FB1535Y,2111286,찬성,2021-07-24
21,NCP9875N,2111286,기권,2021-07-24
21,IOW1101J,2111286,찬성,2021-07-24
21,9JF4562W,2111286,찬성,2021-07-24
21,ATB59635,2111286,찬성,2021-07-24
21,SBK1544B,2111286,찬성,2021-07-24
21,KUO3574J,2111286,찬성,2021-07-24
21,GD131760,2111286,찬성,2021-07-24
21,RO593601,2111286,찬성,2021-07-24
21,PFG2137X,2111286,찬성,2021-07-24
21,40S1959J,2111286,찬성,2021-07-24
21,GX22581L,2111286,불참,2021-07-24
21,DPZ7685X,2111286,찬성,2021-07-24
21,O0I2045I,2111286,불참,2021-07-24
21,CFE3998F,2111286,불참,2021-07-24
21,HSS7466Y,2111286,찬성,2021-07-24
21,21N57758,2111286,찬성,2021-07-24
21,3249208I,2111286,찬성,2021-07-24
21,XEF29171,2111286,찬성,2021-07-24
21,L7J93733,2111286,불참,2021-07-24
21,DAV7257X,2111286,찬성,2021-07-24
21,SQ36001H,2111286,찬성,2021-07-24
21,G1570880,2111286,찬성,2021-07-24
21,OSV9142K,2111286,불참,2021-07-24
21,B7R2742J,2111286,찬성,2021-07-24
21,MHK9919B,2111286,불참,2021-07-24
21,TJW93720,2111286,찬성,2021-07-24
21,NZF1659U,2111286,불참,2021-07-24
21,F5U2979W,2118422,불참,2022-11-24
21,E1J8836Y,2118422,불참,2022-11-24
21,P2N50879,2118422,불참,2022-11-24
21,A2V51235,2118422,불참,2022-11-24
21,7I09543O,2118422,찬성,2022-11-24
21,OFE45081,2118422,찬성,2022-11-24
21,M0A1658U,2118422,불참,2022-11-24
21,SRP7336N,2118422,찬성,2022-11-24
21,60490713,2118422,불참,2022-11-24
21,1WE5693J,2118422,불참,2022-11-24
21,X3170462,2118422,불참,2022-11-24
21,GF286398,2118422,찬성,2022-11-24
21,0827740Q,2118422,찬성,2022-11-24
21,0W194007,2118422,찬성,2022-11-24
21,NCP9875N,2118422,불참,2022-11-24
21,I5I2468R,2118422,찬성,2022-11-24
21,3425169D,2118422,찬성,2022-11-24
21,CT85313K,2118422,찬성,2022-11-24
21,DAN6731C,2118422,기권,2022-11-24
21,VG24001G,2118422,불참,2022-11-24
21,SVH3899R,2118422,찬성,2022-11-24
21,ATB59635,2118422,찬성,2022-11-24
21,KUO3574J,2118422,찬성,2022-11-24
21,8SV6917G,2118422,찬성,2022-11-24
21,68P7228G,2118422,찬성,2022-11-24
21,LQW3652K,2118422,기권,2022-11-24
21,CNZ51556,2118422,찬성,2022-11-24
21,P2N4585G,2118422,찬성,2022-11-24
21,8VJ8533R,2118422,기권,2022-11-24
21,6399076T,2118422,찬성,2022-11-24
21,WHV3448W,2118422,불참,2022-11-24
21,I0S53762,2118422,반대,2022-11-24
21,5K93695T,2118422,반대,2022-11-24
21,KFS1358P,2118422,찬성,2022-11-24
21,JEZ3130Q,2118422,찬성,2022-11-24
21,IUD9392R,2118422,찬성,2022-11-24
21,K3W33496,2118422,불참,2022-11-24
21,CI15627C,2118422,불참,2022-11-24
21,TRE2429O,2118422,찬성,2022-11-24
21,E6U4345C,2118422,찬성,2022-11-24
21,XSP20229,2118422,불참,2022-11-24
21,T465023H,2118422,찬성,2022-11-24
21,8X15119P,2118422,불참,2022-11-24
21,9D939735,2118422,불참,2022-11-24
21,L7J93733,2118422,찬성,2022-11-24
21,FDC3144T,2118422,찬성,2022-11-24
21,QUO78839,2118422,불참,2022-11-24
21,FJK3396E,2118422,불참,2022-11-24
21,JVB6983V,2118422,찬성,2022-11-24
21,YOG1280B,2118422,불참,2022-11-24
21,FIC9046Z,2118422,불참,2022-11-24
21,DWK26447,2118422,불참,2022-11-24
21,NUB4941Z,2118422,찬성,2022-11-24
21,KFM1081G,2118422,찬성,2022-11-24
21,NLR6572J,2118422,찬성,2022-11-24
21,YTA7297R,2118422,찬성,2022-11-24
21,JNL7001A,2118422,불참,2022-11-24
21,L7T64271,2118422,찬성,2022-11-24
21,4X525582,2118422,불참,2022-11-24
21,GKD32201,2118422,찬성,2022-11-24
21,G7512472,2118422,찬성,2022-11-24
21,3TO11703,2118422,찬성,2022-11-24
21,S741317G,2118422,불참,2022-11-24
21,CCU1009B,2118422,불참,2022-11-24
21,MU69217P,2118422,기권,2022-11-24
21,2N793392,2118422,찬성,2022-11-24
21,66W6739S,2118422,찬성,2022-11-24
21,LM13674V,2118422,찬성,2022-11-24
21,QD25323M,2118422,찬성,2022-11-24
21,DAY6557K,2118422,기권,2022-11-24
21,GP07421U,2118422,찬성,2022-11-24
21,FGI27280,2118422,찬성,2022-11-24
21,USR7059P,2118422,불참,2022-11-24
21,4XG1439M,2118422,불참,2022-11-24
21,A0P4646G,2118422,찬성,2022-11-24
21,3DK8989T,2118422,불참,2022-11-24
21,7469929V,2118422,찬성,2022-11-24
21,D4L60530,2118422,불참,2022-11-24
21,M6H1705E,2118422,찬성,2022-11-24
21,09I2323E,2118422,찬성,2022-11-24
21,NTT8182Q,2118422,찬성,2022-11-24
21,A3H7195R,2118422,불참,2022-11-24
21,ZYH1940A,2118422,불참,2022-11-24
21,0VU8517U,2118422,찬성,2022-11-24
21,HSW1214Q,2118422,찬성,2022-11-24
21,NZF1659U,2118422,찬성,2022-11-24
21,WDS6044S,2118422,찬성,2022-11-24
21,3BC6890E,2118422,기권,2022-11-24
21,ZDR63255,2118422,불참,2022-11-24
21,KR14136C,2118422,불참,2022-11-24
21,5765663F,2118422,찬성,2022-11-24
21,GFF1986K,2118422,찬성,2022-11-24
21,ZKU88693,2118422,찬성,2022-11-24
21,WJL30106,2118422,찬성,2022-11-24
21,5KV96424,2118422,찬성,2022-11-24
21,KNM3215T,2118422,찬성,2022-11-24
21,M7T9712V,2118422,불참,2022-11-24
21,UM51067K,2118422,찬성,2022-11-24
21,HKJ99607,2118422,찬성,2022-11-24
21,MY318392,2118422,찬성,2022-11-24
21,8FB1535Y,2118422,찬성,2022-11-24
21,4T026790,2118422,찬성,2022-11-24
21,EH27538E,2118422,찬성,2022-11-24
21,WFU14784,2118422,불참,2022-11-24
21,SU53086M,2118422,찬성,2022-11-24
21,0WL9321T,2118422,찬성,2022-11-24
21,PZA4062H,2118422,찬성,2022-11-24
21,MR210505,2118422,불참,2022-11-24
21,8348421R,2118422,찬성,2022-11-24
21,H5476989,2118422,찬성,2022-11-24
21,JQA21112,2118422,찬성,2022-11-24
21,4L695580,2118422,찬성,2022-11-24
21,40E3739H,2118422,찬성,2022-11-24
21,HXT76735,2118422,찬성,2022-11-24
21,RPN2293B,2118422,찬성,2022-11-24
21,0R68099X,2118422,찬성,2022-11-24
21,6RM29022,2118422,찬성,2022-11-24
21,MQU41854,2118422,찬성,2022-11-24
21,V429892C,2118422,찬성,2022-11-24
21,2385336L,2118422,찬성,2022-11-24
21,IN328264,2118422,불참,2022-11-24
21,XBT9550Q,2118422,찬성,2022-11-24
21,ZA54991S,2118422,불참,2022-11-24
21,MO52543L,2118422,찬성,2022-11-24
21,X1K3667J,2118422,찬성,2022-11-24
21,WMG57662,2118422,찬성,2022-11-24
21,WTR5885Y,2118422,찬성,2022-11-24
21,IOW1101J,2118422,찬성,2022-11-24
21,ICH23251,2118422,불참,2022-11-24
21,25I8709Q,2118422,찬성,2022-11-24
21,OIA3741M,2118422,불참,2022-11-24
21,6MO8786S,2118422,찬성,2022-11-24
21,XWX1513T,2118422,찬성,2022-11-24
21,BLC8630L,2118422,불참,2022-11-24
21,NQR1206Q,2118422,찬성,2022-11-24
21,LG63087O,2118422,불참,2022-11-24
21,OW53107J,2118422,찬성,2022-11-24
21,PEP6922S,2118422,불참,2022-11-24
21,L2I9861C,2118422,기권,2022-11-24
21,WCD5518S,2118422,찬성,2022-11-24
21,IOW8224X,2118422,찬성,2022-11-24
21,9JF4562W,2118422,찬성,2022-11-24
21,Y7K5946R,2118422,찬성,2022-11-24
21,Z7Y7827F,2118422,찬성,2022-11-24
21,SBK1544B,2118422,불참,2022-11-24
21,D6U6678O,2118422,찬성,2022-11-24
21,FU87526G,2118422,찬성,2022-11-24
21,S9U45255,2118422,불참,2022-11-24
21,8FC9697X,2118422,찬성,2022-11-24
21,QKO6165V,2118422,불참,2022-11-24
21,GD131760,2118422,불참,2022-11-24
21,ZRF3039U,2118422,찬성,2022-11-24
21,V0O5343U,2118422,찬성,2022-11-24
21,P0F1530P,2118422,불참,2022-11-24
21,XPP2564T,2118422,찬성,2022-11-24
21,FRN1867O,2118422,불참,2022-11-24
21,RO593601,2118422,찬성,2022-11-24
21,PFG2137X,2118422,찬성,2022-11-24
21,UB114374,2118422,불참,2022-11-24
21,GAV6441G,2118422,찬성,2022-11-24
21,0YT3774N,2118422,불참,2022-11-24
21,7JC3239L,2118422,불참,2022-11-24
21,40S1959J,2118422,찬성,2022-11-24
21,IL74008M,2118422,찬성,2022-11-24
21,8KF7223D,2118422,찬성,2022-11-24
21,8P37634C,2118422,찬성,2022-11-24
21,N4R2421C,2118422,불참,2022-11-24
21,3C23171A,2118422,찬성,2022-11-24
21,GDG1847Z,2118422,기권,2022-11-24
21,O7R5461J,2118422,찬성,2022-11-24
21,JMY9959W,2118422,찬성,2022-11-24
21,7R156073,2118422,불참,2022-11-24
21,6AR6743G,2118422,찬성,2022-11-24
21,J2O8643H,2118422,찬성,2022-11-24
21,VCP96419,2118422,찬성,2022-11-24
21,6AU2417B,2118422,불참,2022-11-24
21,B7D7534L,2118422,찬성,2022-11-24
21,GX22581L,2118422,불참,2022-11-24
21,SE233396,2118422,찬성,2022-11-24
21,AFH96856,2118422,찬성,2022-11-24
21,52P3934K,2118422,불참,2022-11-24
21,B7H6207C,2118422,찬성,2022-11-24
21,4U29186R,2118422,찬성,2022-11-24
21,F5Y4026Q,2118422,찬성,2022-11-24
21,6RD62559,2118422,불참,2022-11-24
21,1Y73132H,2118422,찬성,2022-11-24
21,LH97552Q,2118422,찬성,2022-11-24
21,TKJ4800F,2118422,찬성,2022-11-24
21,O6D8329R,2118422,불참,2022-11-24
21,04T3751T,2118422,찬성,2022-11-24
21,MSY7784L,2118422,불참,2022-11-24
21,EVH1507C,2118422,찬성,2022-11-24
21,K5F2023J,2118422,찬성,2022-11-24
21,14M56632,2118422,불참,2022-11-24
21,N9X9673B,2118422,찬성,2022-11-24
21,5MD4184K,2118422,기권,2022-11-24
21,DPZ7685X,2118422,찬성,2022-11-24
21,6U243644,2118422,찬성,2022-11-24
21,E9R4507P,2118422,불참,2022-11-24
21,UHB5553T,2118422,찬성,2022-11-24
21,J9S37905,2118422,찬성,2022-11-24
21,A494529E,2118422,불참,2022-11-24
21,VRY5522V,2118422,찬성,2022-11-24
21,CAA7713A,2118422,찬성,2022-11-24
21,0PK7354M,2118422,불참,2022-11-24
21,O0I2045I,2118422,찬성,2022-11-24
21,CZB4125D,2118422,불참,2022-11-24
21,Z6R3959C,2118422,찬성,2022-11-24
21,QUM8288K,2118422,찬성,2022-11-24
21,UGH6481E,2118422,찬성,2022-11-24
21,S824682L,2118422,찬성,2022-11-24
21,W4X85128,2118422,기권,2022-11-24
21,Q9H5708M,2118422,찬성,2022-11-24
21,JZY9937U,2118422,불참,2022-11-24
21,MRK4871S,2118422,불참,2022-11-24
21,YKW37422,2118422,불참,2022-11-24
21,2NV6751W,2118422,찬성,2022-11-24
21,BM63269Y,2118422,찬성,2022-11-24
21,M7O7878U,2118422,불참,2022-11-24
21,YLS4431M,2118422,찬성,2022-11-24
21,MNZ4401T,2118422,찬성,2022-11-24
21,3ZR4438W,2118422,찬성,2022-11-24
21,HSS7466Y,2118422,불참,2022-11-24
21,16D7652C,2118422,찬성,2022-11-24
21,KB04377U,2118422,찬성,2022-11-24
21,FU53642G,2118422,찬성,2022-11-24
21,MLH1404S,2118422,불참,2022-11-24
21,8VY63414,2118422,불참,2022-11-24
21,XR24352K,2118422,찬성,2022-11-24
21,QQP4727N,2118422,불참,2022-11-24
21,BCQ55105,2118422,찬성,2022-11-24
21,9L57027L,2118422,찬성,2022-11-24
21,GOC54665,2118422,불참,2022-11-24
21,5UN9725L,2118422,불참,2022-11-24
21,LJK4960Z,2118422,찬성,2022-11-24
21,M2Q9024I,2118422,불참,2022-11-24
21,DBA1057Z,2118422,찬성,2022-11-24
21,C7E79345,2118422,찬성,2022-11-24
21,4019850M,2118422,찬성,2022-11-24
21,UQ282145,2118422,불참,2022-11-24
21,9YO73104,2118422,찬성,2022-11-24
21,7BM2933Y,2118422,찬성,2022-11-24
21,CDL93608,2118422,불참,2022-11-24
21,2UD1340H,2118422,불참,2022-11-24
21,9VR65006,2118422,찬성,2022-11-24
21,X7I4680R,2118422,불참,2022-11-24
21,EMC8812P,2118422,불참,2022-11-24
21,XJC13432,2118422,찬성,2022-11-24
21,3RW63706,2118422,찬성,2022-11-24
21,RQQ3807K,2118422,찬성,2022-11-24
21,FH777496,2118422,찬성,2022-11-24
21,FYI20317,2118422,찬성,2022-11-24
21,ZYP7962W,2118422,불참,2022-11-24
21,CNW5754J,2118422,불참,2022-11-24
21,3249208I,2118422,불참,2022-11-24
21,GX38539O,2118422,찬성,2022-11-24
21,8Q88373R,2118422,찬성,2022-11-24
21,XEF29171,2118422,찬성,2022-11-24
21,WVU2479T,2118422,찬성,2022-11-24
21,QTW6852F,2118422,찬성,2022-11-24
21,7XY7109I,2118422,불참,2022-11-24
21,TST4507I,2118422,찬성,2022-11-24
21,JC14718Q,2118422,찬성,2022-11-24
21,5KV82250,2118422,반대,2022-11-24
21,DAV7257X,2118422,불참,2022-11-24
21,LT72093S,2118422,찬성,2022-11-24
21,GE71932C,2118422,찬성,2022-11-24
21,6YT83269,2118422,찬성,2022-11-24
21,1MU99298,2118422,찬성,2022-11-24
21,17M85910,2118422,찬성,2022-11-24
21,G152611B,2118422,불참,2022-11-24
21,I7R13867,2118422,찬성,2022-11-24
21,SQ36001H,2118422,불참,2022-11-24
21,G1570880,2118422,불참,2022-11-24
21,9LD2641Q,2118422,찬성,2022-11-24
21,FOK3459D,2118422,찬성,2022-11-24
21,BT62420K,2118422,찬성,2022-11-24
21,LPB30152,2118422,불참,2022-11-24
21,MD083627,2118422,불참,2022-11-24
21,TZP9391O,2118422,찬성,2022-11-24
21,6V37131U,2118422,불참,2022-11-24
21,OSV9142K,2118422,찬성,2022-11-24
21,B7R2742J,2118422,찬성,2022-11-24
21,ZDP5704Q,2118422,찬성,2022-11-24
21,71J2365L,2118422,불참,2022-11-24
21,7O71647Z,2118422,찬성,2022-11-24
21,W1Q6753M,2118422,찬성,2022-11-24
21,RD42006Y,2118422,불참,2022-11-24
21,6EN68926,2118422,찬성,2022-11-24
21,1BX7234U,2118422,불참,2022-11-24
21,QHL3248U,2118422,찬성,2022-11-24
21,TJW93720,2118422,찬성,2022-11-24
21,9S151177,2118422,찬성,2022-11-24
21,TZ228122,2118422,불참,2022-11-24
21,9V18755A,2118422,찬성,2022-11-24
21,XA42275R,2118422,불참,2022-11-24
21,PO64874I,2118422,찬성,2022-11-24
21,LBC8144B,2118422,찬성,2022-11-24
21,VHK3402G,2118422,불참,2022-11-24
21,JVB6983V,2117637,찬성,2022-12-08
21,E1J8836Y,2117637,찬성,2022-12-08
21,7I09543O,2117637,찬성,2022-12-08
21,M0A1658U,2117637,찬성,2022-12-08
21,SRP7336N,2117637,찬성,2022-12-08
21,1WE5693J,2117637,불참,2022-12-08
21,X3170462,2117637,찬성,2022-12-08
21,GF286398,2117637,찬성,2022-12-08
21,0827740Q,2117637,불참,2022-12-08
21,0W194007,2117637,찬성,2022-12-08
21,NCP9875N,2117637,불참,2022-12-08
21,CT85313K,2117637,찬성,2022-12-08
21,VG24001G,2117637,찬성,2022-12-08
21,ATB59635,2117637,불참,2022-12-08
21,KUO3574J,2117637,찬성,2022-12-08
21,8SV6917G,2117637,찬성,2022-12-08
21,LQW3652K,2117637,찬성,2022-12-08
21,CNZ51556,2117637,찬성,2022-12-08
21,P2N4585G,2117637,찬성,2022-12-08
21,8VJ8533R,2117637,찬성,2022-12-08
21,6399076T,2117637,찬성,2022-12-08
21,WHV3448W,2117637,찬성,2022-12-08
21,I0S53762,2117637,찬성,2022-12-08
21,5K93695T,2117637,불참,2022-12-08
21,JEZ3130Q,2117637,찬성,2022-12-08
21,IUD9392R,2117637,찬성,2022-12-08
21,K3W33496,2117637,불참,2022-12-08
21,CI15627C,2117637,찬성,2022-12-08
21,TRE2429O,2117637,찬성,2022-12-08
21,XSP20229,2117637,불참,2022-12-08
21,T465023H,2117637,찬성,2022-12-08
21,8X15119P,2117637,불참,2022-12-08
21,9D939735,2117637,찬성,2022-12-08
21,L7J93733,2117637,찬성,2022-12-08
21,FDC3144T,2117637,찬성,2022-12-08
21,QUO78839,2117637,찬성,2022-12-08
21,FJK3396E,2117637,불참,2022-12-08
21,A2V51235,2117637,불참,2022-12-08
21,F5U2979W,2117637,불참,2022-12-08
21,YOG1280B,2117637,불참,2022-12-08
21,FIC9046Z,2117637,불참,2022-12-08
21,DWK26447,2117637,찬성,2022-12-08
21,NUB4941Z,2117637,찬성,2022-12-08
21,KFM1081G,2117637,찬성,2022-12-08
21,NLR6572J,2117637,찬성,2022-12-08
21,YTA7297R,2117637,찬성,2022-12-08
21,JNL7001A,2117637,찬성,2022-12-08
21,L7T64271,2117637,찬성,2022-12-08
21,4X525582,2117637,불참,2022-12-08
21,GKD32201,2117637,찬성,2022-12-08
21,G7512472,2117637,찬성,2022-12-08
21,3TO11703,2117637,불참,2022-12-08
21,S741317G,2117637,찬성,2022-12-08
21,CCU1009B,2117637,찬성,2022-12-08
21,MU69217P,2117637,불참,2022-12-08
21,2N793392,2117637,찬성,2022-12-08
21,66W6739S,2117637,불참,2022-12-08
21,LM13674V,2117637,불참,2022-12-08
21,QD25323M,2117637,찬성,2022-12-08
21,DAY6557K,2117637,찬성,2022-12-08
21,GP07421U,2117637,불참,2022-12-08
21,FGI27280,2117637,불참,2022-12-08
21,USR7059P,2117637,불참,2022-12-08
21,4XG1439M,2117637,찬성,2022-12-08
21,P2N50879,2117637,불참,2022-12-08
21,A0P4646G,2117637,불참,2022-12-08
21,3DK8989T,2117637,불참,2022-12-08
21,7469929V,2117637,불참,2022-12-08
21,D4L60530,2117637,찬성,2022-12-08
21,M6H1705E,2117637,불참,2022-12-08
21,OFE45081,2117637,불참,2022-12-08
21,09I2323E,2117637,불참,2022-12-08
21,NTT8182Q,2117637,찬성,2022-12-08
21,A3H7195R,2117637,불참,2022-12-08
21,ZYH1940A,2117637,불참,2022-12-08
21,0VU8517U,2117637,불참,2022-12-08
21,HSW1214Q,2117637,찬성,2022-12-08
21,NZF1659U,2117637,불참,2022-12-08
21,WDS6044S,2117637,찬성,2022-12-08
21,3BC6890E,2117637,불참,2022-12-08
21,ZDR63255,2117637,불참,2022-12-08
21,KR14136C,2117637,불참,2022-12-08
21,5765663F,2117637,찬성,2022-12-08
21,GFF1986K,2117637,찬성,2022-12-08
21,ZKU88693,2117637,불참,2022-12-08
21,WJL30106,2117637,불참,2022-12-08
21,5KV96424,2117637,불참,2022-12-08
21,KNM3215T,2117637,기권,2022-12-08
21,M7T9712V,2117637,불참,2022-12-08
21,60490713,2117637,불참,2022-12-08
21,UM51067K,2117637,찬성,2022-12-08
21,HKJ99607,2117637,불참,2022-12-08
21,MY318392,2117637,찬성,2022-12-08
21,8FB1535Y,2117637,찬성,2022-12-08
21,4T026790,2117637,찬성,2022-12-08
21,EH27538E,2117637,찬성,2022-12-08
21,WFU14784,2117637,불참,2022-12-08
21,SU53086M,2117637,불참,2022-12-08
21,0WL9321T,2117637,찬성,2022-12-08
21,PZA4062H,2117637,찬성,2022-12-08
21,MR210505,2117637,불참,2022-12-08
21,8348421R,2117637,불참,2022-12-08
21,H5476989,2117637,찬성,2022-12-08
21,JQA21112,2117637,찬성,2022-12-08
21,4L695580,2117637,기권,2022-12-08
21,40E3739H,2117637,불참,2022-12-08
21,HXT76735,2117637,불참,2022-12-08
21,RPN2293B,2117637,불참,2022-12-08
21,0R68099X,2117637,기권,2022-12-08
21,6RM29022,2117637,찬성,2022-12-08
21,MQU41854,2117637,불참,2022-12-08
21,V429892C,2117637,불참,2022-12-08
21,2385336L,2117637,찬성,2022-12-08
21,IN328264,2117637,찬성,2022-12-08
21,XBT9550Q,2117637,불참,2022-12-08
21,ZA54991S,2117637,찬성,2022-12-08
21,MO52543L,2117637,불참,2022-12-08
21,X1K3667J,2117637,찬성,2022-12-08
21,WMG57662,2117637,반대,2022-12-08
21,I5I2468R,2117637,찬성,2022-12-08
21,WTR5885Y,2117637,불참,2022-12-08
21,3425169D,2117637,찬성,2022-12-08
21,IOW1101J,2117637,불참,2022-12-08
21,ICH23251,2117637,불참,2022-12-08
21,25I8709Q,2117637,불참,2022-12-08
21,OIA3741M,2117637,찬성,2022-12-08
21,6MO8786S,2117637,불참,2022-12-08
21,XWX1513T,2117637,찬성,2022-12-08
21,BLC8630L,2117637,찬성,2022-12-08
21,NQR1206Q,2117637,찬성,2022-12-08
21,LG63087O,2117637,불참,2022-12-08
21,OW53107J,2117637,찬성,2022-12-08
21,PEP6922S,2117637,불참,2022-12-08
21,DAN6731C,2117637,찬성,2022-12-08
21,L2I9861C,2117637,찬성,2022-12-08
21,WCD5518S,2117637,불참,2022-12-08
21,SVH3899R,2117637,찬성,2022-12-08
21,IOW8224X,2117637,찬성,2022-12-08
21,9JF4562W,2117637,찬성,2022-12-08
21,Y7K5946R,2117637,찬성,2022-12-08
21,Z7Y7827F,2117637,찬성,2022-12-08
21,SBK1544B,2117637,불참,2022-12-08
21,D6U6678O,2117637,찬성,2022-12-08
21,FU87526G,2117637,불참,2022-12-08
21,S9U45255,2117637,불참,2022-12-08
21,8FC9697X,2117637,불참,2022-12-08
21,QKO6165V,2117637,불참,2022-12-08
21,GD131760,2117637,불참,2022-12-08
21,ZRF3039U,2117637,불참,2022-12-08
21,V0O5343U,2117637,찬성,2022-12-08
21,68P7228G,2117637,찬성,2022-12-08
21,P0F1530P,2117637,불참,2022-12-08
21,XPP2564T,2117637,찬성,2022-12-08
21,FRN1867O,2117637,찬성,2022-12-08
21,RO593601,2117637,찬성,2022-12-08
21,PFG2137X,2117637,찬성,2022-12-08
21,UB114374,2117637,찬성,2022-12-08
21,GAV6441G,2117637,기권,2022-12-08
21,0YT3774N,2117637,불참,2022-12-08
21,7JC3239L,2117637,불참,2022-12-08
21,40S1959J,2117637,찬성,2022-12-08
21,IL74008M,2117637,찬성,2022-12-08
21,8KF7223D,2117637,찬성,2022-12-08
21,8P37634C,2117637,찬성,2022-12-08
21,N4R2421C,2117637,불참,2022-12-08
21,3C23171A,2117637,찬성,2022-12-08
21,GDG1847Z,2117637,찬성,2022-12-08
21,O7R5461J,2117637,찬성,2022-12-08
21,JMY9959W,2117637,불참,2022-12-08
21,7R156073,2117637,불참,2022-12-08
21,6AR6743G,2117637,불참,2022-12-08
21,J2O8643H,2117637,찬성,2022-12-08
21,VCP96419,2117637,불참,2022-12-08
21,6AU2417B,2117637,불참,2022-12-08
21,B7D7534L,2117637,찬성,2022-12-08
21,GX22581L,2117637,불참,2022-12-08
21,SE233396,2117637,찬성,2022-12-08
21,AFH96856,2117637,불참,2022-12-08
21,52P3934K,2117637,불참,2022-12-08
21,B7H6207C,2117637,찬성,2022-12-08
21,4U29186R,2117637,찬성,2022-12-08
21,F5Y4026Q,2117637,불참,2022-12-08
21,6RD62559,2117637,찬성,2022-12-08
21,1Y73132H,2117637,찬성,2022-12-08
21,LH97552Q,2117637,찬성,2022-12-08
21,TKJ4800F,2117637,불참,2022-12-08
21,O6D8329R,2117637,찬성,2022-12-08
21,04T3751T,2117637,불참,2022-12-08
21,MSY7784L,2117637,불참,2022-12-08
21,EVH1507C,2117637,찬성,2022-12-08
21,K5F2023J,2117637,찬성,2022-12-08
21,14M56632,2117637,찬성,2022-12-08
21,N9X9673B,2117637,찬성,2022-12-08
21,5MD4184K,2117637,찬성,2022-12-08
21,DPZ7685X,2117637,불참,2022-12-08
21,6U243644,2117637,찬성,2022-12-08
21,E9R4507P,2117637,불참,2022-12-08
21,UHB5553T,2117637,찬성,2022-12-08
21,KFS1358P,2117637,찬성,2022-12-08
21,J9S37905,2117637,찬성,2022-12-08
21,A494529E,2117637,찬성,2022-12-08
21,VRY5522V,2117637,기권,2022-12-08
21,CAA7713A,2117637,찬성,2022-12-08
21,0PK7354M,2117637,기권,2022-12-08
21,O0I2045I,2117637,찬성,2022-12-08
21,CZB4125D,2117637,불참,2022-12-08
21,Z6R3959C,2117637,불참,2022-12-08
21,QUM8288K,2117637,찬성,2022-12-08
21,UGH6481E,2117637,찬성,2022-12-08
21,S824682L,2117637,찬성,2022-12-08
21,W4X85128,2117637,불참,2022-12-08
21,Q9H5708M,2117637,불참,2022-12-08
21,JZY9937U,2117637,찬성,2022-12-08
21,MRK4871S,2117637,불참,2022-12-08
21,YKW37422,2117637,찬성,2022-12-08
21,2NV6751W,2117637,찬성,2022-12-08
21,BM63269Y,2117637,찬성,2022-12-08
21,M7O7878U,2117637,찬성,2022-12-08
21,YLS4431M,2117637,찬성,2022-12-08
21,MNZ4401T,2117637,찬성,2022-12-08
21,3ZR4438W,2117637,찬성,2022-12-08
21,HSS7466Y,2117637,불참,2022-12-08
21,16D7652C,2117637,찬성,2022-12-08
21,KB04377U,2117637,찬성,2022-12-08
21,FU53642G,2117637,불참,2022-12-08
21,MLH1404S,2117637,찬성,2022-12-08
21,8VY63414,2117637,찬성,2022-12-08
21,XR24352K,2117637,찬성,2022-12-08
21,QQP4727N,2117637,찬성,2022-12-08
21,BCQ55105,2117637,불참,2022-12-08
21,9L57027L,2117637,찬성,2022-12-08
21,GOC54665,2117637,불참,2022-12-08
21,5UN9725L,2117637,불참,2022-12-08
21,LJK4960Z,2117637,찬성,2022-12-08
21,M2Q9024I,2117637,찬성,2022-12-08
21,DBA1057Z,2117637,불참,2022-12-08
21,C7E79345,2117637,불참,2022-12-08
21,4019850M,2117637,찬성,2022-12-08
21,UQ282145,2117637,불참,2022-12-08
21,9YO73104,2117637,찬성,2022-12-08
21,E6U4345C,2117637,찬성,2022-12-08
21,7BM2933Y,2117637,찬성,2022-12-08
21,CDL93608,2117637,불참,2022-12-08
21,2UD1340H,2117637,찬성,2022-12-08
21,9VR65006,2117637,찬성,2022-12-08
21,X7I4680R,2117637,불참,2022-12-08
21,EMC8812P,2117637,찬성,2022-12-08
21,XJC13432,2117637,찬성,2022-12-08
21,3RW63706,2117637,찬성,2022-12-08
21,RQQ3807K,2117637,찬성,2022-12-08
21,FH777496,2117637,찬성,2022-12-08
21,FYI20317,2117637,찬성,2022-12-08
21,ZYP7962W,2117637,불참,2022-12-08
21,CNW5754J,2117637,찬성,2022-12-08
21,3249208I,2117637,불참,2022-12-08
21,GX38539O,2117637,찬성,2022-12-08
21,8Q88373R,2117637,찬성,2022-12-08
21,XEF29171,2117637,찬성,2022-12-08
21,WVU2479T,2117637,불참,2022-12-08
21,QTW6852F,2117637,찬성,2022-12-08
21,7XY7109I,2117637,불참,2022-12-08
21,TST4507I,2117637,찬성,2022-12-08
21,JC14718Q,2117637,찬성,2022-12-08
21,5KV82250,2117637,찬성,2022-12-08
21,DAV7257X,2117637,찬성,2022-12-08
21,LT72093S,2117637,찬성,2022-12-08
21,GE71932C,2117637,찬성,2022-12-08
21,6YT83269,2117637,찬성,2022-12-08
21,1MU99298,2117637,찬성,2022-12-08
21,17M85910,2117637,찬성,2022-12-08
21,G152611B,2117637,불참,2022-12-08
21,I7R13867,2117637,찬성,2022-12-08
21,SQ36001H,2117637,찬성,2022-12-08
21,G1570880,2117637,찬성,2022-12-08
21,9LD2641Q,2117637,찬성,2022-12-08
21,FOK3459D,2117637,불참,2022-12-08
21,BT62420K,2117637,찬성,2022-12-08
21,LPB30152,2117637,불참,2022-12-08
21,MD083627,2117637,불참,2022-12-08
21,TZP9391O,2117637,찬성,2022-12-08
21,6V37131U,2117637,불참,2022-12-08
21,OSV9142K,2117637,찬성,2022-12-08
21,B7R2742J,2117637,찬성,2022-12-08
21,ZDP5704Q,2117637,찬성,2022-12-08
21,71J2365L,2117637,찬성,2022-12-08
21,7O71647Z,2117637,불참,2022-12-08
21,W1Q6753M,2117637,불참,2022-12-08
21,RD42006Y,2117637,찬성,2022-12-08
21,6EN68926,2117637,찬성,2022-12-08
21,1BX7234U,2117637,찬성,2022-12-08
21,QHL3248U,2117637,찬성,2022-12-08
21,TJW93720,2117637,찬성,2022-12-08
21,9S151177,2117637,찬성,2022-12-08
21,TZ228122,2117637,찬성,2022-12-08
21,9V18755A,2117637,찬성,2022-12-08
21,XA42275R,2117637,찬성,2022-12-08
21,PO64874I,2117637,불참,2022-12-08
21,LBC8144B,2117637,찬성,2022-12-08
21,VHK3402G,2117637,찬성,2022-12-08
21,8VJ8533R,2123592,찬성,2024-02-29
21,B7D7534L,2123592,찬성,2024-02-29
21,4U29186R,2123592,찬성,2024-02-29
21,F5Y4026Q,2123592,찬성,2024-02-29
21,WHV3448W,2123592,불참,2024-02-29
21,O6D8329R,2123592,찬성,2024-02-29
21,N9X9673B,2123592,불참,2024-02-29
21,DPZ7685X,2123592,불참,2024-02-29
21,6U243644,2123592,불참,2024-02-29
21,J9S37905,2123592,찬성,2024-02-29
21,VRY5522V,2123592,찬성,2024-02-29
21,CAA7713A,2123592,찬성,2024-02-29
21,0PK7354M,2123592,찬성,2024-02-29
21,CZB4125D,2123592,불참,2024-02-29
21,Z6R3959C,2123592,찬성,2024-02-29
21,UGH6481E,2123592,찬성,2024-02-29
21,JZY9937U,2123592,찬성,2024-02-29
21,2NV6751W,2123592,찬성,2024-02-29
21,8VY63414,2123592,찬성,2024-02-29
21,JEZ3130Q,2123592,찬성,2024-02-29
21,BCQ55105,2123592,불참,2024-02-29
21,9L57027L,2123592,찬성,2024-02-29
21,IUD9392R,2123592,불참,2024-02-29
21,DBA1057Z,2123592,찬성,2024-02-29
21,UQ282145,2123592,불참,2024-02-29
21,TRE2429O,2123592,불참,2024-02-29
21,CDL93608,2123592,불참,2024-02-29
21,9VR65006,2123592,찬성,2024-02-29
21,T465023H,2123592,찬성,2024-02-29
21,RQQ3807K,2123592,찬성,2024-02-29
21,ZYP7962W,2123592,찬성,2024-02-29
21,CNW5754J,2123592,불참,2024-02-29
21,3249208I,2123592,불참,2024-02-29
21,GX38539O,2123592,찬성,2024-02-29
21,8Q88373R,2123592,불참,2024-02-29
21,5KV82250,2123592,불참,2024-02-29
21,LT72093S,2123592,찬성,2024-02-29
21,FDC3144T,2123592,찬성,2024-02-29
21,I7R13867,2123592,찬성,2024-02-29
21,SQ36001H,2123592,찬성,2024-02-29
21,9LD2641Q,2123592,찬성,2024-02-29
21,MD083627,2123592,불참,2024-02-29
21,OSV9142K,2123592,찬성,2024-02-29
21,B7R2742J,2123592,찬성,2024-02-29
21,FJK3396E,2123592,찬성,2024-02-29
21,7O71647Z,2123592,찬성,2024-02-29
21,E1J8836Y,2123592,찬성,2024-02-29
21,RD42006Y,2123592,불참,2024-02-29
21,6EN68926,2123592,찬성,2024-02-29
21,TJW93720,2123592,불참,2024-02-29
21,9S151177,2123592,찬성,2024-02-29
21,TZ228122,2123592,찬성,2024-02-29
21,XA42275R,2123592,불참,2024-02-29
21,F5U2979W,2123592,찬성,2024-02-29
21,DWK26447,2123592,찬성,2024-02-29
21,DV77269P,2123592,찬성,2024-02-29
21,YTA7297R,2123592,찬성,2024-02-29
21,4X525582,2123592,찬성,2024-02-29
21,G7512472,2123592,불참,2024-02-29
21,3TO11703,2123592,찬성,2024-02-29
21,MU69217P,2123592,불참,2024-02-29
21,JVB6983V,2123592,찬성,2024-02-29
21,DAY6557K,2123592,찬성,2024-02-29
21,P2N50879,2123592,찬성,2024-02-29
21,A2V51235,2123592,찬성,2024-02-29
21,7I09543O,2123592,찬성,2024-02-29
21,3DK8989T,2123592,불참,2024-02-29
21,ZYH1940A,2123592,찬성,2024-02-29
21,M0A1658U,2123592,찬성,2024-02-29
21,HSW1214Q,2123592,찬성,2024-02-29
21,5765663F,2123592,찬성,2024-02-29
21,M7T9712V,2123592,찬성,2024-02-29
21,60490713,2123592,찬성,2024-02-29
21,1WE5693J,2123592,찬성,2024-02-29
21,8FB1535Y,2123592,찬성,2024-02-29
21,WFU14784,2123592,불참,2024-02-29
21,SU53086M,2123592,찬성,2024-02-29
21,0WL9321T,2123592,찬성,2024-02-29
21,8348421R,2123592,불참,2024-02-29
21,JQA21112,2123592,찬성,2024-02-29
21,4L695580,2123592,찬성,2024-02-29
21,RPN2293B,2123592,찬성,2024-02-29
21,V429892C,2123592,찬성,2024-02-29
21,IN328264,2123592,불참,2024-02-29
21,0827740Q,2123592,불참,2024-02-29
21,0W194007,2123592,찬성,2024-02-29
21,I5I2468R,2123592,찬성,2024-02-29
21,3425169D,2123592,찬성,2024-02-29
21,IOW1101J,2123592,불참,2024-02-29
21,6MO8786S,2123592,찬성,2024-02-29
21,CT85313K,2123592,찬성,2024-02-29
21,BLC8630L,2123592,찬성,2024-02-29
21,NQR1206Q,2123592,찬성,2024-02-29
21,LG63087O,2123592,찬성,2024-02-29
21,WCD5518S,2123592,찬성,2024-02-29
21,9JF4562W,2123592,찬성,2024-02-29
21,KUO3574J,2123592,찬성,2024-02-29
21,D6U6678O,2123592,찬성,2024-02-29
21,FU87526G,2123592,찬성,2024-02-29
21,S9U45255,2123592,찬성,2024-02-29
21,8FC9697X,2123592,불참,2024-02-29
21,QKO6165V,2123592,찬성,2024-02-29
21,ZRF3039U,2123592,불참,2024-02-29
21,68P7228G,2123592,찬성,2024-02-29
21,XPP2564T,2123592,찬성,2024-02-29
21,LQW3652K,2123592,불참,2024-02-29
21,UB114374,2123592,찬성,2024-02-29
21,GAV6441G,2123592,찬성,2024-02-29
21,7JC3239L,2123592,불참,2024-02-29
21,40S1959J,2123592,불참,2024-02-29
21,IL74008M,2123592,찬성,2024-02-29
21,8KF7223D,2123592,불참,2024-02-29
21,3C23171A,2123592,찬성,2024-02-29
21,P2N4585G,2123592,불참,2024-02-29
21,JMY9959W,2123592,불참,2024-02-29
21,6AR6743G,2123592,불참,2024-02-29
21,VCP96419,2123592,찬성,2024-02-29
21,YOG1280B,2123592,찬성,2024-02-29
21,FIC9046Z,2123592,찬성,2024-02-29
21,NUB4941Z,2123592,찬성,2024-02-29
21,KFM1081G,2123592,찬성,2024-02-29
21,F0I5053J,2123592,찬성,2024-02-29
21,MSO2590I,2123592,찬성,2024-02-29
21,C835799S,2123592,찬성,2024-02-29
21,NLR6572J,2123592,찬성,2024-02-29
21,L7T64271,2123592,불참,2024-02-29
21,GKD32201,2123592,찬성,2024-02-29
21,S741317G,2123592,찬성,2024-02-29
21,CCU1009B,2123592,찬성,2024-02-29
21,2N793392,2123592,찬성,2024-02-29
21,LM13674V,2123592,불참,2024-02-29
21,QD25323M,2123592,찬성,2024-02-29
21,GP07421U,2123592,불참,2024-02-29
21,FGI27280,2123592,찬성,2024-02-29
21,USR7059P,2123592,찬성,2024-02-29
21,4XG1439M,2123592,찬성,2024-02-29
21,A0P4646G,2123592,찬성,2024-02-29
21,7469929V,2123592,찬성,2024-02-29
21,D4L60530,2123592,불참,2024-02-29
21,M6H1705E,2123592,불참,2024-02-29
21,OFE45081,2123592,찬성,2024-02-29
21,09I2323E,2123592,찬성,2024-02-29
21,NTT8182Q,2123592,찬성,2024-02-29
21,A3H7195R,2123592,찬성,2024-02-29
21,0VU8517U,2123592,불참,2024-02-29
21,NZF1659U,2123592,불참,2024-02-29
21,WDS6044S,2123592,불참,2024-02-29
21,3BC6890E,2123592,찬성,2024-02-29
21,ZDR63255,2123592,불참,2024-02-29
21,KR14136C,2123592,불참,2024-02-29
21,GFF1986K,2123592,찬성,2024-02-29
21,ZKU88693,2123592,불참,2024-02-29
21,WJL30106,2123592,찬성,2024-02-29
21,5KV96424,2123592,찬성,2024-02-29
21,KNM3215T,2123592,찬성,2024-02-29
21,UM51067K,2123592,찬성,2024-02-29
21,HKJ99607,2123592,불참,2024-02-29
21,X3170462,2123592,찬성,2024-02-29
21,MY318392,2123592,찬성,2024-02-29
21,4T026790,2123592,찬성,2024-02-29
21,EH27538E,2123592,찬성,2024-02-29
21,PZA4062H,2123592,찬성,2024-02-29
21,MR210505,2123592,찬성,2024-02-29
21,GF286398,2123592,찬성,2024-02-29
21,H5476989,2123592,찬성,2024-02-29
21,40E3739H,2123592,찬성,2024-02-29
21,6FS10566,2123592,찬성,2024-02-29
21,HXT76735,2123592,찬성,2024-02-29
21,0R68099X,2123592,찬성,2024-02-29
21,6RM29022,2123592,찬성,2024-02-29
21,MQU41854,2123592,찬성,2024-02-29
21,2385336L,2123592,불참,2024-02-29
21,XBT9550Q,2123592,찬성,2024-02-29
21,ZA54991S,2123592,불참,2024-02-29
21,MO52543L,2123592,불참,2024-02-29
21,X1K3667J,2123592,불참,2024-02-29
21,WMG57662,2123592,찬성,2024-02-29
21,WTR5885Y,2123592,찬성,2024-02-29
21,25I8709Q,2123592,불참,2024-02-29
21,OIA3741M,2123592,찬성,2024-02-29
21,XWX1513T,2123592,찬성,2024-02-29
21,OW53107J,2123592,불참,2024-02-29
21,PEP6922S,2123592,찬성,2024-02-29
21,DAN6731C,2123592,불참,2024-02-29
21,VG24001G,2123592,찬성,2024-02-29
21,L2I9861C,2123592,찬성,2024-02-29
21,SVH3899R,2123592,불참,2024-02-29
21,IOW8224X,2123592,찬성,2024-02-29
21,Y7K5946R,2123592,찬성,2024-02-29
21,Z7Y7827F,2123592,불참,2024-02-29
21,ATB59635,2123592,찬성,2024-02-29
21,8SV6917G,2123592,찬성,2024-02-29
21,GD131760,2123592,찬성,2024-02-29
21,V0O5343U,2123592,불참,2024-02-29
21,P0F1530P,2123592,불참,2024-02-29
21,FRN1867O,2123592,찬성,2024-02-29
21,RO593601,2123592,찬성,2024-02-29
21,PFG2137X,2123592,찬성,2024-02-29
21,0YT3774N,2123592,찬성,2024-02-29
21,8P37634C,2123592,찬성,2024-02-29
21,CNZ51556,2123592,불참,2024-02-29
21,N4R2421C,2123592,찬성,2024-02-29
21,GDG1847Z,2123592,불참,2024-02-29
21,O7R5461J,2123592,찬성,2024-02-29
21,7R156073,2123592,불참,2024-02-29
21,J2O8643H,2123592,불참,2024-02-29
21,6AU2417B,2123592,불참,2024-02-29
21,GX22581L,2123592,찬성,2024-02-29
21,SE233396,2123592,찬성,2024-02-29
21,AFH96856,2123592,불참,2024-02-29
21,52P3934K,2123592,불참,2024-02-29
21,B7H6207C,2123592,찬성,2024-02-29
21,6399076T,2123592,불참,2024-02-29
21,6RD62559,2123592,찬성,2024-02-29
21,1Y73132H,2123592,찬성,2024-02-29
21,I0S53762,2123592,불참,2024-02-29
21,LH97552Q,2123592,찬성,2024-02-29
21,TKJ4800F,2123592,찬성,2024-02-29
21,04T3751T,2123592,찬성,2024-02-29
21,MSY7784L,2123592,찬성,2024-02-29
21,EVH1507C,2123592,찬성,2024-02-29
21,K5F2023J,2123592,찬성,2024-02-29
21,14M56632,2123592,찬성,2024-02-29
21,5MD4184K,2123592,찬성,2024-02-29
21,5K93695T,2123592,찬성,2024-02-29
21,E9R4507P,2123592,찬성,2024-02-29
21,UHB5553T,2123592,찬성,2024-02-29
21,KFS1358P,2123592,찬성,2024-02-29
21,A494529E,2123592,불참,2024-02-29
21,O0I2045I,2123592,찬성,2024-02-29
21,QUM8288K,2123592,찬성,2024-02-29
21,S824682L,2123592,찬성,2024-02-29
21,W4X85128,2123592,찬성,2024-02-29
21,Q9H5708M,2123592,불참,2024-02-29
21,MRK4871S,2123592,찬성,2024-02-29
21,BM63269Y,2123592,찬성,2024-02-29
21,M7O7878U,2123592,찬성,2024-02-29
21,YLS4431M,2123592,불참,2024-02-29
21,MNZ4401T,2123592,불참,2024-02-29
21,3ZR4438W,2123592,찬성,2024-02-29
21,HSS7466Y,2123592,찬성,2024-02-29
21,16D7652C,2123592,불참,2024-02-29
21,KB04377U,2123592,찬성,2024-02-29
21,FU53642G,2123592,찬성,2024-02-29
21,MLH1404S,2123592,불참,2024-02-29
21,XR24352K,2123592,찬성,2024-02-29
21,QQP4727N,2123592,찬성,2024-02-29
21,GOC54665,2123592,찬성,2024-02-29
21,5UN9725L,2123592,찬성,2024-02-29
21,LJK4960Z,2123592,불참,2024-02-29
21,K3W33496,2123592,불참,2024-02-29
21,NCO99988,2123592,찬성,2024-02-29
21,M2Q9024I,2123592,불참,2024-02-29
21,CI15627C,2123592,찬성,2024-02-29
21,C7E79345,2123592,불참,2024-02-29
21,4019850M,2123592,불참,2024-02-29
21,9YO73104,2123592,불참,2024-02-29
21,7BM2933Y,2123592,찬성,2024-02-29
21,2UD1340H,2123592,찬성,2024-02-29
21,X7I4680R,2123592,찬성,2024-02-29
21,EMC8812P,2123592,찬성,2024-02-29
21,XJC13432,2123592,찬성,2024-02-29
21,XSP20229,2123592,불참,2024-02-29
21,3RW63706,2123592,찬성,2024-02-29
21,FH777496,2123592,찬성,2024-02-29
21,FYI20317,2123592,찬성,2024-02-29
21,8X15119P,2123592,불참,2024-02-29
21,XEF29171,2123592,찬성,2024-02-29
21,WVU2479T,2123592,불참,2024-02-29
21,9D939735,2123592,찬성,2024-02-29
21,QTW6852F,2123592,찬성,2024-02-29
21,7XY7109I,2123592,찬성,2024-02-29
21,TST4507I,2123592,불참,2024-02-29
21,JC14718Q,2123592,찬성,2024-02-29
21,L7J93733,2123592,찬성,2024-02-29
21,DAV7257X,2123592,찬성,2024-02-29
21,GE71932C,2123592,찬성,2024-02-29
21,6YT83269,2123592,찬성,2024-02-29
21,1MU99298,2123592,찬성,2024-02-29
21,17M85910,2123592,찬성,2024-02-29
21,G152611B,2123592,찬성,2024-02-29
21,G1570880,2123592,찬성,2024-02-29
21,FOK3459D,2123592,찬성,2024-02-29
21,QUO78839,2123592,찬성,2024-02-29
21,BT62420K,2123592,불참,2024-02-29
21,LPB30152,2123592,찬성,2024-02-29
21,TZP9391O,2123592,찬성,2024-02-29
21,6V37131U,2123592,찬성,2024-02-29
21,ZDP5704Q,2123592,찬성,2024-02-29
21,71J2365L,2123592,찬성,2024-02-29
21,1BX7234U,2123592,찬성,2024-02-29
21,QHL3248U,2123592,불참,2024-02-29
21,9V18755A,2123592,찬성,2024-02-29
21,PO64874I,2123592,불참,2024-02-29
21,LBC8144B,2123592,찬성,2024-02-29
21,VHK3402G,2123592,불참,2024-02-29
21,SZ51175J,2123592,찬성,2024-02-29
21,F5U2979W,2117634,불참,2022-12-08
21,NUB4941Z,2117634,기권,2022-12-08
21,NLR6572J,2117634,찬성,2022-12-08
21,JNL7001A,2117634,찬성,2022-12-08
21,L7T64271,2117634,찬성,2022-12-08
21,3TO11703,2117634,불참,2022-12-08
21,66W6739S,2117634,불참,2022-12-08
21,LM13674V,2117634,찬성,2022-12-08
21,QD25323M,2117634,불참,2022-12-08
21,JVB6983V,2117634,찬성,2022-12-08
21,GP07421U,2117634,기권,2022-12-08
21,4XG1439M,2117634,찬성,2022-12-08
21,P2N50879,2117634,기권,2022-12-08
21,A2V51235,2117634,찬성,2022-12-08
21,7I09543O,2117634,찬성,2022-12-08
21,OFE45081,2117634,기권,2022-12-08
21,0VU8517U,2117634,찬성,2022-12-08
21,M0A1658U,2117634,찬성,2022-12-08
21,SRP7336N,2117634,불참,2022-12-08
21,5KV96424,2117634,찬성,2022-12-08
21,60490713,2117634,기권,2022-12-08
21,HKJ99607,2117634,찬성,2022-12-08
21,1WE5693J,2117634,찬성,2022-12-08
21,X3170462,2117634,찬성,2022-12-08
21,8FB1535Y,2117634,찬성,2022-12-08
21,SU53086M,2117634,찬성,2022-12-08
21,GF286398,2117634,찬성,2022-12-08
21,JQA21112,2117634,기권,2022-12-08
21,RPN2293B,2117634,불참,2022-12-08
21,0827740Q,2117634,찬성,2022-12-08
21,0W194007,2117634,찬성,2022-12-08
21,NCP9875N,2117634,찬성,2022-12-08
21,I5I2468R,2117634,찬성,2022-12-08
21,3425169D,2117634,기권,2022-12-08
21,IOW1101J,2117634,기권,2022-12-08
21,CT85313K,2117634,기권,2022-12-08
21,BLC8630L,2117634,기권,2022-12-08
21,DAN6731C,2117634,기권,2022-12-08
21,VG24001G,2117634,찬성,2022-12-08
21,SVH3899R,2117634,찬성,2022-12-08
21,ATB59635,2117634,찬성,2022-12-08
21,SBK1544B,2117634,불참,2022-12-08
21,KUO3574J,2117634,찬성,2022-12-08
21,8SV6917G,2117634,찬성,2022-12-08
21,68P7228G,2117634,기권,2022-12-08
21,LQW3652K,2117634,찬성,2022-12-08
21,IL74008M,2117634,찬성,2022-12-08
21,CNZ51556,2117634,찬성,2022-12-08
21,P2N4585G,2117634,찬성,2022-12-08
21,6AU2417B,2117634,불참,2022-12-08
21,8VJ8533R,2117634,불참,2022-12-08
21,52P3934K,2117634,찬성,2022-12-08
21,6399076T,2117634,찬성,2022-12-08
21,WHV3448W,2117634,찬성,2022-12-08
21,I0S53762,2117634,불참,2022-12-08
21,04T3751T,2117634,불참,2022-12-08
21,EVH1507C,2117634,찬성,2022-12-08
21,5K93695T,2117634,찬성,2022-12-08
21,KFS1358P,2117634,찬성,2022-12-08
21,UGH6481E,2117634,찬성,2022-12-08
21,W4X85128,2117634,불참,2022-12-08
21,JZY9937U,2117634,찬성,2022-12-08
21,M7O7878U,2117634,찬성,2022-12-08
21,KB04377U,2117634,찬성,2022-12-08
21,FU53642G,2117634,찬성,2022-12-08
21,JEZ3130Q,2117634,찬성,2022-12-08
21,LJK4960Z,2117634,찬성,2022-12-08
21,IUD9392R,2117634,찬성,2022-12-08
21,K3W33496,2117634,찬성,2022-12-08
21,CI15627C,2117634,불참,2022-12-08
21,TRE2429O,2117634,찬성,2022-12-08
21,E6U4345C,2117634,반대,2022-12-08
21,EMC8812P,2117634,찬성,2022-12-08
21,XSP20229,2117634,찬성,2022-12-08
21,T465023H,2117634,불참,2022-12-08
21,3RW63706,2117634,찬성,2022-12-08
21,8X15119P,2117634,불참,2022-12-08
21,CNW5754J,2117634,찬성,2022-12-08
21,9D939735,2117634,찬성,2022-12-08
21,JC14718Q,2117634,찬성,2022-12-08
21,5KV82250,2117634,찬성,2022-12-08
21,L7J93733,2117634,찬성,2022-12-08
21,FDC3144T,2117634,찬성,2022-12-08
21,SQ36001H,2117634,기권,2022-12-08
21,QUO78839,2117634,찬성,2022-12-08
21,FJK3396E,2117634,찬성,2022-12-08
21,7O71647Z,2117634,기권,2022-12-08
21,E1J8836Y,2117634,불참,2022-12-08
21,6EN68926,2117634,불참,2022-12-08
21,QHL3248U,2117634,찬성,2022-12-08
21,TZP9391O,2117634,찬성,2022-12-08
21,6V37131U,2117634,기권,2022-12-08
21,OSV9142K,2117634,찬성,2022-12-08
21,B7R2742J,2117634,찬성,2022-12-08
21,ZDP5704Q,2117634,찬성,2022-12-08
21,71J2365L,2117634,찬성,2022-12-08
21,W1Q6753M,2117634,찬성,2022-12-08
21,RD42006Y,2117634,찬성,2022-12-08
21,1BX7234U,2117634,찬성,2022-12-08
21,TJW93720,2117634,기권,2022-12-08
21,9S151177,2117634,찬성,2022-12-08
21,TZ228122,2117634,기권,2022-12-08
21,9V18755A,2117634,찬성,2022-12-08
21,XA42275R,2117634,찬성,2022-12-08
21,PO64874I,2117634,기권,2022-12-08
21,LBC8144B,2117634,불참,2022-12-08
21,VHK3402G,2117634,불참,2022-12-08
21,VRY5522V,2117634,찬성,2022-12-08
21,CAA7713A,2117634,찬성,2022-12-08
21,0PK7354M,2117634,불참,2022-12-08
21,O0I2045I,2117634,찬성,2022-12-08
21,CZB4125D,2117634,찬성,2022-12-08
21,Z6R3959C,2117634,불참,2022-12-08
21,QUM8288K,2117634,반대,2022-12-08
21,S824682L,2117634,찬성,2022-12-08
21,Q9H5708M,2117634,찬성,2022-12-08
21,MRK4871S,2117634,반대,2022-12-08
21,YKW37422,2117634,불참,2022-12-08
21,2NV6751W,2117634,기권,2022-12-08
21,BM63269Y,2117634,찬성,2022-12-08
21,YLS4431M,2117634,불참,2022-12-08
21,MNZ4401T,2117634,반대,2022-12-08
21,3ZR4438W,2117634,찬성,2022-12-08
21,HSS7466Y,2117634,찬성,2022-12-08
21,16D7652C,2117634,찬성,2022-12-08
21,MLH1404S,2117634,찬성,2022-12-08
21,8VY63414,2117634,찬성,2022-12-08
21,XR24352K,2117634,찬성,2022-12-08
21,QQP4727N,2117634,찬성,2022-12-08
21,BCQ55105,2117634,불참,2022-12-08
21,9L57027L,2117634,기권,2022-12-08
21,GOC54665,2117634,기권,2022-12-08
21,5UN9725L,2117634,찬성,2022-12-08
21,M2Q9024I,2117634,찬성,2022-12-08
21,DBA1057Z,2117634,기권,2022-12-08
21,C7E79345,2117634,불참,2022-12-08
21,4019850M,2117634,찬성,2022-12-08
21,UQ282145,2117634,기권,2022-12-08
21,9YO73104,2117634,찬성,2022-12-08
21,7BM2933Y,2117634,기권,2022-12-08
21,CDL93608,2117634,불참,2022-12-08
21,2UD1340H,2117634,찬성,2022-12-08
21,9VR65006,2117634,찬성,2022-12-08
21,X7I4680R,2117634,불참,2022-12-08
21,XJC13432,2117634,불참,2022-12-08
21,RQQ3807K,2117634,찬성,2022-12-08
21,FH777496,2117634,찬성,2022-12-08
21,FYI20317,2117634,찬성,2022-12-08
21,ZYP7962W,2117634,불참,2022-12-08
21,3249208I,2117634,찬성,2022-12-08
21,GX38539O,2117634,기권,2022-12-08
21,8Q88373R,2117634,찬성,2022-12-08
21,XEF29171,2117634,찬성,2022-12-08
21,WVU2479T,2117634,찬성,2022-12-08
21,QTW6852F,2117634,기권,2022-12-08
21,7XY7109I,2117634,찬성,2022-12-08
21,TST4507I,2117634,찬성,2022-12-08
21,DAV7257X,2117634,찬성,2022-12-08
21,LT72093S,2117634,찬성,2022-12-08
21,GE71932C,2117634,불참,2022-12-08
21,6YT83269,2117634,찬성,2022-12-08
21,1MU99298,2117634,찬성,2022-12-08
21,17M85910,2117634,찬성,2022-12-08
21,G152611B,2117634,불참,2022-12-08
21,I7R13867,2117634,찬성,2022-12-08
21,G1570880,2117634,찬성,2022-12-08
21,9LD2641Q,2117634,찬성,2022-12-08
21,FOK3459D,2117634,찬성,2022-12-08
21,BT62420K,2117634,찬성,2022-12-08
21,LPB30152,2117634,찬성,2022-12-08
21,MD083627,2117634,불참,2022-12-08
21,6MO8786S,2117634,찬성,2022-12-08
21,XWX1513T,2117634,찬성,2022-12-08
21,NQR1206Q,2117634,찬성,2022-12-08
21,LG63087O,2117634,불참,2022-12-08
21,OW53107J,2117634,찬성,2022-12-08
21,PEP6922S,2117634,찬성,2022-12-08
21,L2I9861C,2117634,찬성,2022-12-08
21,WCD5518S,2117634,기권,2022-12-08
21,IOW8224X,2117634,찬성,2022-12-08
21,9JF4562W,2117634,찬성,2022-12-08
21,Y7K5946R,2117634,찬성,2022-12-08
21,Z7Y7827F,2117634,찬성,2022-12-08
21,D6U6678O,2117634,기권,2022-12-08
21,FU87526G,2117634,기권,2022-12-08
21,S9U45255,2117634,불참,2022-12-08
21,8FC9697X,2117634,찬성,2022-12-08
21,QKO6165V,2117634,불참,2022-12-08
21,GD131760,2117634,불참,2022-12-08
21,ZRF3039U,2117634,불참,2022-12-08
21,V0O5343U,2117634,찬성,2022-12-08
21,P0F1530P,2117634,찬성,2022-12-08
21,XPP2564T,2117634,불참,2022-12-08
21,FRN1867O,2117634,찬성,2022-12-08
21,RO593601,2117634,불참,2022-12-08
21,PFG2137X,2117634,찬성,2022-12-08
21,UB114374,2117634,찬성,2022-12-08
21,GAV6441G,2117634,찬성,2022-12-08
21,0YT3774N,2117634,찬성,2022-12-08
21,7JC3239L,2117634,불참,2022-12-08
21,40S1959J,2117634,찬성,2022-12-08
21,8KF7223D,2117634,찬성,2022-12-08
21,8P37634C,2117634,찬성,2022-12-08
21,N4R2421C,2117634,불참,2022-12-08
21,3C23171A,2117634,찬성,2022-12-08
21,GDG1847Z,2117634,기권,2022-12-08
21,O7R5461J,2117634,찬성,2022-12-08
21,JMY9959W,2117634,불참,2022-12-08
21,7R156073,2117634,찬성,2022-12-08
21,6AR6743G,2117634,찬성,2022-12-08
21,J2O8643H,2117634,찬성,2022-12-08
21,VCP96419,2117634,찬성,2022-12-08
21,B7D7534L,2117634,찬성,2022-12-08
21,GX22581L,2117634,찬성,2022-12-08
21,SE233396,2117634,찬성,2022-12-08
21,AFH96856,2117634,찬성,2022-12-08
21,B7H6207C,2117634,찬성,2022-12-08
21,4U29186R,2117634,찬성,2022-12-08
21,F5Y4026Q,2117634,불참,2022-12-08
21,6RD62559,2117634,찬성,2022-12-08
21,1Y73132H,2117634,찬성,2022-12-08
21,LH97552Q,2117634,기권,2022-12-08
21,TKJ4800F,2117634,불참,2022-12-08
21,O6D8329R,2117634,찬성,2022-12-08
21,MSY7784L,2117634,불참,2022-12-08
21,K5F2023J,2117634,찬성,2022-12-08
21,14M56632,2117634,찬성,2022-12-08
21,N9X9673B,2117634,불참,2022-12-08
21,5MD4184K,2117634,찬성,2022-12-08
21,DPZ7685X,2117634,찬성,2022-12-08
21,6U243644,2117634,찬성,2022-12-08
21,E9R4507P,2117634,찬성,2022-12-08
21,UHB5553T,2117634,찬성,2022-12-08
21,J9S37905,2117634,찬성,2022-12-08
21,A494529E,2117634,찬성,2022-12-08
21,YOG1280B,2117634,불참,2022-12-08
21,FIC9046Z,2117634,불참,2022-12-08
21,DWK26447,2117634,찬성,2022-12-08
21,KFM1081G,2117634,찬성,2022-12-08
21,YTA7297R,2117634,찬성,2022-12-08
21,4X525582,2117634,불참,2022-12-08
21,GKD32201,2117634,찬성,2022-12-08
21,G7512472,2117634,찬성,2022-12-08
21,S741317G,2117634,찬성,2022-12-08
21,CCU1009B,2117634,찬성,2022-12-08
21,MU69217P,2117634,기권,2022-12-08
21,2N793392,2117634,찬성,2022-12-08
21,DAY6557K,2117634,찬성,2022-12-08
21,FGI27280,2117634,불참,2022-12-08
21,USR7059P,2117634,불참,2022-12-08
21,A0P4646G,2117634,불참,2022-12-08
21,3DK8989T,2117634,불참,2022-12-08
21,7469929V,2117634,찬성,2022-12-08
21,D4L60530,2117634,찬성,2022-12-08
21,M6H1705E,2117634,찬성,2022-12-08
21,09I2323E,2117634,불참,2022-12-08
21,NTT8182Q,2117634,반대,2022-12-08
21,A3H7195R,2117634,찬성,2022-12-08
21,ZYH1940A,2117634,찬성,2022-12-08
21,HSW1214Q,2117634,찬성,2022-12-08
21,NZF1659U,2117634,찬성,2022-12-08
21,WDS6044S,2117634,불참,2022-12-08
21,3BC6890E,2117634,찬성,2022-12-08
21,ZDR63255,2117634,찬성,2022-12-08
21,KR14136C,2117634,찬성,2022-12-08
21,5765663F,2117634,찬성,2022-12-08
21,GFF1986K,2117634,찬성,2022-12-08
21,ZKU88693,2117634,찬성,2022-12-08
21,WJL30106,2117634,불참,2022-12-08
21,KNM3215T,2117634,찬성,2022-12-08
21,M7T9712V,2117634,찬성,2022-12-08
21,UM51067K,2117634,찬성,2022-12-08
21,MY318392,2117634,찬성,2022-12-08
21,4T026790,2117634,찬성,2022-12-08
21,EH27538E,2117634,찬성,2022-12-08
21,WFU14784,2117634,찬성,2022-12-08
21,0WL9321T,2117634,찬성,2022-12-08
21,PZA4062H,2117634,찬성,2022-12-08
21,MR210505,2117634,불참,2022-12-08
21,8348421R,2117634,불참,2022-12-08
21,H5476989,2117634,찬성,2022-12-08
21,4L695580,2117634,찬성,2022-12-08
21,40E3739H,2117634,찬성,2022-12-08
21,HXT76735,2117634,찬성,2022-12-08
21,0R68099X,2117634,찬성,2022-12-08
21,6RM29022,2117634,찬성,2022-12-08
21,MQU41854,2117634,기권,2022-12-08
21,V429892C,2117634,찬성,2022-12-08
21,2385336L,2117634,찬성,2022-12-08
21,IN328264,2117634,찬성,2022-12-08
21,XBT9550Q,2117634,찬성,2022-12-08
21,ZA54991S,2117634,찬성,2022-12-08
21,MO52543L,2117634,찬성,2022-12-08
21,X1K3667J,2117634,찬성,2022-12-08
21,WMG57662,2117634,찬성,2022-12-08
21,WTR5885Y,2117634,반대,2022-12-08
21,ICH23251,2117634,찬성,2022-12-08
21,25I8709Q,2117634,기권,2022-12-08
21,OIA3741M,2117634,찬성,2022-12-08
21,F5U2979W,2115755,찬성,2022-05-29
21,JNL7001A,2115755,찬성,2022-05-29
21,L7T64271,2115755,찬성,2022-05-29
21,GKD32201,2115755,찬성,2022-05-29
21,G7512472,2115755,불참,2022-05-29
21,3TO11703,2115755,찬성,2022-05-29
21,S741317G,2115755,찬성,2022-05-29
21,CCU1009B,2115755,찬성,2022-05-29
21,2N793392,2115755,불참,2022-05-29
21,66W6739S,2115755,찬성,2022-05-29
21,LM13674V,2115755,찬성,2022-05-29
21,QD25323M,2115755,찬성,2022-05-29
21,GP07421U,2115755,찬성,2022-05-29
21,FGI27280,2115755,불참,2022-05-29
21,4XG1439M,2115755,찬성,2022-05-29
21,P2N50879,2115755,찬성,2022-05-29
21,A0P4646G,2115755,반대,2022-05-29
21,A2V51235,2115755,찬성,2022-05-29
21,7I09543O,2115755,찬성,2022-05-29
21,7469929V,2115755,찬성,2022-05-29
21,D4L60530,2115755,찬성,2022-05-29
21,M6H1705E,2115755,찬성,2022-05-29
21,09I2323E,2115755,불참,2022-05-29
21,NTT8182Q,2115755,찬성,2022-05-29
21,A3H7195R,2115755,불참,2022-05-29
21,ZYH1940A,2115755,찬성,2022-05-29
21,0VU8517U,2115755,불참,2022-05-29
21,M0A1658U,2115755,불참,2022-05-29
21,HSW1214Q,2115755,찬성,2022-05-29
21,NZF1659U,2115755,불참,2022-05-29
21,WDS6044S,2115755,찬성,2022-05-29
21,3BC6890E,2115755,찬성,2022-05-29
21,ZDR63255,2115755,찬성,2022-05-29
21,KR14136C,2115755,찬성,2022-05-29
21,SRP7336N,2115755,불참,2022-05-29
21,GFF1986K,2115755,불참,2022-05-29
21,WJL30106,2115755,불참,2022-05-29
21,5KV96424,2115755,찬성,2022-05-29
21,M7T9712V,2115755,불참,2022-05-29
21,60490713,2115755,불참,2022-05-29
21,HKJ99607,2115755,불참,2022-05-29
21,1WE5693J,2115755,불참,2022-05-29
21,8FB1535Y,2115755,찬성,2022-05-29
21,SU53086M,2115755,불참,2022-05-29
21,PZA4062H,2115755,찬성,2022-05-29
21,MR210505,2115755,불참,2022-05-29
21,GF286398,2115755,불참,2022-05-29
21,8348421R,2115755,찬성,2022-05-29
21,H5476989,2115755,찬성,2022-05-29
21,JQA21112,2115755,불참,2022-05-29
21,4L695580,2115755,찬성,2022-05-29
21,HXT76735,2115755,찬성,2022-05-29
21,RPN2293B,2115755,찬성,2022-05-29
21,0R68099X,2115755,찬성,2022-05-29
21,6RM29022,2115755,기권,2022-05-29
21,MQU41854,2115755,찬성,2022-05-29
21,V429892C,2115755,찬성,2022-05-29
21,2385336L,2115755,불참,2022-05-29
21,IN328264,2115755,찬성,2022-05-29
21,XBT9550Q,2115755,불참,2022-05-29
21,MO52543L,2115755,불참,2022-05-29
21,0W194007,2115755,찬성,2022-05-29
21,WMG57662,2115755,찬성,2022-05-29
21,NCP9875N,2115755,찬성,2022-05-29
21,I5I2468R,2115755,찬성,2022-05-29
21,WTR5885Y,2115755,찬성,2022-05-29
21,IOW1101J,2115755,불참,2022-05-29
21,25I8709Q,2115755,찬성,2022-05-29
21,OIA3741M,2115755,찬성,2022-05-29
21,6MO8786S,2115755,찬성,2022-05-29
21,XWX1513T,2115755,찬성,2022-05-29
21,CT85313K,2115755,찬성,2022-05-29
21,NQR1206Q,2115755,찬성,2022-05-29
21,LG63087O,2115755,불참,2022-05-29
21,PEP6922S,2115755,찬성,2022-05-29
21,DAN6731C,2115755,찬성,2022-05-29
21,L2I9861C,2115755,불참,2022-05-29
21,WCD5518S,2115755,찬성,2022-05-29
21,SVH3899R,2115755,불참,2022-05-29
21,I434361W,2115755,찬성,2022-05-29
21,IOW8224X,2115755,찬성,2022-05-29
21,9JF4562W,2115755,찬성,2022-05-29
21,Y7K5946R,2115755,찬성,2022-05-29
21,ATB59635,2115755,찬성,2022-05-29
21,SBK1544B,2115755,불참,2022-05-29
21,KUO3574J,2115755,찬성,2022-05-29
21,D6U6678O,2115755,찬성,2022-05-29
21,S9U45255,2115755,찬성,2022-05-29
21,QKO6165V,2115755,불참,2022-05-29
21,GD131760,2115755,찬성,2022-05-29
21,V0O5343U,2115755,불참,2022-05-29
21,P0F1530P,2115755,불참,2022-05-29
21,FRN1867O,2115755,불참,2022-05-29
21,LQW3652K,2115755,반대,2022-05-29
21,RO593601,2115755,찬성,2022-05-29
21,UB114374,2115755,찬성,2022-05-29
21,GAV6441G,2115755,찬성,2022-05-29
21,0YT3774N,2115755,찬성,2022-05-29
21,7JC3239L,2115755,찬성,2022-05-29
21,IL74008M,2115755,찬성,2022-05-29
21,8KF7223D,2115755,찬성,2022-05-29
21,8P37634C,2115755,찬성,2022-05-29
21,CNZ51556,2115755,찬성,2022-05-29
21,3C23171A,2115755,찬성,2022-05-29
21,GDG1847Z,2115755,찬성,2022-05-29
21,P2N4585G,2115755,찬성,2022-05-29
21,O7R5461J,2115755,찬성,2022-05-29
21,JMY9959W,2115755,찬성,2022-05-29
21,6AR6743G,2115755,찬성,2022-05-29
21,VCP96419,2115755,찬성,2022-05-29
21,6AU2417B,2115755,불참,2022-05-29
21,8VJ8533R,2115755,찬성,2022-05-29
21,B7D7534L,2115755,찬성,2022-05-29
21,GX22581L,2115755,기권,2022-05-29
21,SE233396,2115755,찬성,2022-05-29
21,AFH96856,2115755,찬성,2022-05-29
21,52P3934K,2115755,불참,2022-05-29
21,B7H6207C,2115755,찬성,2022-05-29
21,6399076T,2115755,찬성,2022-05-29
21,4U29186R,2115755,불참,2022-05-29
21,WHV3448W,2115755,찬성,2022-05-29
21,1Y73132H,2115755,찬성,2022-05-29
21,LH97552Q,2115755,찬성,2022-05-29
21,TKJ4800F,2115755,찬성,2022-05-29
21,O6D8329R,2115755,불참,2022-05-29
21,MSY7784L,2115755,불참,2022-05-29
21,EVH1507C,2115755,찬성,2022-05-29
21,K5F2023J,2115755,찬성,2022-05-29
21,14M56632,2115755,불참,2022-05-29
21,5MD4184K,2115755,찬성,2022-05-29
21,5K93695T,2115755,불참,2022-05-29
21,6U243644,2115755,찬성,2022-05-29
21,UHB5553T,2115755,찬성,2022-05-29
21,KFS1358P,2115755,찬성,2022-05-29
21,J9S37905,2115755,찬성,2022-05-29
21,A494529E,2115755,찬성,2022-05-29
21,CAA7713A,2115755,찬성,2022-05-29
21,0PK7354M,2115755,찬성,2022-05-29
21,CZB4125D,2115755,찬성,2022-05-29
21,QUM8288K,2115755,불참,2022-05-29
21,UGH6481E,2115755,찬성,2022-05-29
21,S824682L,2115755,찬성,2022-05-29
21,W4X85128,2115755,불참,2022-05-29
21,Q9H5708M,2115755,찬성,2022-05-29
21,MRK4871S,2115755,불참,2022-05-29
21,YKW37422,2115755,불참,2022-05-29
21,2NV6751W,2115755,찬성,2022-05-29
21,BM63269Y,2115755,찬성,2022-05-29
21,M7O7878U,2115755,불참,2022-05-29
21,YLS4431M,2115755,불참,2022-05-29
21,MNZ4401T,2115755,찬성,2022-05-29
21,3ZR4438W,2115755,찬성,2022-05-29
21,HSS7466Y,2115755,불참,2022-05-29
21,16D7652C,2115755,찬성,2022-05-29
21,KB04377U,2115755,찬성,2022-05-29
21,MLH1404S,2115755,찬성,2022-05-29
21,XR24352K,2115755,찬성,2022-05-29
21,JEZ3130Q,2115755,찬성,2022-05-29
21,GOC54665,2115755,찬성,2022-05-29
21,5UN9725L,2115755,불참,2022-05-29
21,LJK4960Z,2115755,불참,2022-05-29
21,K3W33496,2115755,불참,2022-05-29
21,M2Q9024I,2115755,불참,2022-05-29
21,C7E79345,2115755,찬성,2022-05-29
21,4019850M,2115755,찬성,2022-05-29
21,UQ282145,2115755,불참,2022-05-29
21,TRE2429O,2115755,기권,2022-05-29
21,E6U4345C,2115755,찬성,2022-05-29
21,7BM2933Y,2115755,찬성,2022-05-29
21,CDL93608,2115755,불참,2022-05-29
21,2UD1340H,2115755,찬성,2022-05-29
21,9VR65006,2115755,불참,2022-05-29
21,X7I4680R,2115755,불참,2022-05-29
21,EMC8812P,2115755,찬성,2022-05-29
21,XJC13432,2115755,불참,2022-05-29
21,XSP20229,2115755,찬성,2022-05-29
21,T465023H,2115755,찬성,2022-05-29
21,3RW63706,2115755,찬성,2022-05-29
21,FH777496,2115755,찬성,2022-05-29
21,FYI20317,2115755,찬성,2022-05-29
21,8X15119P,2115755,불참,2022-05-29
21,CNW5754J,2115755,찬성,2022-05-29
21,3249208I,2115755,찬성,2022-05-29
21,GX38539O,2115755,찬성,2022-05-29
21,XEF29171,2115755,찬성,2022-05-29
21,9D939735,2115755,찬성,2022-05-29
21,QTW6852F,2115755,찬성,2022-05-29
21,7XY7109I,2115755,찬성,2022-05-29
21,TST4507I,2115755,찬성,2022-05-29
21,L7J93733,2115755,찬성,2022-05-29
21,DAV7257X,2115755,찬성,2022-05-29
21,LT72093S,2115755,찬성,2022-05-29
21,GE71932C,2115755,기권,2022-05-29
21,6YT83269,2115755,찬성,2022-05-29
21,1MU99298,2115755,찬성,2022-05-29
21,FDC3144T,2115755,찬성,2022-05-29
21,17M85910,2115755,찬성,2022-05-29
21,G152611B,2115755,불참,2022-05-29
21,I7R13867,2115755,찬성,2022-05-29
21,G1570880,2115755,찬성,2022-05-29
21,FOK3459D,2115755,찬성,2022-05-29
21,QUO78839,2115755,불참,2022-05-29
21,BT62420K,2115755,불참,2022-05-29
21,LPB30152,2115755,불참,2022-05-29
21,MD083627,2115755,찬성,2022-05-29
21,TZP9391O,2115755,찬성,2022-05-29
21,6V37131U,2115755,찬성,2022-05-29
21,OSV9142K,2115755,찬성,2022-05-29
21,FJK3396E,2115755,찬성,2022-05-29
21,ZDP5704Q,2115755,찬성,2022-05-29
21,71J2365L,2115755,불참,2022-05-29
21,7O71647Z,2115755,불참,2022-05-29
21,W1Q6753M,2115755,찬성,2022-05-29
21,E1J8836Y,2115755,찬성,2022-05-29
21,RD42006Y,2115755,찬성,2022-05-29
21,6EN68926,2115755,찬성,2022-05-29
21,1BX7234U,2115755,찬성,2022-05-29
21,QHL3248U,2115755,찬성,2022-05-29
21,TJW93720,2115755,찬성,2022-05-29
21,9S151177,2115755,찬성,2022-05-29
21,TZ228122,2115755,찬성,2022-05-29
21,9V18755A,2115755,찬성,2022-05-29
21,XA42275R,2115755,찬성,2022-05-29
21,PO64874I,2115755,불참,2022-05-29
21,VHK3402G,2115755,불참,2022-05-29
21,SQ36001H,2115755,찬성,2022-05-29
21,9LD2641Q,2115755,찬성,2022-05-29
21,B7R2742J,2115755,찬성,2022-05-29
21,FIC9046Z,2115755,불참,2022-05-29
21,NLR6572J,2115755,찬성,2022-05-29
21,4X525582,2115755,불참,2022-05-29
21,MU69217P,2115755,찬성,2022-05-29
21,JVB6983V,2115755,찬성,2022-05-29
21,DAY6557K,2115755,찬성,2022-05-29
21,USR7059P,2115755,찬성,2022-05-29
21,3DK8989T,2115755,찬성,2022-05-29
21,OFE45081,2115755,불참,2022-05-29
21,5765663F,2115755,찬성,2022-05-29
21,ZKU88693,2115755,기권,2022-05-29
21,KNM3215T,2115755,기권,2022-05-29
21,UM51067K,2115755,불참,2022-05-29
21,X3170462,2115755,찬성,2022-05-29
21,MY318392,2115755,찬성,2022-05-29
21,4T026790,2115755,찬성,2022-05-29
21,EH27538E,2115755,찬성,2022-05-29
21,WFU14784,2115755,찬성,2022-05-29
21,0WL9321T,2115755,불참,2022-05-29
21,40E3739H,2115755,찬성,2022-05-29
21,ZA54991S,2115755,찬성,2022-05-29
21,0827740Q,2115755,찬성,2022-05-29
21,X1K3667J,2115755,찬성,2022-05-29
21,3425169D,2115755,찬성,2022-05-29
21,ICH23251,2115755,불참,2022-05-29
21,BLC8630L,2115755,불참,2022-05-29
21,OW53107J,2115755,찬성,2022-05-29
21,VG24001G,2115755,찬성,2022-05-29
21,Z7Y7827F,2115755,찬성,2022-05-29
21,FU87526G,2115755,찬성,2022-05-29
21,8SV6917G,2115755,찬성,2022-05-29
21,8FC9697X,2115755,불참,2022-05-29
21,ZRF3039U,2115755,찬성,2022-05-29
21,68P7228G,2115755,찬성,2022-05-29
21,XPP2564T,2115755,불참,2022-05-29
21,PFG2137X,2115755,불참,2022-05-29
21,40S1959J,2115755,찬성,2022-05-29
21,N4R2421C,2115755,불참,2022-05-29
21,7R156073,2115755,불참,2022-05-29
21,J2O8643H,2115755,불참,2022-05-29
21,F5Y4026Q,2115755,찬성,2022-05-29
21,I0S53762,2115755,찬성,2022-05-29
21,04T3751T,2115755,찬성,2022-05-29
21,N9X9673B,2115755,불참,2022-05-29
21,DPZ7685X,2115755,찬성,2022-05-29
21,E9R4507P,2115755,불참,2022-05-29
21,VRY5522V,2115755,찬성,2022-05-29
21,O0I2045I,2115755,찬성,2022-05-29
21,Z6R3959C,2115755,찬성,2022-05-29
21,JZY9937U,2115755,찬성,2022-05-29
21,FU53642G,2115755,찬성,2022-05-29
21,8VY63414,2115755,찬성,2022-05-29
21,QQP4727N,2115755,찬성,2022-05-29
21,BCQ55105,2115755,불참,2022-05-29
21,9L57027L,2115755,찬성,2022-05-29
21,DBA1057Z,2115755,찬성,2022-05-29
21,CI15627C,2115755,찬성,2022-05-29
21,9YO73104,2115755,찬성,2022-05-29
21,RQQ3807K,2115755,찬성,2022-05-29
21,ZYP7962W,2115755,찬성,2022-05-29
21,8Q88373R,2115755,찬성,2022-05-29
21,WVU2479T,2115755,불참,2022-05-29
21,JC14718Q,2115755,찬성,2022-05-29
21,5KV82250,2115755,찬성,2022-05-29
21,JNL7001A,2106243,찬성,2020-12-09
21,GKD32201,2106243,찬성,2020-12-09
21,S741317G,2106243,찬성,2020-12-09
21,2N793392,2106243,찬성,2020-12-09
21,66W6739S,2106243,찬성,2020-12-09
21,LM13674V,2106243,불참,2020-12-09
21,DAY6557K,2106243,찬성,2020-12-09
21,A0P4646G,2106243,찬성,2020-12-09
21,7I09543O,2106243,찬성,2020-12-09
21,1X376850,2106243,찬성,2020-12-09
21,3DK8989T,2106243,불참,2020-12-09
21,7469929V,2106243,찬성,2020-12-09
21,D4L60530,2106243,찬성,2020-12-09
21,M6H1705E,2106243,찬성,2020-12-09
21,OFE45081,2106243,찬성,2020-12-09
21,NTT8182Q,2106243,찬성,2020-12-09
21,ZYH1940A,2106243,찬성,2020-12-09
21,NZF1659U,2106243,찬성,2020-12-09
21,WDS6044S,2106243,불참,2020-12-09
21,SRP7336N,2106243,찬성,2020-12-09
21,GFF1986K,2106243,찬성,2020-12-09
21,WJL30106,2106243,찬성,2020-12-09
21,KNM3215T,2106243,찬성,2020-12-09
21,60490713,2106243,찬성,2020-12-09
21,UM51067K,2106243,찬성,2020-12-09
21,HKJ99607,2106243,불참,2020-12-09
21,1WE5693J,2106243,찬성,2020-12-09
21,4T026790,2106243,찬성,2020-12-09
21,EH27538E,2106243,찬성,2020-12-09
21,WFU14784,2106243,찬성,2020-12-09
21,SU53086M,2106243,찬성,2020-12-09
21,0WL9321T,2106243,찬성,2020-12-09
21,GF286398,2106243,찬성,2020-12-09
21,H5476989,2106243,찬성,2020-12-09
21,4L695580,2106243,찬성,2020-12-09
21,40E3739H,2106243,찬성,2020-12-09
21,RPN2293B,2106243,찬성,2020-12-09
21,V429892C,2106243,찬성,2020-12-09
21,2385336L,2106243,찬성,2020-12-09
21,IN328264,2106243,찬성,2020-12-09
21,XBT9550Q,2106243,찬성,2020-12-09
21,MO52543L,2106243,찬성,2020-12-09
21,0827740Q,2106243,찬성,2020-12-09
21,0W194007,2106243,찬성,2020-12-09
21,X1K3667J,2106243,찬성,2020-12-09
21,I5I2468R,2106243,찬성,2020-12-09
21,WTR5885Y,2106243,찬성,2020-12-09
21,IOW1101J,2106243,불참,2020-12-09
21,ICH23251,2106243,불참,2020-12-09
21,25I8709Q,2106243,찬성,2020-12-09
21,OIA3741M,2106243,찬성,2020-12-09
21,XWX1513T,2106243,찬성,2020-12-09
21,CT85313K,2106243,찬성,2020-12-09
21,PAO22428,2106243,찬성,2020-12-09
21,BLC8630L,2106243,불참,2020-12-09
21,0767470D,2106243,불참,2020-12-09
21,LG63087O,2106243,불참,2020-12-09
21,PEP6922S,2106243,찬성,2020-12-09
21,DAN6731C,2106243,찬성,2020-12-09
21,VG24001G,2106243,찬성,2020-12-09
21,L2I9861C,2106243,찬성,2020-12-09
21,SVH3899R,2106243,찬성,2020-12-09
21,I434361W,2106243,불참,2020-12-09
21,9JF4562W,2106243,찬성,2020-12-09
21,Y7K5946R,2106243,불참,2020-12-09
21,SBK1544B,2106243,찬성,2020-12-09
21,KUO3574J,2106243,찬성,2020-12-09
21,8SV6917G,2106243,불참,2020-12-09
21,QKO6165V,2106243,찬성,2020-12-09
21,GD131760,2106243,찬성,2020-12-09
21,ZRF3039U,2106243,찬성,2020-12-09
21,V0O5343U,2106243,찬성,2020-12-09
21,68P7228G,2106243,찬성,2020-12-09
21,XPP2564T,2106243,찬성,2020-12-09
21,FRN1867O,2106243,찬성,2020-12-09
21,PFG2137X,2106243,불참,2020-12-09
21,UB114374,2106243,찬성,2020-12-09
21,GAV6441G,2106243,찬성,2020-12-09
21,0YT3774N,2106243,찬성,2020-12-09
21,7JC3239L,2106243,불참,2020-12-09
21,40S1959J,2106243,찬성,2020-12-09
21,IL74008M,2106243,찬성,2020-12-09
21,8KF7223D,2106243,찬성,2020-12-09
21,CNZ51556,2106243,찬성,2020-12-09
21,N4R2421C,2106243,불참,2020-12-09
21,3C23171A,2106243,찬성,2020-12-09
21,GDG1847Z,2106243,찬성,2020-12-09
21,LNR7932L,2106243,찬성,2020-12-09
21,O7R5461J,2106243,찬성,2020-12-09
21,TVF3669B,2106243,불참,2020-12-09
21,7R156073,2106243,찬성,2020-12-09
21,6AR6743G,2106243,찬성,2020-12-09
21,J2O8643H,2106243,찬성,2020-12-09
21,VCP96419,2106243,찬성,2020-12-09
21,6AU2417B,2106243,찬성,2020-12-09
21,8VJ8533R,2106243,불참,2020-12-09
21,GX22581L,2106243,불참,2020-12-09
21,SE233396,2106243,불참,2020-12-09
21,52P3934K,2106243,불참,2020-12-09
21,B7H6207C,2106243,불참,2020-12-09
21,6399076T,2106243,찬성,2020-12-09
21,4U29186R,2106243,찬성,2020-12-09
21,F5Y4026Q,2106243,찬성,2020-12-09
21,WHV3448W,2106243,찬성,2020-12-09
21,1Y73132H,2106243,찬성,2020-12-09
21,O6D8329R,2106243,찬성,2020-12-09
21,MSY7784L,2106243,불참,2020-12-09
21,5MD4184K,2106243,찬성,2020-12-09
21,5K93695T,2106243,찬성,2020-12-09
21,DPZ7685X,2106243,불참,2020-12-09
21,KFS1358P,2106243,찬성,2020-12-09
21,A494529E,2106243,찬성,2020-12-09
21,VRY5522V,2106243,찬성,2020-12-09
21,CAA7713A,2106243,찬성,2020-12-09
21,0PK7354M,2106243,찬성,2020-12-09
21,CZB4125D,2106243,찬성,2020-12-09
21,Z6R3959C,2106243,불참,2020-12-09
21,UGH6481E,2106243,찬성,2020-12-09
21,S824682L,2106243,찬성,2020-12-09
21,Q9H5708M,2106243,찬성,2020-12-09
21,JZY9937U,2106243,찬성,2020-12-09
21,MRK4871S,2106243,찬성,2020-12-09
21,YKW37422,2106243,찬성,2020-12-09
21,2NV6751W,2106243,찬성,2020-12-09
21,M7O7878U,2106243,찬성,2020-12-09
21,3ZR4438W,2106243,불참,2020-12-09
21,16D7652C,2106243,찬성,2020-12-09
21,KB04377U,2106243,찬성,2020-12-09
21,FU53642G,2106243,찬성,2020-12-09
21,8VY63414,2106243,찬성,2020-12-09
21,XR24352K,2106243,찬성,2020-12-09
21,QQP4727N,2106243,불참,2020-12-09
21,IUL4848V,2106243,불참,2020-12-09
21,JEZ3130Q,2106243,찬성,2020-12-09
21,LJK4960Z,2106243,찬성,2020-12-09
21,K3W33496,2106243,불참,2020-12-09
21,DBA1057Z,2106243,찬성,2020-12-09
21,CI15627C,2106243,찬성,2020-12-09
21,21N57758,2106243,불참,2020-12-09
21,C7E79345,2106243,찬성,2020-12-09
21,UQ282145,2106243,찬성,2020-12-09
21,TRE2429O,2106243,찬성,2020-12-09
21,E6U4345C,2106243,찬성,2020-12-09
21,2UD1340H,2106243,찬성,2020-12-09
21,EMC8812P,2106243,불참,2020-12-09
21,XJC13432,2106243,불참,2020-12-09
21,T465023H,2106243,찬성,2020-12-09
21,RQQ3807K,2106243,찬성,2020-12-09
21,FH777496,2106243,찬성,2020-12-09
21,FYI20317,2106243,찬성,2020-12-09
21,ZYP7962W,2106243,불참,2020-12-09
21,GX38539O,2106243,찬성,2020-12-09
21,WVU2479T,2106243,찬성,2020-12-09
21,9D939735,2106243,불참,2020-12-09
21,QTW6852F,2106243,불참,2020-12-09
21,7XY7109I,2106243,찬성,2020-12-09
21,TST4507I,2106243,찬성,2020-12-09
21,JC14718Q,2106243,찬성,2020-12-09
21,5KV82250,2106243,불참,2020-12-09
21,L7J93733,2106243,찬성,2020-12-09
21,LT72093S,2106243,찬성,2020-12-09
21,6YT83269,2106243,찬성,2020-12-09
21,1MU99298,2106243,찬성,2020-12-09
21,FDC3144T,2106243,찬성,2020-12-09
21,SQ36001H,2106243,찬성,2020-12-09
21,9LD2641Q,2106243,찬성,2020-12-09
21,FOK3459D,2106243,찬성,2020-12-09
21,QUO78839,2106243,찬성,2020-12-09
21,BT62420K,2106243,찬성,2020-12-09
21,TZP9391O,2106243,찬성,2020-12-09
21,6V37131U,2106243,찬성,2020-12-09
21,FJK3396E,2106243,찬성,2020-12-09
21,71J2365L,2106243,불참,2020-12-09
21,7O71647Z,2106243,찬성,2020-12-09
21,E1J8836Y,2106243,찬성,2020-12-09
21,6EN68926,2106243,불참,2020-12-09
21,1BX7234U,2106243,찬성,2020-12-09
21,QHL3248U,2106243,찬성,2020-12-09
21,TZ228122,2106243,찬성,2020-12-09
21,9V18755A,2106243,찬성,2020-12-09
21,PO64874I,2106243,찬성,2020-12-09
21,EVH1507C,2106243,찬성,2020-12-09
21,K5F2023J,2106243,찬성,2020-12-09
21,14M56632,2106243,찬성,2020-12-09
21,N9X9673B,2106243,찬성,2020-12-09
21,TP066860,2106243,불참,2020-12-09
21,6U243644,2106243,찬성,2020-12-09
21,E9R4507P,2106243,불참,2020-12-09
21,UHB5553T,2106243,찬성,2020-12-09
21,J9S37905,2106243,찬성,2020-12-09
21,O0I2045I,2106243,찬성,2020-12-09
21,QUM8288K,2106243,불참,2020-12-09
21,W4X85128,2106243,불참,2020-12-09
21,CFE3998F,2106243,불참,2020-12-09
21,BM63269Y,2106243,불참,2020-12-09
21,YLS4431M,2106243,찬성,2020-12-09
21,MNZ4401T,2106243,찬성,2020-12-09
21,HSS7466Y,2106243,찬성,2020-12-09
21,MLH1404S,2106243,찬성,2020-12-09
21,BCQ55105,2106243,찬성,2020-12-09
21,9L57027L,2106243,찬성,2020-12-09
21,GOC54665,2106243,찬성,2020-12-09
21,5UN9725L,2106243,찬성,2020-12-09
21,M2Q9024I,2106243,찬성,2020-12-09
21,4019850M,2106243,찬성,2020-12-09
21,9YO73104,2106243,찬성,2020-12-09
21,7BM2933Y,2106243,찬성,2020-12-09
21,CDL93608,2106243,찬성,2020-12-09
21,9VR65006,2106243,불참,2020-12-09
21,X7I4680R,2106243,찬성,2020-12-09
21,D0C85236,2106243,찬성,2020-12-09
21,XSP20229,2106243,찬성,2020-12-09
21,3RW63706,2106243,불참,2020-12-09
21,8X15119P,2106243,불참,2020-12-09
21,CNW5754J,2106243,찬성,2020-12-09
21,3249208I,2106243,찬성,2020-12-09
21,8Q88373R,2106243,찬성,2020-12-09
21,XEF29171,2106243,찬성,2020-12-09
21,DAV7257X,2106243,불참,2020-12-09
21,GE71932C,2106243,찬성,2020-12-09
21,17M85910,2106243,찬성,2020-12-09
21,G152611B,2106243,찬성,2020-12-09
21,I7R13867,2106243,찬성,2020-12-09
21,G1570880,2106243,찬성,2020-12-09
21,LPB30152,2106243,찬성,2020-12-09
21,MD083627,2106243,찬성,2020-12-09
21,OSV9142K,2106243,찬성,2020-12-09
21,B7R2742J,2106243,찬성,2020-12-09
21,ZDP5704Q,2106243,찬성,2020-12-09
21,W1Q6753M,2106243,찬성,2020-12-09
21,MHK9919B,2106243,불참,2020-12-09
21,RD42006Y,2106243,찬성,2020-12-09
21,AE685067,2106243,찬성,2020-12-09
21,TJW93720,2106243,찬성,2020-12-09
21,9S151177,2106243,찬성,2020-12-09
21,XA42275R,2106243,기권,2020-12-09
21,L7T64271,2106243,찬성,2020-12-09
21,4X525582,2106243,불참,2020-12-09
21,G7512472,2106243,찬성,2020-12-09
21,3TO11703,2106243,찬성,2020-12-09
21,CCU1009B,2106243,찬성,2020-12-09
21,MU69217P,2106243,불참,2020-12-09
21,QD25323M,2106243,찬성,2020-12-09
21,GP07421U,2106243,찬성,2020-12-09
21,FGI27280,2106243,찬성,2020-12-09
21,USR7059P,2106243,찬성,2020-12-09
21,4XG1439M,2106243,찬성,2020-12-09
21,P2N50879,2106243,찬성,2020-12-09
21,A2V51235,2106243,찬성,2020-12-09
21,09I2323E,2106243,찬성,2020-12-09
21,A3H7195R,2106243,찬성,2020-12-09
21,0VU8517U,2106243,찬성,2020-12-09
21,M0A1658U,2106243,찬성,2020-12-09
21,HSW1214Q,2106243,찬성,2020-12-09
21,3BC6890E,2106243,찬성,2020-12-09
21,ZDR63255,2106243,찬성,2020-12-09
21,KR14136C,2106243,불참,2020-12-09
21,5765663F,2106243,찬성,2020-12-09
21,ZKU88693,2106243,찬성,2020-12-09
21,5KV96424,2106243,찬성,2020-12-09
21,M7T9712V,2106243,불참,2020-12-09
21,X3170462,2106243,불참,2020-12-09
21,MY318392,2106243,불참,2020-12-09
21,8FB1535Y,2106243,찬성,2020-12-09
21,PZA4062H,2106243,찬성,2020-12-09
21,MR210505,2106243,찬성,2020-12-09
21,8348421R,2106243,찬성,2020-12-09
21,JQA21112,2106243,찬성,2020-12-09
21,HXT76735,2106243,찬성,2020-12-09
21,0R68099X,2106243,찬성,2020-12-09
21,4A067125,2106243,찬성,2020-12-09
21,ZA54991S,2106243,찬성,2020-12-09
21,WMG57662,2106243,찬성,2020-12-09
21,NCP9875N,2106243,찬성,2020-12-09
21,L5P27909,2106243,찬성,2020-12-09
21,3425169D,2106243,찬성,2020-12-09
21,6MO8786S,2106243,찬성,2020-12-09
21,NQR1206Q,2106243,찬성,2020-12-09
21,NAL4555X,2106243,기권,2020-12-09
21,OW53107J,2106243,찬성,2020-12-09
21,WCD5518S,2106243,찬성,2020-12-09
21,IOW8224X,2106243,기권,2020-12-09
21,Z7Y7827F,2106243,찬성,2020-12-09
21,ATB59635,2106243,찬성,2020-12-09
21,D6U6678O,2106243,찬성,2020-12-09
21,FU87526G,2106243,찬성,2020-12-09
21,S9U45255,2106243,불참,2020-12-09
21,8FC9697X,2106243,찬성,2020-12-09
21,P0F1530P,2106243,불참,2020-12-09
21,LQW3652K,2106243,찬성,2020-12-09
21,RO593601,2106243,찬성,2020-12-09
21,8P37634C,2106243,찬성,2020-12-09
21,P2N4585G,2106243,찬성,2020-12-09
21,JMY9959W,2106243,찬성,2020-12-09
21,B7D7534L,2106243,찬성,2020-12-09
21,AFH96856,2106243,찬성,2020-12-09
21,I0S53762,2106243,찬성,2020-12-09
21,LH97552Q,2106243,찬성,2020-12-09
21,TKJ4800F,2106243,찬성,2020-12-09
21,04T3751T,2106243,찬성,2020-12-09
21,FIC9046Z,2107576,불참,2021-06-29
21,L7T64271,2107576,찬성,2021-06-29
21,GKD32201,2107576,찬성,2021-06-29
21,G7512472,2107576,찬성,2021-06-29
21,S741317G,2107576,찬성,2021-06-29
21,CCU1009B,2107576,불참,2021-06-29
21,2N793392,2107576,찬성,2021-06-29
21,QD25323M,2107576,찬성,2021-06-29
21,DAY6557K,2107576,찬성,2021-06-29
21,GP07421U,2107576,찬성,2021-06-29
21,FGI27280,2107576,찬성,2021-06-29
21,USR7059P,2107576,찬성,2021-06-29
21,4XG1439M,2107576,찬성,2021-06-29
21,P2N50879,2107576,찬성,2021-06-29
21,A0P4646G,2107576,불참,2021-06-29
21,7I09543O,2107576,불참,2021-06-29
21,1X376850,2107576,불참,2021-06-29
21,3DK8989T,2107576,찬성,2021-06-29
21,7469929V,2107576,찬성,2021-06-29
21,M6H1705E,2107576,찬성,2021-06-29
21,OFE45081,2107576,불참,2021-06-29
21,09I2323E,2107576,불참,2021-06-29
21,A3H7195R,2107576,불참,2021-06-29
21,ZYH1940A,2107576,불참,2021-06-29
21,M0A1658U,2107576,불참,2021-06-29
21,HSW1214Q,2107576,찬성,2021-06-29
21,WDS6044S,2107576,찬성,2021-06-29
21,ZDR63255,2107576,찬성,2021-06-29
21,KR14136C,2107576,불참,2021-06-29
21,5765663F,2107576,찬성,2021-06-29
21,GFF1986K,2107576,찬성,2021-06-29
21,WJL30106,2107576,불참,2021-06-29
21,5KV96424,2107576,찬성,2021-06-29
21,KNM3215T,2107576,찬성,2021-06-29
21,M7T9712V,2107576,찬성,2021-06-29
21,60490713,2107576,찬성,2021-06-29
21,UM51067K,2107576,찬성,2021-06-29
21,HKJ99607,2107576,불참,2021-06-29
21,1WE5693J,2107576,불참,2021-06-29
21,X3170462,2107576,불참,2021-06-29
21,MY318392,2107576,불참,2021-06-29
21,4T026790,2107576,찬성,2021-06-29
21,EH27538E,2107576,찬성,2021-06-29
21,WFU14784,2107576,찬성,2021-06-29
21,SU53086M,2107576,찬성,2021-06-29
21,MR210505,2107576,불참,2021-06-29
21,GF286398,2107576,찬성,2021-06-29
21,8348421R,2107576,불참,2021-06-29
21,H5476989,2107576,불참,2021-06-29
21,JQA21112,2107576,찬성,2021-06-29
21,4L695580,2107576,찬성,2021-06-29
21,40E3739H,2107576,찬성,2021-06-29
21,HXT76735,2107576,불참,2021-06-29
21,RPN2293B,2107576,찬성,2021-06-29
21,0R68099X,2107576,불참,2021-06-29
21,V429892C,2107576,불참,2021-06-29
21,2385336L,2107576,찬성,2021-06-29
21,XBT9550Q,2107576,찬성,2021-06-29
21,ZA54991S,2107576,찬성,2021-06-29
21,MO52543L,2107576,찬성,2021-06-29
21,0827740Q,2107576,찬성,2021-06-29
21,0W194007,2107576,찬성,2021-06-29
21,X1K3667J,2107576,불참,2021-06-29
21,I5I2468R,2107576,찬성,2021-06-29
21,WTR5885Y,2107576,불참,2021-06-29
21,L5P27909,2107576,찬성,2021-06-29
21,ICH23251,2107576,찬성,2021-06-29
21,25I8709Q,2107576,찬성,2021-06-29
21,XWX1513T,2107576,찬성,2021-06-29
21,CT85313K,2107576,찬성,2021-06-29
21,PAO22428,2107576,불참,2021-06-29
21,BLC8630L,2107576,불참,2021-06-29
21,NQR1206Q,2107576,찬성,2021-06-29
21,NAL4555X,2107576,불참,2021-06-29
21,PEP6922S,2107576,찬성,2021-06-29
21,VG24001G,2107576,찬성,2021-06-29
21,L2I9861C,2107576,찬성,2021-06-29
21,WCD5518S,2107576,찬성,2021-06-29
21,I434361W,2107576,찬성,2021-06-29
21,IOW8224X,2107576,찬성,2021-06-29
21,Y7K5946R,2107576,찬성,2021-06-29
21,Z7Y7827F,2107576,불참,2021-06-29
21,D6U6678O,2107576,불참,2021-06-29
21,FU87526G,2107576,찬성,2021-06-29
21,S9U45255,2107576,불참,2021-06-29
21,8FC9697X,2107576,찬성,2021-06-29
21,QKO6165V,2107576,찬성,2021-06-29
21,V0O5343U,2107576,불참,2021-06-29
21,P0F1530P,2107576,불참,2021-06-29
21,XPP2564T,2107576,불참,2021-06-29
21,FRN1867O,2107576,찬성,2021-06-29
21,LQW3652K,2107576,찬성,2021-06-29
21,UB114374,2107576,찬성,2021-06-29
21,GAV6441G,2107576,불참,2021-06-29
21,7JC3239L,2107576,찬성,2021-06-29
21,8KF7223D,2107576,찬성,2021-06-29
21,8P37634C,2107576,찬성,2021-06-29
21,CNZ51556,2107576,찬성,2021-06-29
21,N4R2421C,2107576,불참,2021-06-29
21,GDG1847Z,2107576,불참,2021-06-29
21,O7R5461J,2107576,찬성,2021-06-29
21,TVF3669B,2107576,불참,2021-06-29
21,JMY9959W,2107576,찬성,2021-06-29
21,J2O8643H,2107576,찬성,2021-06-29
21,VCP96419,2107576,찬성,2021-06-29
21,6AU2417B,2107576,불참,2021-06-29
21,8VJ8533R,2107576,찬성,2021-06-29
21,B7D7534L,2107576,찬성,2021-06-29
21,SE233396,2107576,찬성,2021-06-29
21,52P3934K,2107576,불참,2021-06-29
21,B7H6207C,2107576,불참,2021-06-29
21,6399076T,2107576,불참,2021-06-29
21,4U29186R,2107576,불참,2021-06-29
21,F5Y4026Q,2107576,찬성,2021-06-29
21,WHV3448W,2107576,불참,2021-06-29
21,1Y73132H,2107576,찬성,2021-06-29
21,LH97552Q,2107576,찬성,2021-06-29
21,TKJ4800F,2107576,불참,2021-06-29
21,O6D8329R,2107576,찬성,2021-06-29
21,K5F2023J,2107576,불참,2021-06-29
21,14M56632,2107576,불참,2021-06-29
21,N9X9673B,2107576,불참,2021-06-29
21,5MD4184K,2107576,찬성,2021-06-29
21,TP066860,2107576,찬성,2021-06-29
21,6U243644,2107576,찬성,2021-06-29
21,E9R4507P,2107576,찬성,2021-06-29
21,KFS1358P,2107576,찬성,2021-06-29
21,J9S37905,2107576,불참,2021-06-29
21,A494529E,2107576,찬성,2021-06-29
21,VRY5522V,2107576,찬성,2021-06-29
21,CAA7713A,2107576,찬성,2021-06-29
21,0PK7354M,2107576,찬성,2021-06-29
21,CZB4125D,2107576,찬성,2021-06-29
21,Z6R3959C,2107576,불참,2021-06-29
21,QUM8288K,2107576,불참,2021-06-29
21,UGH6481E,2107576,찬성,2021-06-29
21,S824682L,2107576,찬성,2021-06-29
21,W4X85128,2107576,불참,2021-06-29
21,Q9H5708M,2107576,불참,2021-06-29
21,JZY9937U,2107576,불참,2021-06-29
21,MRK4871S,2107576,불참,2021-06-29
21,YKW37422,2107576,불참,2021-06-29
21,2NV6751W,2107576,불참,2021-06-29
21,BM63269Y,2107576,불참,2021-06-29
21,M7O7878U,2107576,찬성,2021-06-29
21,YLS4431M,2107576,불참,2021-06-29
21,MNZ4401T,2107576,불참,2021-06-29
21,3ZR4438W,2107576,불참,2021-06-29
21,16D7652C,2107576,불참,2021-06-29
21,KB04377U,2107576,불참,2021-06-29
21,MLH1404S,2107576,불참,2021-06-29
21,8VY63414,2107576,찬성,2021-06-29
21,XR24352K,2107576,찬성,2021-06-29
21,QQP4727N,2107576,불참,2021-06-29
21,IUL4848V,2107576,찬성,2021-06-29
21,JEZ3130Q,2107576,불참,2021-06-29
21,BCQ55105,2107576,찬성,2021-06-29
21,9L57027L,2107576,찬성,2021-06-29
21,GOC54665,2107576,불참,2021-06-29
21,LJK4960Z,2107576,불참,2021-06-29
21,M2Q9024I,2107576,불참,2021-06-29
21,DBA1057Z,2107576,찬성,2021-06-29
21,CI15627C,2107576,불참,2021-06-29
21,C7E79345,2107576,불참,2021-06-29
21,4019850M,2107576,찬성,2021-06-29
21,UQ282145,2107576,찬성,2021-06-29
21,9YO73104,2107576,불참,2021-06-29
21,TRE2429O,2107576,불참,2021-06-29
21,E6U4345C,2107576,찬성,2021-06-29
21,7BM2933Y,2107576,찬성,2021-06-29
21,CDL93608,2107576,찬성,2021-06-29
21,2UD1340H,2107576,불참,2021-06-29
21,9VR65006,2107576,불참,2021-06-29
21,X7I4680R,2107576,찬성,2021-06-29
21,EMC8812P,2107576,찬성,2021-06-29
21,XJC13432,2107576,기권,2021-06-29
21,XSP20229,2107576,찬성,2021-06-29
21,T465023H,2107576,찬성,2021-06-29
21,3RW63706,2107576,찬성,2021-06-29
21,RQQ3807K,2107576,찬성,2021-06-29
21,FH777496,2107576,찬성,2021-06-29
21,ZYP7962W,2107576,불참,2021-06-29
21,CNW5754J,2107576,찬성,2021-06-29
21,GX38539O,2107576,찬성,2021-06-29
21,8Q88373R,2107576,불참,2021-06-29
21,9D939735,2107576,불참,2021-06-29
21,QTW6852F,2107576,불참,2021-06-29
21,7XY7109I,2107576,불참,2021-06-29
21,TST4507I,2107576,찬성,2021-06-29
21,JC14718Q,2107576,찬성,2021-06-29
21,5KV82250,2107576,찬성,2021-06-29
21,LT72093S,2107576,찬성,2021-06-29
21,GE71932C,2107576,불참,2021-06-29
21,6YT83269,2107576,불참,2021-06-29
21,1MU99298,2107576,찬성,2021-06-29
21,FDC3144T,2107576,찬성,2021-06-29
21,17M85910,2107576,찬성,2021-06-29
21,G152611B,2107576,찬성,2021-06-29
21,9LD2641Q,2107576,찬성,2021-06-29
21,FOK3459D,2107576,찬성,2021-06-29
21,QUO78839,2107576,불참,2021-06-29
21,BT62420K,2107576,찬성,2021-06-29
21,TZP9391O,2107576,찬성,2021-06-29
21,6V37131U,2107576,찬성,2021-06-29
21,FJK3396E,2107576,찬성,2021-06-29
21,ZDP5704Q,2107576,찬성,2021-06-29
21,71J2365L,2107576,기권,2021-06-29
21,7O71647Z,2107576,찬성,2021-06-29
21,W1Q6753M,2107576,불참,2021-06-29
21,E1J8836Y,2107576,찬성,2021-06-29
21,RD42006Y,2107576,불참,2021-06-29
21,1BX7234U,2107576,찬성,2021-06-29
21,QHL3248U,2107576,찬성,2021-06-29
21,AE685067,2107576,찬성,2021-06-29
21,9S151177,2107576,찬성,2021-06-29
21,TZ228122,2107576,찬성,2021-06-29
21,9V18755A,2107576,찬성,2021-06-29
21,XA42275R,2107576,찬성,2021-06-29
21,PO64874I,2107576,불참,2021-06-29
21,FYI20317,2107576,찬성,2021-06-29
21,8X15119P,2107576,불참,2021-06-29
21,3249208I,2107576,찬성,2021-06-29
21,XEF29171,2107576,찬성,2021-06-29
21,WVU2479T,2107576,불참,2021-06-29
21,L7J93733,2107576,불참,2021-06-29
21,DAV7257X,2107576,불참,2021-06-29
21,I7R13867,2107576,찬성,2021-06-29
21,SQ36001H,2107576,찬성,2021-06-29
21,G1570880,2107576,찬성,2021-06-29
21,LPB30152,2107576,불참,2021-06-29
21,MD083627,2107576,찬성,2021-06-29
21,OSV9142K,2107576,찬성,2021-06-29
21,B7R2742J,2107576,찬성,2021-06-29
21,MHK9919B,2107576,불참,2021-06-29
21,6EN68926,2107576,불참,2021-06-29
21,TJW93720,2107576,찬성,2021-06-29
21,JNL7001A,2107576,찬성,2021-06-29
21,4X525582,2107576,불참,2021-06-29
21,3TO11703,2107576,찬성,2021-06-29
21,MU69217P,2107576,불참,2021-06-29
21,66W6739S,2107576,찬성,2021-06-29
21,LM13674V,2107576,찬성,2021-06-29
21,A2V51235,2107576,찬성,2021-06-29
21,D4L60530,2107576,찬성,2021-06-29
21,NTT8182Q,2107576,찬성,2021-06-29
21,0VU8517U,2107576,불참,2021-06-29
21,NZF1659U,2107576,불참,2021-06-29
21,3BC6890E,2107576,찬성,2021-06-29
21,SRP7336N,2107576,불참,2021-06-29
21,ZKU88693,2107576,불참,2021-06-29
21,8FB1535Y,2107576,찬성,2021-06-29
21,0WL9321T,2107576,찬성,2021-06-29
21,PZA4062H,2107576,찬성,2021-06-29
21,4A067125,2107576,불참,2021-06-29
21,IN328264,2107576,불참,2021-06-29
21,WMG57662,2107576,찬성,2021-06-29
21,NCP9875N,2107576,찬성,2021-06-29
21,3425169D,2107576,찬성,2021-06-29
21,IOW1101J,2107576,찬성,2021-06-29
21,OIA3741M,2107576,찬성,2021-06-29
21,6MO8786S,2107576,찬성,2021-06-29
21,0767470D,2107576,불참,2021-06-29
21,LG63087O,2107576,불참,2021-06-29
21,OW53107J,2107576,불참,2021-06-29
21,DAN6731C,2107576,불참,2021-06-29
21,SVH3899R,2107576,불참,2021-06-29
21,9JF4562W,2107576,찬성,2021-06-29
21,ATB59635,2107576,찬성,2021-06-29
21,SBK1544B,2107576,찬성,2021-06-29
21,KUO3574J,2107576,찬성,2021-06-29
21,8SV6917G,2107576,찬성,2021-06-29
21,GD131760,2107576,불참,2021-06-29
21,ZRF3039U,2107576,불참,2021-06-29
21,68P7228G,2107576,찬성,2021-06-29
21,RO593601,2107576,찬성,2021-06-29
21,PFG2137X,2107576,찬성,2021-06-29
21,0YT3774N,2107576,찬성,2021-06-29
21,40S1959J,2107576,찬성,2021-06-29
21,IL74008M,2107576,찬성,2021-06-29
21,3C23171A,2107576,찬성,2021-06-29
21,P2N4585G,2107576,찬성,2021-06-29
21,7R156073,2107576,불참,2021-06-29
21,6AR6743G,2107576,불참,2021-06-29
21,GX22581L,2107576,불참,2021-06-29
21,AFH96856,2107576,찬성,2021-06-29
21,I0S53762,2107576,불참,2021-06-29
21,04T3751T,2107576,찬성,2021-06-29
21,MSY7784L,2107576,불참,2021-06-29
21,EVH1507C,2107576,찬성,2021-06-29
21,5K93695T,2107576,불참,2021-06-29
21,DPZ7685X,2107576,찬성,2021-06-29
21,UHB5553T,2107576,찬성,2021-06-29
21,O0I2045I,2107576,찬성,2021-06-29
21,CFE3998F,2107576,불참,2021-06-29
21,HSS7466Y,2107576,찬성,2021-06-29
21,FU53642G,2107576,찬성,2021-06-29
21,5UN9725L,2107576,찬성,2021-06-29
21,K3W33496,2107576,찬성,2021-06-29
21,21N57758,2107576,불참,2021-06-29
21,D0C85236,2107576,불참,2021-06-29
21,F5U2979W,2116499,불참,2022-12-08
21,YOG1280B,2116499,불참,2022-12-08
21,DWK26447,2116499,불참,2022-12-08
21,NUB4941Z,2116499,찬성,2022-12-08
21,NLR6572J,2116499,찬성,2022-12-08
21,YTA7297R,2116499,찬성,2022-12-08
21,JNL7001A,2116499,찬성,2022-12-08
21,L7T64271,2116499,찬성,2022-12-08
21,3TO11703,2116499,불참,2022-12-08
21,CCU1009B,2116499,찬성,2022-12-08
21,MU69217P,2116499,찬성,2022-12-08
21,66W6739S,2116499,불참,2022-12-08
21,LM13674V,2116499,찬성,2022-12-08
21,QD25323M,2116499,찬성,2022-12-08
21,JVB6983V,2116499,찬성,2022-12-08
21,DAY6557K,2116499,찬성,2022-12-08
21,GP07421U,2116499,찬성,2022-12-08
21,FGI27280,2116499,불참,2022-12-08
21,4XG1439M,2116499,찬성,2022-12-08
21,P2N50879,2116499,불참,2022-12-08
21,A0P4646G,2116499,불참,2022-12-08
21,A2V51235,2116499,찬성,2022-12-08
21,7I09543O,2116499,찬성,2022-12-08
21,3DK8989T,2116499,불참,2022-12-08
21,D4L60530,2116499,찬성,2022-12-08
21,M6H1705E,2116499,찬성,2022-12-08
21,OFE45081,2116499,불참,2022-12-08
21,09I2323E,2116499,불참,2022-12-08
21,ZYH1940A,2116499,불참,2022-12-08
21,0VU8517U,2116499,찬성,2022-12-08
21,M0A1658U,2116499,찬성,2022-12-08
21,WDS6044S,2116499,찬성,2022-12-08
21,3BC6890E,2116499,찬성,2022-12-08
21,ZDR63255,2116499,불참,2022-12-08
21,SRP7336N,2116499,찬성,2022-12-08
21,GFF1986K,2116499,찬성,2022-12-08
21,ZKU88693,2116499,찬성,2022-12-08
21,5KV96424,2116499,찬성,2022-12-08
21,60490713,2116499,불참,2022-12-08
21,UM51067K,2116499,찬성,2022-12-08
21,HKJ99607,2116499,찬성,2022-12-08
21,1WE5693J,2116499,찬성,2022-12-08
21,X3170462,2116499,불참,2022-12-08
21,8FB1535Y,2116499,찬성,2022-12-08
21,4T026790,2116499,찬성,2022-12-08
21,SU53086M,2116499,찬성,2022-12-08
21,PZA4062H,2116499,불참,2022-12-08
21,MR210505,2116499,불참,2022-12-08
21,GF286398,2116499,찬성,2022-12-08
21,8348421R,2116499,불참,2022-12-08
21,JQA21112,2116499,찬성,2022-12-08
21,4L695580,2116499,찬성,2022-12-08
21,40E3739H,2116499,찬성,2022-12-08
21,RPN2293B,2116499,불참,2022-12-08
21,0R68099X,2116499,찬성,2022-12-08
21,MQU41854,2116499,찬성,2022-12-08
21,IN328264,2116499,불참,2022-12-08
21,XBT9550Q,2116499,불참,2022-12-08
21,0827740Q,2116499,불참,2022-12-08
21,0W194007,2116499,찬성,2022-12-08
21,WMG57662,2116499,찬성,2022-12-08
21,NCP9875N,2116499,찬성,2022-12-08
21,I5I2468R,2116499,찬성,2022-12-08
21,3425169D,2116499,찬성,2022-12-08
21,IOW1101J,2116499,찬성,2022-12-08
21,ICH23251,2116499,찬성,2022-12-08
21,OIA3741M,2116499,찬성,2022-12-08
21,CT85313K,2116499,찬성,2022-12-08
21,BLC8630L,2116499,찬성,2022-12-08
21,NQR1206Q,2116499,찬성,2022-12-08
21,LG63087O,2116499,불참,2022-12-08
21,PEP6922S,2116499,찬성,2022-12-08
21,DAN6731C,2116499,불참,2022-12-08
21,VG24001G,2116499,찬성,2022-12-08
21,WCD5518S,2116499,찬성,2022-12-08
21,SVH3899R,2116499,찬성,2022-12-08
21,9JF4562W,2116499,찬성,2022-12-08
21,Y7K5946R,2116499,찬성,2022-12-08
21,ATB59635,2116499,찬성,2022-12-08
21,SBK1544B,2116499,불참,2022-12-08
21,KUO3574J,2116499,찬성,2022-12-08
21,D6U6678O,2116499,기권,2022-12-08
21,FU87526G,2116499,찬성,2022-12-08
21,S9U45255,2116499,불참,2022-12-08
21,8SV6917G,2116499,불참,2022-12-08
21,QKO6165V,2116499,불참,2022-12-08
21,68P7228G,2116499,찬성,2022-12-08
21,FRN1867O,2116499,찬성,2022-12-08
21,LQW3652K,2116499,찬성,2022-12-08
21,GAV6441G,2116499,찬성,2022-12-08
21,40S1959J,2116499,찬성,2022-12-08
21,IL74008M,2116499,찬성,2022-12-08
21,CNZ51556,2116499,찬성,2022-12-08
21,N4R2421C,2116499,불참,2022-12-08
21,P2N4585G,2116499,찬성,2022-12-08
21,7R156073,2116499,찬성,2022-12-08
21,6AU2417B,2116499,불참,2022-12-08
21,8VJ8533R,2116499,불참,2022-12-08
21,AFH96856,2116499,찬성,2022-12-08
21,52P3934K,2116499,찬성,2022-12-08
21,6399076T,2116499,찬성,2022-12-08
21,4U29186R,2116499,찬성,2022-12-08
21,F5Y4026Q,2116499,불참,2022-12-08
21,WHV3448W,2116499,찬성,2022-12-08
21,6RD62559,2116499,찬성,2022-12-08
21,I0S53762,2116499,불참,2022-12-08
21,TKJ4800F,2116499,불참,2022-12-08
21,O6D8329R,2116499,찬성,2022-12-08
21,04T3751T,2116499,찬성,2022-12-08
21,EVH1507C,2116499,찬성,2022-12-08
21,5MD4184K,2116499,찬성,2022-12-08
21,5K93695T,2116499,찬성,2022-12-08
21,E9R4507P,2116499,불참,2022-12-08
21,UHB5553T,2116499,찬성,2022-12-08
21,KFS1358P,2116499,찬성,2022-12-08
21,J9S37905,2116499,찬성,2022-12-08
21,VRY5522V,2116499,찬성,2022-12-08
21,0PK7354M,2116499,찬성,2022-12-08
21,O0I2045I,2116499,찬성,2022-12-08
21,Z6R3959C,2116499,불참,2022-12-08
21,UGH6481E,2116499,찬성,2022-12-08
21,S824682L,2116499,찬성,2022-12-08
21,W4X85128,2116499,찬성,2022-12-08
21,JZY9937U,2116499,찬성,2022-12-08
21,MRK4871S,2116499,불참,2022-12-08
21,YKW37422,2116499,불참,2022-12-08
21,2NV6751W,2116499,찬성,2022-12-08
21,M7O7878U,2116499,불참,2022-12-08
21,YLS4431M,2116499,불참,2022-12-08
21,3ZR4438W,2116499,찬성,2022-12-08
21,KB04377U,2116499,불참,2022-12-08
21,FU53642G,2116499,찬성,2022-12-08
21,MLH1404S,2116499,불참,2022-12-08
21,8VY63414,2116499,찬성,2022-12-08
21,XR24352K,2116499,찬성,2022-12-08
21,QQP4727N,2116499,불참,2022-12-08
21,JEZ3130Q,2116499,불참,2022-12-08
21,BCQ55105,2116499,찬성,2022-12-08
21,5UN9725L,2116499,불참,2022-12-08
21,LJK4960Z,2116499,찬성,2022-12-08
21,IUD9392R,2116499,찬성,2022-12-08
21,K3W33496,2116499,불참,2022-12-08
21,M2Q9024I,2116499,찬성,2022-12-08
21,DBA1057Z,2116499,불참,2022-12-08
21,CI15627C,2116499,찬성,2022-12-08
21,4019850M,2116499,찬성,2022-12-08
21,UQ282145,2116499,찬성,2022-12-08
21,TRE2429O,2116499,찬성,2022-12-08
21,E6U4345C,2116499,찬성,2022-12-08
21,7BM2933Y,2116499,찬성,2022-12-08
21,CDL93608,2116499,불참,2022-12-08
21,2UD1340H,2116499,찬성,2022-12-08
21,9VR65006,2116499,찬성,2022-12-08
21,X7I4680R,2116499,불참,2022-12-08
21,EMC8812P,2116499,찬성,2022-12-08
21,XSP20229,2116499,불참,2022-12-08
21,T465023H,2116499,찬성,2022-12-08
21,3RW63706,2116499,찬성,2022-12-08
21,RQQ3807K,2116499,찬성,2022-12-08
21,8X15119P,2116499,불참,2022-12-08
21,CNW5754J,2116499,찬성,2022-12-08
21,3249208I,2116499,불참,2022-12-08
21,XEF29171,2116499,찬성,2022-12-08
21,9D939735,2116499,찬성,2022-12-08
21,TST4507I,2116499,찬성,2022-12-08
21,JC14718Q,2116499,찬성,2022-12-08
21,5KV82250,2116499,찬성,2022-12-08
21,L7J93733,2116499,찬성,2022-12-08
21,6YT83269,2116499,찬성,2022-12-08
21,FDC3144T,2116499,찬성,2022-12-08
21,SQ36001H,2116499,찬성,2022-12-08
21,G1570880,2116499,찬성,2022-12-08
21,QUO78839,2116499,찬성,2022-12-08
21,MD083627,2116499,찬성,2022-12-08
21,6V37131U,2116499,찬성,2022-12-08
21,OSV9142K,2116499,찬성,2022-12-08
21,FJK3396E,2116499,찬성,2022-12-08
21,71J2365L,2116499,찬성,2022-12-08
21,7O71647Z,2116499,찬성,2022-12-08
21,W1Q6753M,2116499,찬성,2022-12-08
21,E1J8836Y,2116499,불참,2022-12-08
21,RD42006Y,2116499,찬성,2022-12-08
21,6EN68926,2116499,찬성,2022-12-08
21,QHL3248U,2116499,찬성,2022-12-08
21,XA42275R,2116499,찬성,2022-12-08
21,PO64874I,2116499,찬성,2022-12-08
21,VHK3402G,2116499,찬성,2022-12-08
21,MSY7784L,2116499,불참,2022-12-08
21,K5F2023J,2116499,찬성,2022-12-08
21,14M56632,2116499,찬성,2022-12-08
21,N9X9673B,2116499,찬성,2022-12-08
21,DPZ7685X,2116499,불참,2022-12-08
21,6U243644,2116499,찬성,2022-12-08
21,A494529E,2116499,찬성,2022-12-08
21,CAA7713A,2116499,찬성,2022-12-08
21,CZB4125D,2116499,불참,2022-12-08
21,QUM8288K,2116499,불참,2022-12-08
21,Q9H5708M,2116499,불참,2022-12-08
21,BM63269Y,2116499,불참,2022-12-08
21,MNZ4401T,2116499,찬성,2022-12-08
21,HSS7466Y,2116499,불참,2022-12-08
21,16D7652C,2116499,찬성,2022-12-08
21,9L57027L,2116499,찬성,2022-12-08
21,GOC54665,2116499,불참,2022-12-08
21,C7E79345,2116499,찬성,2022-12-08
21,9YO73104,2116499,찬성,2022-12-08
21,XJC13432,2116499,불참,2022-12-08
21,FH777496,2116499,찬성,2022-12-08
21,FYI20317,2116499,찬성,2022-12-08
21,ZYP7962W,2116499,불참,2022-12-08
21,GX38539O,2116499,찬성,2022-12-08
21,8Q88373R,2116499,찬성,2022-12-08
21,WVU2479T,2116499,불참,2022-12-08
21,QTW6852F,2116499,찬성,2022-12-08
21,7XY7109I,2116499,찬성,2022-12-08
21,DAV7257X,2116499,찬성,2022-12-08
21,LT72093S,2116499,찬성,2022-12-08
21,GE71932C,2116499,찬성,2022-12-08
21,1MU99298,2116499,찬성,2022-12-08
21,17M85910,2116499,찬성,2022-12-08
21,G152611B,2116499,불참,2022-12-08
21,I7R13867,2116499,찬성,2022-12-08
21,9LD2641Q,2116499,찬성,2022-12-08
21,FOK3459D,2116499,불참,2022-12-08
21,BT62420K,2116499,찬성,2022-12-08
21,LPB30152,2116499,찬성,2022-12-08
21,TZP9391O,2116499,찬성,2022-12-08
21,B7R2742J,2116499,찬성,2022-12-08
21,ZDP5704Q,2116499,찬성,2022-12-08
21,1BX7234U,2116499,찬성,2022-12-08
21,TJW93720,2116499,찬성,2022-12-08
21,9S151177,2116499,찬성,2022-12-08
21,TZ228122,2116499,찬성,2022-12-08
21,9V18755A,2116499,찬성,2022-12-08
21,LBC8144B,2116499,찬성,2022-12-08
21,FIC9046Z,2116499,불참,2022-12-08
21,KFM1081G,2116499,찬성,2022-12-08
21,4X525582,2116499,불참,2022-12-08
21,GKD32201,2116499,찬성,2022-12-08
21,G7512472,2116499,찬성,2022-12-08
21,S741317G,2116499,불참,2022-12-08
21,2N793392,2116499,찬성,2022-12-08
21,USR7059P,2116499,불참,2022-12-08
21,7469929V,2116499,찬성,2022-12-08
21,NTT8182Q,2116499,찬성,2022-12-08
21,A3H7195R,2116499,찬성,2022-12-08
21,HSW1214Q,2116499,찬성,2022-12-08
21,NZF1659U,2116499,불참,2022-12-08
21,KR14136C,2116499,불참,2022-12-08
21,5765663F,2116499,찬성,2022-12-08
21,WJL30106,2116499,찬성,2022-12-08
21,KNM3215T,2116499,찬성,2022-12-08
21,M7T9712V,2116499,찬성,2022-12-08
21,MY318392,2116499,찬성,2022-12-08
21,EH27538E,2116499,찬성,2022-12-08
21,WFU14784,2116499,불참,2022-12-08
21,0WL9321T,2116499,찬성,2022-12-08
21,H5476989,2116499,찬성,2022-12-08
21,HXT76735,2116499,찬성,2022-12-08
21,6RM29022,2116499,찬성,2022-12-08
21,V429892C,2116499,찬성,2022-12-08
21,2385336L,2116499,찬성,2022-12-08
21,ZA54991S,2116499,찬성,2022-12-08
21,MO52543L,2116499,찬성,2022-12-08
21,X1K3667J,2116499,찬성,2022-12-08
21,WTR5885Y,2116499,찬성,2022-12-08
21,25I8709Q,2116499,찬성,2022-12-08
21,6MO8786S,2116499,찬성,2022-12-08
21,XWX1513T,2116499,찬성,2022-12-08
21,OW53107J,2116499,찬성,2022-12-08
21,L2I9861C,2116499,불참,2022-12-08
21,IOW8224X,2116499,찬성,2022-12-08
21,Z7Y7827F,2116499,찬성,2022-12-08
21,8FC9697X,2116499,불참,2022-12-08
21,GD131760,2116499,불참,2022-12-08
21,ZRF3039U,2116499,불참,2022-12-08
21,V0O5343U,2116499,찬성,2022-12-08
21,P0F1530P,2116499,찬성,2022-12-08
21,XPP2564T,2116499,불참,2022-12-08
21,RO593601,2116499,찬성,2022-12-08
21,PFG2137X,2116499,찬성,2022-12-08
21,UB114374,2116499,찬성,2022-12-08
21,0YT3774N,2116499,찬성,2022-12-08
21,7JC3239L,2116499,불참,2022-12-08
21,8KF7223D,2116499,찬성,2022-12-08
21,8P37634C,2116499,찬성,2022-12-08
21,3C23171A,2116499,찬성,2022-12-08
21,GDG1847Z,2116499,찬성,2022-12-08
21,O7R5461J,2116499,찬성,2022-12-08
21,JMY9959W,2116499,불참,2022-12-08
21,6AR6743G,2116499,찬성,2022-12-08
21,J2O8643H,2116499,불참,2022-12-08
21,VCP96419,2116499,찬성,2022-12-08
21,B7D7534L,2116499,찬성,2022-12-08
21,GX22581L,2116499,불참,2022-12-08
21,SE233396,2116499,찬성,2022-12-08
21,B7H6207C,2116499,찬성,2022-12-08
21,1Y73132H,2116499,찬성,2022-12-08
21,LH97552Q,2116499,찬성,2022-12-08
21,DWK26447,2100196,찬성,2023-07-27
21,KFM1081G,2100196,찬성,2023-07-27
21,G7512472,2100196,찬성,2023-07-27
21,S741317G,2100196,기권,2023-07-27
21,MU69217P,2100196,찬성,2023-07-27
21,2N793392,2100196,찬성,2023-07-27
21,66W6739S,2100196,찬성,2023-07-27
21,QD25323M,2100196,찬성,2023-07-27
21,DAY6557K,2100196,기권,2023-07-27
21,USR7059P,2100196,불참,2023-07-27
21,P2N50879,2100196,찬성,2023-07-27
21,A0P4646G,2100196,찬성,2023-07-27
21,A2V51235,2100196,찬성,2023-07-27
21,7I09543O,2100196,찬성,2023-07-27
21,3DK8989T,2100196,기권,2023-07-27
21,7469929V,2100196,불참,2023-07-27
21,D4L60530,2100196,찬성,2023-07-27
21,OFE45081,2100196,찬성,2023-07-27
21,ZYH1940A,2100196,찬성,2023-07-27
21,HSW1214Q,2100196,찬성,2023-07-27
21,ZDR63255,2100196,찬성,2023-07-27
21,SRP7336N,2100196,불참,2023-07-27
21,5765663F,2100196,찬성,2023-07-27
21,GFF1986K,2100196,찬성,2023-07-27
21,ZKU88693,2100196,불참,2023-07-27
21,M7T9712V,2100196,불참,2023-07-27
21,60490713,2100196,찬성,2023-07-27
21,HKJ99607,2100196,찬성,2023-07-27
21,1WE5693J,2100196,찬성,2023-07-27
21,MY318392,2100196,찬성,2023-07-27
21,8FB1535Y,2100196,찬성,2023-07-27
21,4T026790,2100196,찬성,2023-07-27
21,EH27538E,2100196,찬성,2023-07-27
21,WFU14784,2100196,반대,2023-07-27
21,SU53086M,2100196,찬성,2023-07-27
21,0WL9321T,2100196,찬성,2023-07-27
21,PZA4062H,2100196,찬성,2023-07-27
21,MR210505,2100196,기권,2023-07-27
21,4L695580,2100196,찬성,2023-07-27
21,RPN2293B,2100196,불참,2023-07-27
21,MQU41854,2100196,찬성,2023-07-27
21,V429892C,2100196,찬성,2023-07-27
21,IN328264,2100196,찬성,2023-07-27
21,XBT9550Q,2100196,찬성,2023-07-27
21,ZA54991S,2100196,찬성,2023-07-27
21,0827740Q,2100196,찬성,2023-07-27
21,0W194007,2100196,찬성,2023-07-27
21,WMG57662,2100196,찬성,2023-07-27
21,NCP9875N,2100196,찬성,2023-07-27
21,I5I2468R,2100196,찬성,2023-07-27
21,3425169D,2100196,찬성,2023-07-27
21,OIA3741M,2100196,찬성,2023-07-27
21,CT85313K,2100196,기권,2023-07-27
21,BLC8630L,2100196,불참,2023-07-27
21,NQR1206Q,2100196,불참,2023-07-27
21,LG63087O,2100196,불참,2023-07-27
21,DAN6731C,2100196,기권,2023-07-27
21,VG24001G,2100196,찬성,2023-07-27
21,WCD5518S,2100196,찬성,2023-07-27
21,SVH3899R,2100196,찬성,2023-07-27
21,Y7K5946R,2100196,찬성,2023-07-27
21,ATB59635,2100196,불참,2023-07-27
21,SBK1544B,2100196,불참,2023-07-27
21,KUO3574J,2100196,찬성,2023-07-27
21,D6U6678O,2100196,찬성,2023-07-27
21,FU87526G,2100196,불참,2023-07-27
21,S9U45255,2100196,찬성,2023-07-27
21,8FC9697X,2100196,찬성,2023-07-27
21,QKO6165V,2100196,불참,2023-07-27
21,GD131760,2100196,찬성,2023-07-27
21,ZRF3039U,2100196,찬성,2023-07-27
21,68P7228G,2100196,찬성,2023-07-27
21,P0F1530P,2100196,찬성,2023-07-27
21,XPP2564T,2100196,찬성,2023-07-27
21,LQW3652K,2100196,찬성,2023-07-27
21,GAV6441G,2100196,찬성,2023-07-27
21,0YT3774N,2100196,찬성,2023-07-27
21,40S1959J,2100196,찬성,2023-07-27
21,IL74008M,2100196,찬성,2023-07-27
21,8KF7223D,2100196,불참,2023-07-27
21,8P37634C,2100196,찬성,2023-07-27
21,CNZ51556,2100196,찬성,2023-07-27
21,N4R2421C,2100196,찬성,2023-07-27
21,3C23171A,2100196,찬성,2023-07-27
21,GDG1847Z,2100196,찬성,2023-07-27
21,P2N4585G,2100196,찬성,2023-07-27
21,JMY9959W,2100196,불참,2023-07-27
21,VCP96419,2100196,찬성,2023-07-27
21,6AU2417B,2100196,불참,2023-07-27
21,8VJ8533R,2100196,불참,2023-07-27
21,B7D7534L,2100196,찬성,2023-07-27
21,AFH96856,2100196,찬성,2023-07-27
21,52P3934K,2100196,찬성,2023-07-27
21,6399076T,2100196,찬성,2023-07-27
21,4U29186R,2100196,찬성,2023-07-27
21,WHV3448W,2100196,찬성,2023-07-27
21,O6D8329R,2100196,찬성,2023-07-27
21,04T3751T,2100196,찬성,2023-07-27
21,MSY7784L,2100196,찬성,2023-07-27
21,14M56632,2100196,불참,2023-07-27
21,N9X9673B,2100196,찬성,2023-07-27
21,5MD4184K,2100196,찬성,2023-07-27
21,DPZ7685X,2100196,불참,2023-07-27
21,E9R4507P,2100196,찬성,2023-07-27
21,J9S37905,2100196,불참,2023-07-27
21,A494529E,2100196,찬성,2023-07-27
21,CAA7713A,2100196,찬성,2023-07-27
21,0PK7354M,2100196,찬성,2023-07-27
21,O0I2045I,2100196,찬성,2023-07-27
21,Z6R3959C,2100196,불참,2023-07-27
21,QUM8288K,2100196,기권,2023-07-27
21,UGH6481E,2100196,찬성,2023-07-27
21,JZY9937U,2100196,찬성,2023-07-27
21,MRK4871S,2100196,찬성,2023-07-27
21,YKW37422,2100196,불참,2023-07-27
21,2NV6751W,2100196,찬성,2023-07-27
21,BM63269Y,2100196,찬성,2023-07-27
21,3ZR4438W,2100196,찬성,2023-07-27
21,KB04377U,2100196,찬성,2023-07-27
21,FU53642G,2100196,찬성,2023-07-27
21,MLH1404S,2100196,찬성,2023-07-27
21,IUD9392R,2100196,불참,2023-07-27
21,K3W33496,2100196,찬성,2023-07-27
21,M2Q9024I,2100196,찬성,2023-07-27
21,DBA1057Z,2100196,불참,2023-07-27
21,CI15627C,2100196,불참,2023-07-27
21,UQ282145,2100196,찬성,2023-07-27
21,TRE2429O,2100196,찬성,2023-07-27
21,7BM2933Y,2100196,찬성,2023-07-27
21,CDL93608,2100196,찬성,2023-07-27
21,2UD1340H,2100196,찬성,2023-07-27
21,9VR65006,2100196,찬성,2023-07-27
21,X7I4680R,2100196,찬성,2023-07-27
21,EMC8812P,2100196,찬성,2023-07-27
21,T465023H,2100196,찬성,2023-07-27
21,3RW63706,2100196,불참,2023-07-27
21,RQQ3807K,2100196,찬성,2023-07-27
21,ZYP7962W,2100196,불참,2023-07-27
21,CNW5754J,2100196,찬성,2023-07-27
21,3249208I,2100196,찬성,2023-07-27
21,GX38539O,2100196,찬성,2023-07-27
21,8Q88373R,2100196,찬성,2023-07-27
21,XEF29171,2100196,찬성,2023-07-27
21,QTW6852F,2100196,불참,2023-07-27
21,7XY7109I,2100196,불참,2023-07-27
21,TST4507I,2100196,찬성,2023-07-27
21,JC14718Q,2100196,찬성,2023-07-27
21,5KV82250,2100196,기권,2023-07-27
21,LT72093S,2100196,찬성,2023-07-27
21,FDC3144T,2100196,찬성,2023-07-27
21,9LD2641Q,2100196,찬성,2023-07-27
21,MD083627,2100196,찬성,2023-07-27
21,OSV9142K,2100196,찬성,2023-07-27
21,B7R2742J,2100196,찬성,2023-07-27
21,ZDP5704Q,2100196,불참,2023-07-27
21,71J2365L,2100196,찬성,2023-07-27
21,7O71647Z,2100196,찬성,2023-07-27
21,W1Q6753M,2100196,불참,2023-07-27
21,E1J8836Y,2100196,찬성,2023-07-27
21,QHL3248U,2100196,찬성,2023-07-27
21,TJW93720,2100196,찬성,2023-07-27
21,9S151177,2100196,찬성,2023-07-27
21,9V18755A,2100196,찬성,2023-07-27
21,XA42275R,2100196,찬성,2023-07-27
21,PO64874I,2100196,찬성,2023-07-27
21,VHK3402G,2100196,불참,2023-07-27
21,RD42006Y,2100196,찬성,2023-07-27
21,6EN68926,2100196,불참,2023-07-27
21,1BX7234U,2100196,찬성,2023-07-27
21,TZ228122,2100196,찬성,2023-07-27
21,LBC8144B,2100196,불참,2023-07-27
21,6AR6743G,2100196,불참,2023-07-27
21,J2O8643H,2100196,찬성,2023-07-27
21,GX22581L,2100196,불참,2023-07-27
21,SE233396,2100196,불참,2023-07-27
21,B7H6207C,2100196,불참,2023-07-27
21,F5Y4026Q,2100196,찬성,2023-07-27
21,6RD62559,2100196,찬성,2023-07-27
21,1Y73132H,2100196,찬성,2023-07-27
21,I0S53762,2100196,찬성,2023-07-27
21,LH97552Q,2100196,찬성,2023-07-27
21,TKJ4800F,2100196,찬성,2023-07-27
21,EVH1507C,2100196,기권,2023-07-27
21,K5F2023J,2100196,찬성,2023-07-27
21,5K93695T,2100196,찬성,2023-07-27
21,6U243644,2100196,찬성,2023-07-27
21,UHB5553T,2100196,찬성,2023-07-27
21,KFS1358P,2100196,찬성,2023-07-27
21,VRY5522V,2100196,찬성,2023-07-27
21,CZB4125D,2100196,찬성,2023-07-27
21,S824682L,2100196,찬성,2023-07-27
21,W4X85128,2100196,불참,2023-07-27
21,Q9H5708M,2100196,불참,2023-07-27
21,M7O7878U,2100196,찬성,2023-07-27
21,YLS4431M,2100196,불참,2023-07-27
21,MNZ4401T,2100196,불참,2023-07-27
21,HSS7466Y,2100196,찬성,2023-07-27
21,16D7652C,2100196,찬성,2023-07-27
21,8VY63414,2100196,찬성,2023-07-27
21,XR24352K,2100196,찬성,2023-07-27
21,QQP4727N,2100196,찬성,2023-07-27
21,JEZ3130Q,2100196,불참,2023-07-27
21,BCQ55105,2100196,찬성,2023-07-27
21,9L57027L,2100196,찬성,2023-07-27
21,GOC54665,2100196,불참,2023-07-27
21,5UN9725L,2100196,찬성,2023-07-27
21,LJK4960Z,2100196,찬성,2023-07-27
21,C7E79345,2100196,찬성,2023-07-27
21,4019850M,2100196,불참,2023-07-27
21,9YO73104,2100196,찬성,2023-07-27
21,E6U4345C,2100196,찬성,2023-07-27
21,XJC13432,2100196,불참,2023-07-27
21,XSP20229,2100196,찬성,2023-07-27
21,FH777496,2100196,찬성,2023-07-27
21,FYI20317,2100196,찬성,2023-07-27
21,8X15119P,2100196,기권,2023-07-27
21,WVU2479T,2100196,찬성,2023-07-27
21,9D939735,2100196,찬성,2023-07-27
21,L7J93733,2100196,찬성,2023-07-27
21,DAV7257X,2100196,찬성,2023-07-27
21,GE71932C,2100196,찬성,2023-07-27
21,6YT83269,2100196,찬성,2023-07-27
21,1MU99298,2100196,찬성,2023-07-27
21,17M85910,2100196,찬성,2023-07-27
21,G152611B,2100196,불참,2023-07-27
21,I7R13867,2100196,찬성,2023-07-27
21,SQ36001H,2100196,찬성,2023-07-27
21,G1570880,2100196,찬성,2023-07-27
21,FOK3459D,2100196,찬성,2023-07-27
21,QUO78839,2100196,찬성,2023-07-27
21,BT62420K,2100196,불참,2023-07-27
21,LPB30152,2100196,찬성,2023-07-27
21,TZP9391O,2100196,불참,2023-07-27
21,6V37131U,2100196,찬성,2023-07-27
21,FJK3396E,2100196,찬성,2023-07-27
21,F5U2979W,2100196,찬성,2023-07-27
21,YOG1280B,2100196,찬성,2023-07-27
21,FIC9046Z,2100196,찬성,2023-07-27
21,NUB4941Z,2100196,찬성,2023-07-27
21,NLR6572J,2100196,찬성,2023-07-27
21,YTA7297R,2100196,찬성,2023-07-27
21,L7T64271,2100196,찬성,2023-07-27
21,4X525582,2100196,불참,2023-07-27
21,GKD32201,2100196,찬성,2023-07-27
21,3TO11703,2100196,찬성,2023-07-27
21,CCU1009B,2100196,찬성,2023-07-27
21,LM13674V,2100196,찬성,2023-07-27
21,JVB6983V,2100196,찬성,2023-07-27
21,GP07421U,2100196,찬성,2023-07-27
21,FGI27280,2100196,기권,2023-07-27
21,4XG1439M,2100196,찬성,2023-07-27
21,M6H1705E,2100196,찬성,2023-07-27
21,09I2323E,2100196,찬성,2023-07-27
21,NTT8182Q,2100196,찬성,2023-07-27
21,A3H7195R,2100196,찬성,2023-07-27
21,0VU8517U,2100196,찬성,2023-07-27
21,M0A1658U,2100196,찬성,2023-07-27
21,NZF1659U,2100196,찬성,2023-07-27
21,WDS6044S,2100196,불참,2023-07-27
21,3BC6890E,2100196,찬성,2023-07-27
21,KR14136C,2100196,찬성,2023-07-27
21,WJL30106,2100196,찬성,2023-07-27
21,5KV96424,2100196,찬성,2023-07-27
21,KNM3215T,2100196,불참,2023-07-27
21,UM51067K,2100196,찬성,2023-07-27
21,X3170462,2100196,불참,2023-07-27
21,GF286398,2100196,찬성,2023-07-27
21,8348421R,2100196,찬성,2023-07-27
21,H5476989,2100196,찬성,2023-07-27
21,JQA21112,2100196,불참,2023-07-27
21,40E3739H,2100196,찬성,2023-07-27
21,6FS10566,2100196,찬성,2023-07-27
21,HXT76735,2100196,찬성,2023-07-27
21,0R68099X,2100196,찬성,2023-07-27
21,6RM29022,2100196,반대,2023-07-27
21,2385336L,2100196,찬성,2023-07-27
21,MO52543L,2100196,찬성,2023-07-27
21,X1K3667J,2100196,찬성,2023-07-27
21,WTR5885Y,2100196,찬성,2023-07-27
21,IOW1101J,2100196,기권,2023-07-27
21,ICH23251,2100196,찬성,2023-07-27
21,25I8709Q,2100196,찬성,2023-07-27
21,6MO8786S,2100196,불참,2023-07-27
21,XWX1513T,2100196,찬성,2023-07-27
21,OW53107J,2100196,찬성,2023-07-27
21,PEP6922S,2100196,찬성,2023-07-27
21,L2I9861C,2100196,찬성,2023-07-27
21,IOW8224X,2100196,찬성,2023-07-27
21,9JF4562W,2100196,찬성,2023-07-27
21,Z7Y7827F,2100196,찬성,2023-07-27
21,8SV6917G,2100196,찬성,2023-07-27
21,V0O5343U,2100196,찬성,2023-07-27
21,FRN1867O,2100196,찬성,2023-07-27
21,RO593601,2100196,찬성,2023-07-27
21,PFG2137X,2100196,찬성,2023-07-27
21,UB114374,2100196,불참,2023-07-27
21,7JC3239L,2100196,불참,2023-07-27
21,O7R5461J,2100196,찬성,2023-07-27
21,7R156073,2100196,찬성,2023-07-27
21,JNL7001A,2103645,찬성,2020-12-09
21,GKD32201,2103645,찬성,2020-12-09
21,S741317G,2103645,기권,2020-12-09
21,2N793392,2103645,찬성,2020-12-09
21,1X376850,2103645,찬성,2020-12-09
21,7469929V,2103645,찬성,2020-12-09
21,D4L60530,2103645,찬성,2020-12-09
21,M6H1705E,2103645,찬성,2020-12-09
21,NTT8182Q,2103645,찬성,2020-12-09
21,NZF1659U,2103645,불참,2020-12-09
21,WDS6044S,2103645,불참,2020-12-09
21,GFF1986K,2103645,찬성,2020-12-09
21,WJL30106,2103645,찬성,2020-12-09
21,60490713,2103645,찬성,2020-12-09
21,UM51067K,2103645,찬성,2020-12-09
21,HKJ99607,2103645,찬성,2020-12-09
21,EH27538E,2103645,기권,2020-12-09
21,WFU14784,2103645,찬성,2020-12-09
21,GF286398,2103645,찬성,2020-12-09
21,H5476989,2103645,찬성,2020-12-09
21,4L695580,2103645,찬성,2020-12-09
21,40E3739H,2103645,찬성,2020-12-09
21,V429892C,2103645,기권,2020-12-09
21,2385336L,2103645,불참,2020-12-09
21,IN328264,2103645,찬성,2020-12-09
21,0W194007,2103645,찬성,2020-12-09
21,WTR5885Y,2103645,찬성,2020-12-09
21,IOW1101J,2103645,찬성,2020-12-09
21,25I8709Q,2103645,찬성,2020-12-09
21,OIA3741M,2103645,찬성,2020-12-09
21,PAO22428,2103645,찬성,2020-12-09
21,BLC8630L,2103645,불참,2020-12-09
21,0767470D,2103645,불참,2020-12-09
21,PEP6922S,2103645,기권,2020-12-09
21,DAN6731C,2103645,찬성,2020-12-09
21,VG24001G,2103645,찬성,2020-12-09
21,I434361W,2103645,찬성,2020-12-09
21,9JF4562W,2103645,찬성,2020-12-09
21,SBK1544B,2103645,찬성,2020-12-09
21,8SV6917G,2103645,불참,2020-12-09
21,ZRF3039U,2103645,찬성,2020-12-09
21,V0O5343U,2103645,찬성,2020-12-09
21,68P7228G,2103645,찬성,2020-12-09
21,GAV6441G,2103645,찬성,2020-12-09
21,7JC3239L,2103645,불참,2020-12-09
21,CNZ51556,2103645,찬성,2020-12-09
21,N4R2421C,2103645,불참,2020-12-09
21,3C23171A,2103645,찬성,2020-12-09
21,LNR7932L,2103645,찬성,2020-12-09
21,O7R5461J,2103645,찬성,2020-12-09
21,7R156073,2103645,찬성,2020-12-09
21,J2O8643H,2103645,찬성,2020-12-09
21,VCP96419,2103645,찬성,2020-12-09
21,8VJ8533R,2103645,찬성,2020-12-09
21,GX22581L,2103645,불참,2020-12-09
21,52P3934K,2103645,찬성,2020-12-09
21,6399076T,2103645,찬성,2020-12-09
21,F5Y4026Q,2103645,찬성,2020-12-09
21,MSY7784L,2103645,불참,2020-12-09
21,5MD4184K,2103645,찬성,2020-12-09
21,5K93695T,2103645,찬성,2020-12-09
21,DPZ7685X,2103645,찬성,2020-12-09
21,KFS1358P,2103645,찬성,2020-12-09
21,A494529E,2103645,찬성,2020-12-09
21,CZB4125D,2103645,찬성,2020-12-09
21,Z6R3959C,2103645,찬성,2020-12-09
21,UGH6481E,2103645,찬성,2020-12-09
21,S824682L,2103645,찬성,2020-12-09
21,Q9H5708M,2103645,찬성,2020-12-09
21,2NV6751W,2103645,찬성,2020-12-09
21,QQP4727N,2103645,찬성,2020-12-09
21,LJK4960Z,2103645,찬성,2020-12-09
21,K3W33496,2103645,찬성,2020-12-09
21,CI15627C,2103645,찬성,2020-12-09
21,21N57758,2103645,불참,2020-12-09
21,TRE2429O,2103645,찬성,2020-12-09
21,2UD1340H,2103645,찬성,2020-12-09
21,EMC8812P,2103645,기권,2020-12-09
21,T465023H,2103645,찬성,2020-12-09
21,FH777496,2103645,찬성,2020-12-09
21,FYI20317,2103645,찬성,2020-12-09
21,9D939735,2103645,불참,2020-12-09
21,7XY7109I,2103645,찬성,2020-12-09
21,TST4507I,2103645,찬성,2020-12-09
21,JC14718Q,2103645,찬성,2020-12-09
21,5KV82250,2103645,불참,2020-12-09
21,L7J93733,2103645,찬성,2020-12-09
21,6YT83269,2103645,찬성,2020-12-09
21,1MU99298,2103645,찬성,2020-12-09
21,FDC3144T,2103645,찬성,2020-12-09
21,SQ36001H,2103645,찬성,2020-12-09
21,9LD2641Q,2103645,불참,2020-12-09
21,FOK3459D,2103645,찬성,2020-12-09
21,71J2365L,2103645,불참,2020-12-09
21,7O71647Z,2103645,찬성,2020-12-09
21,6EN68926,2103645,불참,2020-12-09
21,1BX7234U,2103645,찬성,2020-12-09
21,QHL3248U,2103645,찬성,2020-12-09
21,9V18755A,2103645,찬성,2020-12-09
21,MHK9919B,2103645,찬성,2020-12-09
21,E1J8836Y,2103645,찬성,2020-12-09
21,RD42006Y,2103645,찬성,2020-12-09
21,AE685067,2103645,찬성,2020-12-09
21,TJW93720,2103645,찬성,2020-12-09
21,9S151177,2103645,찬성,2020-12-09
21,TZ228122,2103645,찬성,2020-12-09
21,XA42275R,2103645,찬성,2020-12-09
21,PO64874I,2103645,찬성,2020-12-09
21,JZY9937U,2103645,찬성,2020-12-09
21,MRK4871S,2103645,찬성,2020-12-09
21,YKW37422,2103645,찬성,2020-12-09
21,BM63269Y,2103645,찬성,2020-12-09
21,M7O7878U,2103645,찬성,2020-12-09
21,YLS4431M,2103645,찬성,2020-12-09
21,MNZ4401T,2103645,찬성,2020-12-09
21,3ZR4438W,2103645,불참,2020-12-09
21,HSS7466Y,2103645,찬성,2020-12-09
21,16D7652C,2103645,찬성,2020-12-09
21,KB04377U,2103645,찬성,2020-12-09
21,FU53642G,2103645,찬성,2020-12-09
21,MLH1404S,2103645,불참,2020-12-09
21,8VY63414,2103645,찬성,2020-12-09
21,XR24352K,2103645,찬성,2020-12-09
21,IUL4848V,2103645,찬성,2020-12-09
21,JEZ3130Q,2103645,찬성,2020-12-09
21,BCQ55105,2103645,찬성,2020-12-09
21,9L57027L,2103645,불참,2020-12-09
21,GOC54665,2103645,찬성,2020-12-09
21,5UN9725L,2103645,불참,2020-12-09
21,M2Q9024I,2103645,불참,2020-12-09
21,DBA1057Z,2103645,찬성,2020-12-09
21,C7E79345,2103645,찬성,2020-12-09
21,4019850M,2103645,찬성,2020-12-09
21,UQ282145,2103645,찬성,2020-12-09
21,9YO73104,2103645,찬성,2020-12-09
21,E6U4345C,2103645,찬성,2020-12-09
21,7BM2933Y,2103645,찬성,2020-12-09
21,CDL93608,2103645,찬성,2020-12-09
21,9VR65006,2103645,불참,2020-12-09
21,X7I4680R,2103645,찬성,2020-12-09
21,XJC13432,2103645,찬성,2020-12-09
21,D0C85236,2103645,찬성,2020-12-09
21,XSP20229,2103645,찬성,2020-12-09
21,3RW63706,2103645,찬성,2020-12-09
21,RQQ3807K,2103645,찬성,2020-12-09
21,8X15119P,2103645,불참,2020-12-09
21,ZYP7962W,2103645,불참,2020-12-09
21,CNW5754J,2103645,찬성,2020-12-09
21,3249208I,2103645,찬성,2020-12-09
21,GX38539O,2103645,찬성,2020-12-09
21,8Q88373R,2103645,찬성,2020-12-09
21,XEF29171,2103645,찬성,2020-12-09
21,WVU2479T,2103645,찬성,2020-12-09
21,QTW6852F,2103645,찬성,2020-12-09
21,DAV7257X,2103645,불참,2020-12-09
21,LT72093S,2103645,찬성,2020-12-09
21,GE71932C,2103645,찬성,2020-12-09
21,17M85910,2103645,찬성,2020-12-09
21,G152611B,2103645,찬성,2020-12-09
21,I7R13867,2103645,찬성,2020-12-09
21,G1570880,2103645,찬성,2020-12-09
21,QUO78839,2103645,찬성,2020-12-09
21,BT62420K,2103645,찬성,2020-12-09
21,LPB30152,2103645,찬성,2020-12-09
21,MD083627,2103645,찬성,2020-12-09
21,TZP9391O,2103645,찬성,2020-12-09
21,6V37131U,2103645,불참,2020-12-09
21,OSV9142K,2103645,찬성,2020-12-09
21,B7R2742J,2103645,찬성,2020-12-09
21,FJK3396E,2103645,찬성,2020-12-09
21,ZDP5704Q,2103645,찬성,2020-12-09
21,W1Q6753M,2103645,찬성,2020-12-09
21,NQR1206Q,2103645,찬성,2020-12-09
21,LG63087O,2103645,불참,2020-12-09
21,NAL4555X,2103645,기권,2020-12-09
21,OW53107J,2103645,찬성,2020-12-09
21,L2I9861C,2103645,찬성,2020-12-09
21,WCD5518S,2103645,찬성,2020-12-09
21,SVH3899R,2103645,찬성,2020-12-09
21,IOW8224X,2103645,찬성,2020-12-09
21,Y7K5946R,2103645,불참,2020-12-09
21,Z7Y7827F,2103645,찬성,2020-12-09
21,ATB59635,2103645,찬성,2020-12-09
21,KUO3574J,2103645,찬성,2020-12-09
21,D6U6678O,2103645,찬성,2020-12-09
21,FU87526G,2103645,찬성,2020-12-09
21,S9U45255,2103645,찬성,2020-12-09
21,8FC9697X,2103645,찬성,2020-12-09
21,QKO6165V,2103645,찬성,2020-12-09
21,GD131760,2103645,불참,2020-12-09
21,P0F1530P,2103645,불참,2020-12-09
21,XPP2564T,2103645,찬성,2020-12-09
21,FRN1867O,2103645,찬성,2020-12-09
21,LQW3652K,2103645,찬성,2020-12-09
21,RO593601,2103645,찬성,2020-12-09
21,PFG2137X,2103645,찬성,2020-12-09
21,UB114374,2103645,찬성,2020-12-09
21,0YT3774N,2103645,찬성,2020-12-09
21,40S1959J,2103645,찬성,2020-12-09
21,IL74008M,2103645,찬성,2020-12-09
21,8KF7223D,2103645,찬성,2020-12-09
21,8P37634C,2103645,찬성,2020-12-09
21,GDG1847Z,2103645,불참,2020-12-09
21,P2N4585G,2103645,찬성,2020-12-09
21,TVF3669B,2103645,불참,2020-12-09
21,JMY9959W,2103645,찬성,2020-12-09
21,6AR6743G,2103645,찬성,2020-12-09
21,6AU2417B,2103645,찬성,2020-12-09
21,B7D7534L,2103645,찬성,2020-12-09
21,SE233396,2103645,찬성,2020-12-09
21,AFH96856,2103645,찬성,2020-12-09
21,B7H6207C,2103645,찬성,2020-12-09
21,4U29186R,2103645,찬성,2020-12-09
21,WHV3448W,2103645,찬성,2020-12-09
21,1Y73132H,2103645,불참,2020-12-09
21,I0S53762,2103645,찬성,2020-12-09
21,LH97552Q,2103645,찬성,2020-12-09
21,TKJ4800F,2103645,찬성,2020-12-09
21,O6D8329R,2103645,찬성,2020-12-09
21,04T3751T,2103645,찬성,2020-12-09
21,EVH1507C,2103645,찬성,2020-12-09
21,K5F2023J,2103645,찬성,2020-12-09
21,14M56632,2103645,불참,2020-12-09
21,N9X9673B,2103645,찬성,2020-12-09
21,TP066860,2103645,불참,2020-12-09
21,6U243644,2103645,불참,2020-12-09
21,E9R4507P,2103645,찬성,2020-12-09
21,UHB5553T,2103645,찬성,2020-12-09
21,J9S37905,2103645,찬성,2020-12-09
21,VRY5522V,2103645,찬성,2020-12-09
21,CAA7713A,2103645,찬성,2020-12-09
21,0PK7354M,2103645,찬성,2020-12-09
21,O0I2045I,2103645,찬성,2020-12-09
21,QUM8288K,2103645,찬성,2020-12-09
21,W4X85128,2103645,찬성,2020-12-09
21,CFE3998F,2103645,불참,2020-12-09
21,L7T64271,2103645,찬성,2020-12-09
21,4X525582,2103645,찬성,2020-12-09
21,G7512472,2103645,찬성,2020-12-09
21,3TO11703,2103645,찬성,2020-12-09
21,CCU1009B,2103645,찬성,2020-12-09
21,MU69217P,2103645,불참,2020-12-09
21,66W6739S,2103645,찬성,2020-12-09
21,LM13674V,2103645,찬성,2020-12-09
21,QD25323M,2103645,찬성,2020-12-09
21,DAY6557K,2103645,찬성,2020-12-09
21,GP07421U,2103645,찬성,2020-12-09
21,FGI27280,2103645,기권,2020-12-09
21,USR7059P,2103645,찬성,2020-12-09
21,4XG1439M,2103645,찬성,2020-12-09
21,P2N50879,2103645,찬성,2020-12-09
21,A0P4646G,2103645,불참,2020-12-09
21,A2V51235,2103645,찬성,2020-12-09
21,7I09543O,2103645,찬성,2020-12-09
21,3DK8989T,2103645,찬성,2020-12-09
21,OFE45081,2103645,찬성,2020-12-09
21,09I2323E,2103645,찬성,2020-12-09
21,A3H7195R,2103645,찬성,2020-12-09
21,ZYH1940A,2103645,찬성,2020-12-09
21,0VU8517U,2103645,불참,2020-12-09
21,M0A1658U,2103645,찬성,2020-12-09
21,HSW1214Q,2103645,찬성,2020-12-09
21,3BC6890E,2103645,찬성,2020-12-09
21,ZDR63255,2103645,찬성,2020-12-09
21,KR14136C,2103645,불참,2020-12-09
21,SRP7336N,2103645,기권,2020-12-09
21,5765663F,2103645,불참,2020-12-09
21,ZKU88693,2103645,찬성,2020-12-09
21,5KV96424,2103645,찬성,2020-12-09
21,KNM3215T,2103645,찬성,2020-12-09
21,M7T9712V,2103645,기권,2020-12-09
21,1WE5693J,2103645,찬성,2020-12-09
21,X3170462,2103645,불참,2020-12-09
21,MY318392,2103645,찬성,2020-12-09
21,8FB1535Y,2103645,찬성,2020-12-09
21,4T026790,2103645,찬성,2020-12-09
21,SU53086M,2103645,찬성,2020-12-09
21,0WL9321T,2103645,찬성,2020-12-09
21,PZA4062H,2103645,찬성,2020-12-09
21,MR210505,2103645,찬성,2020-12-09
21,8348421R,2103645,찬성,2020-12-09
21,JQA21112,2103645,찬성,2020-12-09
21,HXT76735,2103645,찬성,2020-12-09
21,RPN2293B,2103645,찬성,2020-12-09
21,0R68099X,2103645,찬성,2020-12-09
21,4A067125,2103645,찬성,2020-12-09
21,XBT9550Q,2103645,찬성,2020-12-09
21,ZA54991S,2103645,찬성,2020-12-09
21,MO52543L,2103645,찬성,2020-12-09
21,0827740Q,2103645,찬성,2020-12-09
21,X1K3667J,2103645,찬성,2020-12-09
21,WMG57662,2103645,찬성,2020-12-09
21,NCP9875N,2103645,찬성,2020-12-09
21,I5I2468R,2103645,찬성,2020-12-09
21,L5P27909,2103645,찬성,2020-12-09
21,3425169D,2103645,찬성,2020-12-09
21,ICH23251,2103645,찬성,2020-12-09
21,6MO8786S,2103645,찬성,2020-12-09
21,XWX1513T,2103645,찬성,2020-12-09
21,CT85313K,2103645,찬성,2020-12-09
21,GOC54665,2111776,찬성,2022-04-15
21,C7E79345,2111776,불참,2022-04-15
21,UQ282145,2111776,찬성,2022-04-15
21,7BM2933Y,2111776,찬성,2022-04-15
21,2UD1340H,2111776,찬성,2022-04-15
21,9VR65006,2111776,찬성,2022-04-15
21,EMC8812P,2111776,불참,2022-04-15
21,XJC13432,2111776,기권,2022-04-15
21,XSP20229,2111776,불참,2022-04-15
21,T465023H,2111776,불참,2022-04-15
21,3RW63706,2111776,불참,2022-04-15
21,FYI20317,2111776,찬성,2022-04-15
21,CNW5754J,2111776,찬성,2022-04-15
21,XEF29171,2111776,찬성,2022-04-15
21,TST4507I,2111776,찬성,2022-04-15
21,1MU99298,2111776,찬성,2022-04-15
21,FDC3144T,2111776,찬성,2022-04-15
21,I7R13867,2111776,찬성,2022-04-15
21,FOK3459D,2111776,찬성,2022-04-15
21,QUO78839,2111776,불참,2022-04-15
21,BT62420K,2111776,찬성,2022-04-15
21,LPB30152,2111776,찬성,2022-04-15
21,TZP9391O,2111776,불참,2022-04-15
21,OSV9142K,2111776,찬성,2022-04-15
21,71J2365L,2111776,찬성,2022-04-15
21,E1J8836Y,2111776,불참,2022-04-15
21,RD42006Y,2111776,찬성,2022-04-15
21,6EN68926,2111776,찬성,2022-04-15
21,1BX7234U,2111776,찬성,2022-04-15
21,QHL3248U,2111776,찬성,2022-04-15
21,9S151177,2111776,찬성,2022-04-15
21,9V18755A,2111776,찬성,2022-04-15
21,XA42275R,2111776,찬성,2022-04-15
21,G7512472,2111776,찬성,2022-04-15
21,2N793392,2111776,찬성,2022-04-15
21,QD25323M,2111776,찬성,2022-04-15
21,GP07421U,2111776,찬성,2022-04-15
21,USR7059P,2111776,찬성,2022-04-15
21,4XG1439M,2111776,찬성,2022-04-15
21,P2N50879,2111776,찬성,2022-04-15
21,M6H1705E,2111776,찬성,2022-04-15
21,M0A1658U,2111776,찬성,2022-04-15
21,3BC6890E,2111776,기권,2022-04-15
21,ZDR63255,2111776,찬성,2022-04-15
21,GFF1986K,2111776,찬성,2022-04-15
21,WJL30106,2111776,찬성,2022-04-15
21,HKJ99607,2111776,불참,2022-04-15
21,X3170462,2111776,불참,2022-04-15
21,WFU14784,2111776,기권,2022-04-15
21,SU53086M,2111776,불참,2022-04-15
21,MR210505,2111776,기권,2022-04-15
21,4L695580,2111776,찬성,2022-04-15
21,RPN2293B,2111776,찬성,2022-04-15
21,V429892C,2111776,찬성,2022-04-15
21,4A067125,2111776,불참,2022-04-15
21,IN328264,2111776,찬성,2022-04-15
21,L5P27909,2111776,불참,2022-04-15
21,IOW1101J,2111776,기권,2022-04-15
21,6MO8786S,2111776,불참,2022-04-15
21,CT85313K,2111776,찬성,2022-04-15
21,PAO22428,2111776,불참,2022-04-15
21,NQR1206Q,2111776,찬성,2022-04-15
21,LG63087O,2111776,불참,2022-04-15
21,WCD5518S,2111776,찬성,2022-04-15
21,I434361W,2111776,찬성,2022-04-15
21,IOW8224X,2111776,불참,2022-04-15
21,ATB59635,2111776,찬성,2022-04-15
21,SBK1544B,2111776,불참,2022-04-15
21,KUO3574J,2111776,찬성,2022-04-15
21,QKO6165V,2111776,불참,2022-04-15
21,ZRF3039U,2111776,불참,2022-04-15
21,V0O5343U,2111776,불참,2022-04-15
21,IL74008M,2111776,찬성,2022-04-15
21,CNZ51556,2111776,찬성,2022-04-15
21,N4R2421C,2111776,찬성,2022-04-15
21,GDG1847Z,2111776,찬성,2022-04-15
21,O7R5461J,2111776,찬성,2022-04-15
21,6AR6743G,2111776,찬성,2022-04-15
21,6AU2417B,2111776,찬성,2022-04-15
21,8VJ8533R,2111776,불참,2022-04-15
21,B7D7534L,2111776,찬성,2022-04-15
21,AFH96856,2111776,찬성,2022-04-15
21,B7H6207C,2111776,찬성,2022-04-15
21,WHV3448W,2111776,찬성,2022-04-15
21,EVH1507C,2111776,찬성,2022-04-15
21,14M56632,2111776,불참,2022-04-15
21,DPZ7685X,2111776,불참,2022-04-15
21,KFS1358P,2111776,찬성,2022-04-15
21,CAA7713A,2111776,찬성,2022-04-15
21,Q9H5708M,2111776,찬성,2022-04-15
21,CFE3998F,2111776,불참,2022-04-15
21,MRK4871S,2111776,불참,2022-04-15
21,YKW37422,2111776,불참,2022-04-15
21,2NV6751W,2111776,찬성,2022-04-15
21,BM63269Y,2111776,불참,2022-04-15
21,M7O7878U,2111776,찬성,2022-04-15
21,XR24352K,2111776,찬성,2022-04-15
21,F5U2979W,2111776,찬성,2022-04-15
21,FIC9046Z,2111776,찬성,2022-04-15
21,NLR6572J,2111776,찬성,2022-04-15
21,JNL7001A,2111776,기권,2022-04-15
21,L7T64271,2111776,찬성,2022-04-15
21,4X525582,2111776,불참,2022-04-15
21,GKD32201,2111776,찬성,2022-04-15
21,3TO11703,2111776,찬성,2022-04-15
21,S741317G,2111776,찬성,2022-04-15
21,CCU1009B,2111776,찬성,2022-04-15
21,MU69217P,2111776,찬성,2022-04-15
21,66W6739S,2111776,기권,2022-04-15
21,LM13674V,2111776,찬성,2022-04-15
21,DAY6557K,2111776,불참,2022-04-15
21,FGI27280,2111776,불참,2022-04-15
21,A0P4646G,2111776,찬성,2022-04-15
21,A2V51235,2111776,찬성,2022-04-15
21,7I09543O,2111776,찬성,2022-04-15
21,1X376850,2111776,불참,2022-04-15
21,3DK8989T,2111776,불참,2022-04-15
21,7469929V,2111776,불참,2022-04-15
21,D4L60530,2111776,찬성,2022-04-15
21,OFE45081,2111776,찬성,2022-04-15
21,09I2323E,2111776,불참,2022-04-15
21,NTT8182Q,2111776,찬성,2022-04-15
21,A3H7195R,2111776,찬성,2022-04-15
21,ZYH1940A,2111776,찬성,2022-04-15
21,0VU8517U,2111776,불참,2022-04-15
21,HSW1214Q,2111776,불참,2022-04-15
21,NZF1659U,2111776,불참,2022-04-15
21,WDS6044S,2111776,불참,2022-04-15
21,KR14136C,2111776,찬성,2022-04-15
21,SRP7336N,2111776,불참,2022-04-15
21,5765663F,2111776,찬성,2022-04-15
21,ZKU88693,2111776,찬성,2022-04-15
21,5KV96424,2111776,찬성,2022-04-15
21,KNM3215T,2111776,찬성,2022-04-15
21,M7T9712V,2111776,찬성,2022-04-15
21,60490713,2111776,찬성,2022-04-15
21,UM51067K,2111776,찬성,2022-04-15
21,1WE5693J,2111776,찬성,2022-04-15
21,MY318392,2111776,찬성,2022-04-15
21,8FB1535Y,2111776,찬성,2022-04-15
21,4T026790,2111776,찬성,2022-04-15
21,EH27538E,2111776,찬성,2022-04-15
21,0WL9321T,2111776,찬성,2022-04-15
21,PZA4062H,2111776,찬성,2022-04-15
21,GF286398,2111776,찬성,2022-04-15
21,8348421R,2111776,찬성,2022-04-15
21,H5476989,2111776,찬성,2022-04-15
21,JQA21112,2111776,불참,2022-04-15
21,40E3739H,2111776,찬성,2022-04-15
21,HXT76735,2111776,찬성,2022-04-15
21,0R68099X,2111776,불참,2022-04-15
21,6RM29022,2111776,찬성,2022-04-15
21,MQU41854,2111776,찬성,2022-04-15
21,2385336L,2111776,찬성,2022-04-15
21,XBT9550Q,2111776,불참,2022-04-15
21,ZA54991S,2111776,불참,2022-04-15
21,MO52543L,2111776,찬성,2022-04-15
21,0827740Q,2111776,찬성,2022-04-15
21,0W194007,2111776,찬성,2022-04-15
21,X1K3667J,2111776,찬성,2022-04-15
21,WMG57662,2111776,불참,2022-04-15
21,NCP9875N,2111776,찬성,2022-04-15
21,I5I2468R,2111776,찬성,2022-04-15
21,WTR5885Y,2111776,불참,2022-04-15
21,3425169D,2111776,찬성,2022-04-15
21,ICH23251,2111776,찬성,2022-04-15
21,25I8709Q,2111776,찬성,2022-04-15
21,OIA3741M,2111776,찬성,2022-04-15
21,XWX1513T,2111776,찬성,2022-04-15
21,BLC8630L,2111776,찬성,2022-04-15
21,NAL4555X,2111776,불참,2022-04-15
21,OW53107J,2111776,찬성,2022-04-15
21,PEP6922S,2111776,찬성,2022-04-15
21,DAN6731C,2111776,기권,2022-04-15
21,VG24001G,2111776,찬성,2022-04-15
21,L2I9861C,2111776,불참,2022-04-15
21,SVH3899R,2111776,불참,2022-04-15
21,9JF4562W,2111776,불참,2022-04-15
21,Y7K5946R,2111776,찬성,2022-04-15
21,Z7Y7827F,2111776,찬성,2022-04-15
21,D6U6678O,2111776,찬성,2022-04-15
21,FU87526G,2111776,불참,2022-04-15
21,S9U45255,2111776,불참,2022-04-15
21,8SV6917G,2111776,찬성,2022-04-15
21,8FC9697X,2111776,찬성,2022-04-15
21,GD131760,2111776,찬성,2022-04-15
21,68P7228G,2111776,불참,2022-04-15
21,P0F1530P,2111776,불참,2022-04-15
21,XPP2564T,2111776,불참,2022-04-15
21,FRN1867O,2111776,찬성,2022-04-15
21,LQW3652K,2111776,기권,2022-04-15
21,RO593601,2111776,찬성,2022-04-15
21,PFG2137X,2111776,불참,2022-04-15
21,UB114374,2111776,불참,2022-04-15
21,GAV6441G,2111776,찬성,2022-04-15
21,0YT3774N,2111776,불참,2022-04-15
21,7JC3239L,2111776,불참,2022-04-15
21,40S1959J,2111776,찬성,2022-04-15
21,8KF7223D,2111776,찬성,2022-04-15
21,8P37634C,2111776,찬성,2022-04-15
21,3C23171A,2111776,찬성,2022-04-15
21,P2N4585G,2111776,찬성,2022-04-15
21,TVF3669B,2111776,불참,2022-04-15
21,JMY9959W,2111776,찬성,2022-04-15
21,7R156073,2111776,불참,2022-04-15
21,J2O8643H,2111776,찬성,2022-04-15
21,VCP96419,2111776,찬성,2022-04-15
21,GX22581L,2111776,불참,2022-04-15
21,SE233396,2111776,찬성,2022-04-15
21,52P3934K,2111776,불참,2022-04-15
21,6399076T,2111776,찬성,2022-04-15
21,4U29186R,2111776,기권,2022-04-15
21,F5Y4026Q,2111776,찬성,2022-04-15
21,1Y73132H,2111776,불참,2022-04-15
21,I0S53762,2111776,불참,2022-04-15
21,LH97552Q,2111776,불참,2022-04-15
21,TKJ4800F,2111776,불참,2022-04-15
21,O6D8329R,2111776,불참,2022-04-15
21,04T3751T,2111776,찬성,2022-04-15
21,MSY7784L,2111776,불참,2022-04-15
21,K5F2023J,2111776,찬성,2022-04-15
21,N9X9673B,2111776,찬성,2022-04-15
21,5MD4184K,2111776,찬성,2022-04-15
21,5K93695T,2111776,기권,2022-04-15
21,6U243644,2111776,찬성,2022-04-15
21,E9R4507P,2111776,불참,2022-04-15
21,UHB5553T,2111776,찬성,2022-04-15
21,J9S37905,2111776,찬성,2022-04-15
21,A494529E,2111776,찬성,2022-04-15
21,VRY5522V,2111776,찬성,2022-04-15
21,0PK7354M,2111776,찬성,2022-04-15
21,O0I2045I,2111776,찬성,2022-04-15
21,CZB4125D,2111776,불참,2022-04-15
21,Z6R3959C,2111776,찬성,2022-04-15
21,QUM8288K,2111776,찬성,2022-04-15
21,UGH6481E,2111776,찬성,2022-04-15
21,S824682L,2111776,찬성,2022-04-15
21,W4X85128,2111776,불참,2022-04-15
21,JZY9937U,2111776,불참,2022-04-15
21,YLS4431M,2111776,기권,2022-04-15
21,MNZ4401T,2111776,찬성,2022-04-15
21,3ZR4438W,2111776,불참,2022-04-15
21,HSS7466Y,2111776,찬성,2022-04-15
21,16D7652C,2111776,찬성,2022-04-15
21,KB04377U,2111776,찬성,2022-04-15
21,FU53642G,2111776,찬성,2022-04-15
21,MLH1404S,2111776,불참,2022-04-15
21,8VY63414,2111776,찬성,2022-04-15
21,QQP4727N,2111776,불참,2022-04-15
21,JEZ3130Q,2111776,찬성,2022-04-15
21,BCQ55105,2111776,불참,2022-04-15
21,9L57027L,2111776,불참,2022-04-15
21,5UN9725L,2111776,불참,2022-04-15
21,LJK4960Z,2111776,불참,2022-04-15
21,K3W33496,2111776,찬성,2022-04-15
21,M2Q9024I,2111776,찬성,2022-04-15
21,DBA1057Z,2111776,기권,2022-04-15
21,CI15627C,2111776,찬성,2022-04-15
21,21N57758,2111776,불참,2022-04-15
21,4019850M,2111776,찬성,2022-04-15
21,9YO73104,2111776,찬성,2022-04-15
21,TRE2429O,2111776,찬성,2022-04-15
21,E6U4345C,2111776,찬성,2022-04-15
21,CDL93608,2111776,불참,2022-04-15
21,X7I4680R,2111776,불참,2022-04-15
21,D0C85236,2111776,불참,2022-04-15
21,RQQ3807K,2111776,찬성,2022-04-15
21,FH777496,2111776,찬성,2022-04-15
21,8X15119P,2111776,불참,2022-04-15
21,ZYP7962W,2111776,불참,2022-04-15
21,3249208I,2111776,찬성,2022-04-15
21,GX38539O,2111776,찬성,2022-04-15
21,8Q88373R,2111776,찬성,2022-04-15
21,WVU2479T,2111776,찬성,2022-04-15
21,9D939735,2111776,불참,2022-04-15
21,QTW6852F,2111776,불참,2022-04-15
21,7XY7109I,2111776,불참,2022-04-15
21,JC14718Q,2111776,찬성,2022-04-15
21,5KV82250,2111776,불참,2022-04-15
21,L7J93733,2111776,불참,2022-04-15
21,DAV7257X,2111776,찬성,2022-04-15
21,LT72093S,2111776,찬성,2022-04-15
21,GE71932C,2111776,불참,2022-04-15
21,6YT83269,2111776,찬성,2022-04-15
21,17M85910,2111776,찬성,2022-04-15
21,G152611B,2111776,불참,2022-04-15
21,SQ36001H,2111776,불참,2022-04-15
21,G1570880,2111776,찬성,2022-04-15
21,9LD2641Q,2111776,불참,2022-04-15
21,MD083627,2111776,찬성,2022-04-15
21,6V37131U,2111776,불참,2022-04-15
21,B7R2742J,2111776,찬성,2022-04-15
21,FJK3396E,2111776,불참,2022-04-15
21,ZDP5704Q,2111776,기권,2022-04-15
21,7O71647Z,2111776,찬성,2022-04-15
21,W1Q6753M,2111776,찬성,2022-04-15
21,TJW93720,2111776,찬성,2022-04-15
21,TZ228122,2111776,찬성,2022-04-15
21,PO64874I,2111776,불참,2022-04-15
21,VHK3402G,2111776,불참,2022-04-15
21,JNL7001A,2104176,찬성,2020-09-24
21,1BX7234U,2104176,찬성,2020-09-24
21,3TO11703,2104176,찬성,2020-09-24
21,S741317G,2104176,기권,2020-09-24
21,2N793392,2104176,찬성,2020-09-24
21,1X376850,2104176,기권,2020-09-24
21,D4L60530,2104176,찬성,2020-09-24
21,WDS6044S,2104176,찬성,2020-09-24
21,WJL30106,2104176,찬성,2020-09-24
21,4L695580,2104176,찬성,2020-09-24
21,V429892C,2104176,찬성,2020-09-24
21,2385336L,2104176,찬성,2020-09-24
21,IOW1101J,2104176,찬성,2020-09-24
21,PAO22428,2104176,찬성,2020-09-24
21,0767470D,2104176,찬성,2020-09-24
21,DAN6731C,2104176,기권,2020-09-24
21,VG24001G,2104176,찬성,2020-09-24
21,I434361W,2104176,찬성,2020-09-24
21,9JF4562W,2104176,찬성,2020-09-24
21,8SV6917G,2104176,불참,2020-09-24
21,ZRF3039U,2104176,찬성,2020-09-24
21,V0O5343U,2104176,찬성,2020-09-24
21,68P7228G,2104176,찬성,2020-09-24
21,CNZ51556,2104176,찬성,2020-09-24
21,N4R2421C,2104176,불참,2020-09-24
21,LNR7932L,2104176,찬성,2020-09-24
21,J2O8643H,2104176,찬성,2020-09-24
21,GX22581L,2104176,불참,2020-09-24
21,MSY7784L,2104176,불참,2020-09-24
21,5MD4184K,2104176,찬성,2020-09-24
21,5K93695T,2104176,찬성,2020-09-24
21,Q9H5708M,2104176,찬성,2020-09-24
21,2NV6751W,2104176,찬성,2020-09-24
21,16D7652C,2104176,찬성,2020-09-24
21,LJK4960Z,2104176,찬성,2020-09-24
21,CI15627C,2104176,불참,2020-09-24
21,21N57758,2104176,찬성,2020-09-24
21,C7E79345,2104176,찬성,2020-09-24
21,T465023H,2104176,찬성,2020-09-24
21,6YT83269,2104176,찬성,2020-09-24
21,FDC3144T,2104176,불참,2020-09-24
21,SQ36001H,2104176,찬성,2020-09-24
21,FOK3459D,2104176,찬성,2020-09-24
21,71J2365L,2104176,기권,2020-09-24
21,GKD32201,2104176,찬성,2020-09-24
21,L7T64271,2104176,찬성,2020-09-24
21,G7512472,2104176,찬성,2020-09-24
21,CCU1009B,2104176,찬성,2020-09-24
21,MU69217P,2104176,기권,2020-09-24
21,66W6739S,2104176,찬성,2020-09-24
21,LM13674V,2104176,불참,2020-09-24
21,QD25323M,2104176,찬성,2020-09-24
21,DAY6557K,2104176,찬성,2020-09-24
21,GP07421U,2104176,찬성,2020-09-24
21,FGI27280,2104176,찬성,2020-09-24
21,4XG1439M,2104176,찬성,2020-09-24
21,A0P4646G,2104176,찬성,2020-09-24
21,A2V51235,2104176,찬성,2020-09-24
21,7I09543O,2104176,찬성,2020-09-24
21,3DK8989T,2104176,찬성,2020-09-24
21,7469929V,2104176,찬성,2020-09-24
21,M6H1705E,2104176,찬성,2020-09-24
21,OFE45081,2104176,찬성,2020-09-24
21,09I2323E,2104176,찬성,2020-09-24
21,NTT8182Q,2104176,찬성,2020-09-24
21,ZYH1940A,2104176,불참,2020-09-24
21,0VU8517U,2104176,불참,2020-09-24
21,M0A1658U,2104176,찬성,2020-09-24
21,HSW1214Q,2104176,찬성,2020-09-24
21,NZF1659U,2104176,찬성,2020-09-24
21,3BC6890E,2104176,찬성,2020-09-24
21,ZDR63255,2104176,찬성,2020-09-24
21,KR14136C,2104176,찬성,2020-09-24
21,SRP7336N,2104176,불참,2020-09-24
21,5765663F,2104176,찬성,2020-09-24
21,5KV96424,2104176,찬성,2020-09-24
21,KNM3215T,2104176,찬성,2020-09-24
21,M7T9712V,2104176,기권,2020-09-24
21,60490713,2104176,찬성,2020-09-24
21,UM51067K,2104176,찬성,2020-09-24
21,HKJ99607,2104176,찬성,2020-09-24
21,1WE5693J,2104176,찬성,2020-09-24
21,X3170462,2104176,찬성,2020-09-24
21,MY318392,2104176,찬성,2020-09-24
21,8FB1535Y,2104176,찬성,2020-09-24
21,4T026790,2104176,찬성,2020-09-24
21,EH27538E,2104176,찬성,2020-09-24
21,WFU14784,2104176,찬성,2020-09-24
21,SU53086M,2104176,찬성,2020-09-24
21,0WL9321T,2104176,찬성,2020-09-24
21,MR210505,2104176,찬성,2020-09-24
21,GF286398,2104176,찬성,2020-09-24
21,8348421R,2104176,기권,2020-09-24
21,H5476989,2104176,찬성,2020-09-24
21,JQA21112,2104176,찬성,2020-09-24
21,40E3739H,2104176,찬성,2020-09-24
21,HXT76735,2104176,불참,2020-09-24
21,RPN2293B,2104176,찬성,2020-09-24
21,0R68099X,2104176,불참,2020-09-24
21,4A067125,2104176,찬성,2020-09-24
21,IN328264,2104176,찬성,2020-09-24
21,XBT9550Q,2104176,찬성,2020-09-24
21,ZA54991S,2104176,찬성,2020-09-24
21,MO52543L,2104176,불참,2020-09-24
21,0827740Q,2104176,찬성,2020-09-24
21,0W194007,2104176,찬성,2020-09-24
21,X1K3667J,2104176,찬성,2020-09-24
21,NCP9875N,2104176,찬성,2020-09-24
21,I5I2468R,2104176,찬성,2020-09-24
21,WTR5885Y,2104176,찬성,2020-09-24
21,L5P27909,2104176,찬성,2020-09-24
21,3425169D,2104176,찬성,2020-09-24
21,ICH23251,2104176,찬성,2020-09-24
21,25I8709Q,2104176,찬성,2020-09-24
21,OIA3741M,2104176,찬성,2020-09-24
21,XWX1513T,2104176,찬성,2020-09-24
21,CT85313K,2104176,찬성,2020-09-24
21,BLC8630L,2104176,불참,2020-09-24
21,NQR1206Q,2104176,찬성,2020-09-24
21,LG63087O,2104176,찬성,2020-09-24
21,NAL4555X,2104176,찬성,2020-09-24
21,OW53107J,2104176,찬성,2020-09-24
21,PEP6922S,2104176,찬성,2020-09-24
21,L2I9861C,2104176,찬성,2020-09-24
21,WCD5518S,2104176,찬성,2020-09-24
21,SVH3899R,2104176,기권,2020-09-24
21,IOW8224X,2104176,찬성,2020-09-24
21,Y7K5946R,2104176,찬성,2020-09-24
21,Z7Y7827F,2104176,찬성,2020-09-24
21,ATB59635,2104176,찬성,2020-09-24
21,SBK1544B,2104176,찬성,2020-09-24
21,KUO3574J,2104176,찬성,2020-09-24
21,FU87526G,2104176,찬성,2020-09-24
21,S9U45255,2104176,찬성,2020-09-24
21,8FC9697X,2104176,찬성,2020-09-24
21,QKO6165V,2104176,찬성,2020-09-24
21,GD131760,2104176,찬성,2020-09-24
21,XPP2564T,2104176,찬성,2020-09-24
21,FRN1867O,2104176,찬성,2020-09-24
21,LQW3652K,2104176,찬성,2020-09-24
21,PFG2137X,2104176,찬성,2020-09-24
21,UB114374,2104176,반대,2020-09-24
21,0YT3774N,2104176,찬성,2020-09-24
21,7JC3239L,2104176,기권,2020-09-24
21,40S1959J,2104176,찬성,2020-09-24
21,IL74008M,2104176,찬성,2020-09-24
21,8KF7223D,2104176,찬성,2020-09-24
21,8P37634C,2104176,찬성,2020-09-24
21,3C23171A,2104176,찬성,2020-09-24
21,GDG1847Z,2104176,기권,2020-09-24
21,P2N4585G,2104176,불참,2020-09-24
21,O7R5461J,2104176,찬성,2020-09-24
21,TVF3669B,2104176,기권,2020-09-24
21,JMY9959W,2104176,찬성,2020-09-24
21,7R156073,2104176,찬성,2020-09-24
21,6AR6743G,2104176,찬성,2020-09-24
21,6AU2417B,2104176,찬성,2020-09-24
21,8VJ8533R,2104176,기권,2020-09-24
21,B7D7534L,2104176,찬성,2020-09-24
21,SE233396,2104176,찬성,2020-09-24
21,AFH96856,2104176,찬성,2020-09-24
21,52P3934K,2104176,찬성,2020-09-24
21,B7H6207C,2104176,찬성,2020-09-24
21,4U29186R,2104176,찬성,2020-09-24
21,F5Y4026Q,2104176,찬성,2020-09-24
21,WHV3448W,2104176,찬성,2020-09-24
21,1Y73132H,2104176,찬성,2020-09-24
21,I0S53762,2104176,불참,2020-09-24
21,LH97552Q,2104176,찬성,2020-09-24
21,TKJ4800F,2104176,찬성,2020-09-24
21,O6D8329R,2104176,찬성,2020-09-24
21,04T3751T,2104176,찬성,2020-09-24
21,EVH1507C,2104176,찬성,2020-09-24
21,K5F2023J,2104176,찬성,2020-09-24
21,N9X9673B,2104176,찬성,2020-09-24
21,TP066860,2104176,찬성,2020-09-24
21,DPZ7685X,2104176,찬성,2020-09-24
21,6U243644,2104176,찬성,2020-09-24
21,E9R4507P,2104176,찬성,2020-09-24
21,UHB5553T,2104176,찬성,2020-09-24
21,KFS1358P,2104176,찬성,2020-09-24
21,A494529E,2104176,찬성,2020-09-24
21,VRY5522V,2104176,찬성,2020-09-24
21,CAA7713A,2104176,불참,2020-09-24
21,0PK7354M,2104176,찬성,2020-09-24
21,O0I2045I,2104176,찬성,2020-09-24
21,CZB4125D,2104176,찬성,2020-09-24
21,Z6R3959C,2104176,불참,2020-09-24
21,QUM8288K,2104176,찬성,2020-09-24
21,UGH6481E,2104176,찬성,2020-09-24
21,S824682L,2104176,찬성,2020-09-24
21,W4X85128,2104176,찬성,2020-09-24
21,JZY9937U,2104176,찬성,2020-09-24
21,MRK4871S,2104176,찬성,2020-09-24
21,YKW37422,2104176,불참,2020-09-24
21,BM63269Y,2104176,찬성,2020-09-24
21,M7O7878U,2104176,찬성,2020-09-24
21,YLS4431M,2104176,기권,2020-09-24
21,MNZ4401T,2104176,찬성,2020-09-24
21,3ZR4438W,2104176,불참,2020-09-24
21,KB04377U,2104176,찬성,2020-09-24
21,FU53642G,2104176,찬성,2020-09-24
21,MLH1404S,2104176,찬성,2020-09-24
21,8VY63414,2104176,찬성,2020-09-24
21,XR24352K,2104176,찬성,2020-09-24
21,QQP4727N,2104176,찬성,2020-09-24
21,IUL4848V,2104176,찬성,2020-09-24
21,JEZ3130Q,2104176,찬성,2020-09-24
21,BCQ55105,2104176,찬성,2020-09-24
21,9L57027L,2104176,기권,2020-09-24
21,GOC54665,2104176,찬성,2020-09-24
21,K3W33496,2104176,찬성,2020-09-24
21,M2Q9024I,2104176,찬성,2020-09-24
21,DBA1057Z,2104176,찬성,2020-09-24
21,4019850M,2104176,찬성,2020-09-24
21,UQ282145,2104176,찬성,2020-09-24
21,TRE2429O,2104176,찬성,2020-09-24
21,E6U4345C,2104176,찬성,2020-09-24
21,7BM2933Y,2104176,찬성,2020-09-24
21,2UD1340H,2104176,찬성,2020-09-24
21,9VR65006,2104176,찬성,2020-09-24
21,EMC8812P,2104176,불참,2020-09-24
21,XJC13432,2104176,찬성,2020-09-24
21,RQQ3807K,2104176,찬성,2020-09-24
21,FH777496,2104176,찬성,2020-09-24
21,FYI20317,2104176,찬성,2020-09-24
21,8X15119P,2104176,찬성,2020-09-24
21,ZYP7962W,2104176,찬성,2020-09-24
21,CNW5754J,2104176,찬성,2020-09-24
21,GX38539O,2104176,찬성,2020-09-24
21,8Q88373R,2104176,찬성,2020-09-24
21,WVU2479T,2104176,찬성,2020-09-24
21,9D939735,2104176,찬성,2020-09-24
21,QTW6852F,2104176,찬성,2020-09-24
21,7XY7109I,2104176,찬성,2020-09-24
21,TST4507I,2104176,찬성,2020-09-24
21,JC14718Q,2104176,찬성,2020-09-24
21,5KV82250,2104176,기권,2020-09-24
21,L7J93733,2104176,찬성,2020-09-24
21,LT72093S,2104176,찬성,2020-09-24
21,GE71932C,2104176,찬성,2020-09-24
21,1MU99298,2104176,찬성,2020-09-24
21,G152611B,2104176,불참,2020-09-24
21,I7R13867,2104176,찬성,2020-09-24
21,9LD2641Q,2104176,찬성,2020-09-24
21,QUO78839,2104176,찬성,2020-09-24
21,BT62420K,2104176,찬성,2020-09-24
21,LPB30152,2104176,찬성,2020-09-24
21,MD083627,2104176,찬성,2020-09-24
21,TZP9391O,2104176,찬성,2020-09-24
21,6V37131U,2104176,찬성,2020-09-24
21,B7R2742J,2104176,찬성,2020-09-24
21,FJK3396E,2104176,찬성,2020-09-24
21,7O71647Z,2104176,찬성,2020-09-24
21,W1Q6753M,2104176,찬성,2020-09-24
21,E1J8836Y,2104176,불참,2020-09-24
21,RD42006Y,2104176,찬성,2020-09-24
21,6EN68926,2104176,불참,2020-09-24
21,QHL3248U,2104176,찬성,2020-09-24
21,AE685067,2104176,찬성,2020-09-24
21,9S151177,2104176,찬성,2020-09-24
21,TZ228122,2104176,찬성,2020-09-24
21,9V18755A,2104176,찬성,2020-09-24
21,PO64874I,2104176,불참,2020-09-24
21,4X525582,2104176,찬성,2020-09-24
21,XA42275R,2104176,찬성,2020-09-24
21,P2N50879,2104176,찬성,2020-09-24
21,A3H7195R,2104176,찬성,2020-09-24
21,GFF1986K,2104176,찬성,2020-09-24
21,ZKU88693,2104176,찬성,2020-09-24
21,PZA4062H,2104176,찬성,2020-09-24
21,WMG57662,2104176,찬성,2020-09-24
21,6MO8786S,2104176,찬성,2020-09-24
21,D6U6678O,2104176,불참,2020-09-24
21,P0F1530P,2104176,불참,2020-09-24
21,RO593601,2104176,찬성,2020-09-24
21,GAV6441G,2104176,찬성,2020-09-24
21,VCP96419,2104176,찬성,2020-09-24
21,6399076T,2104176,찬성,2020-09-24
21,14M56632,2104176,찬성,2020-09-24
21,J9S37905,2104176,찬성,2020-09-24
21,CFE3998F,2104176,불참,2020-09-24
21,HSS7466Y,2104176,찬성,2020-09-24
21,5UN9725L,2104176,기권,2020-09-24
21,9YO73104,2104176,불참,2020-09-24
21,CDL93608,2104176,찬성,2020-09-24
21,X7I4680R,2104176,찬성,2020-09-24
21,D0C85236,2104176,기권,2020-09-24
21,XSP20229,2104176,찬성,2020-09-24
21,3RW63706,2104176,찬성,2020-09-24
21,3249208I,2104176,불참,2020-09-24
21,XEF29171,2104176,찬성,2020-09-24
21,DAV7257X,2104176,찬성,2020-09-24
21,17M85910,2104176,찬성,2020-09-24
21,G1570880,2104176,찬성,2020-09-24
21,OSV9142K,2104176,찬성,2020-09-24
21,ZDP5704Q,2104176,찬성,2020-09-24
21,MHK9919B,2104176,찬성,2020-09-24
21,TJW93720,2104176,찬성,2020-09-24
21,USR7059P,2104176,찬성,2020-09-24
21,FIC9046Z,2111150,불참,2021-06-29
21,GKD32201,2111150,찬성,2021-06-29
21,S741317G,2111150,찬성,2021-06-29
21,CCU1009B,2111150,불참,2021-06-29
21,2N793392,2111150,찬성,2021-06-29
21,QD25323M,2111150,찬성,2021-06-29
21,DAY6557K,2111150,찬성,2021-06-29
21,GP07421U,2111150,찬성,2021-06-29
21,FGI27280,2111150,찬성,2021-06-29
21,USR7059P,2111150,기권,2021-06-29
21,4XG1439M,2111150,찬성,2021-06-29
21,P2N50879,2111150,찬성,2021-06-29
21,A0P4646G,2111150,불참,2021-06-29
21,7I09543O,2111150,불참,2021-06-29
21,1X376850,2111150,불참,2021-06-29
21,3DK8989T,2111150,찬성,2021-06-29
21,7469929V,2111150,찬성,2021-06-29
21,09I2323E,2111150,불참,2021-06-29
21,A3H7195R,2111150,찬성,2021-06-29
21,ZYH1940A,2111150,불참,2021-06-29
21,M0A1658U,2111150,불참,2021-06-29
21,HSW1214Q,2111150,찬성,2021-06-29
21,ZDR63255,2111150,찬성,2021-06-29
21,5765663F,2111150,찬성,2021-06-29
21,GFF1986K,2111150,찬성,2021-06-29
21,WJL30106,2111150,불참,2021-06-29
21,5KV96424,2111150,찬성,2021-06-29
21,KNM3215T,2111150,찬성,2021-06-29
21,M7T9712V,2111150,찬성,2021-06-29
21,60490713,2111150,찬성,2021-06-29
21,1WE5693J,2111150,불참,2021-06-29
21,X3170462,2111150,불참,2021-06-29
21,MY318392,2111150,불참,2021-06-29
21,4T026790,2111150,찬성,2021-06-29
21,EH27538E,2111150,찬성,2021-06-29
21,WFU14784,2111150,찬성,2021-06-29
21,SU53086M,2111150,찬성,2021-06-29
21,MR210505,2111150,불참,2021-06-29
21,GF286398,2111150,찬성,2021-06-29
21,8348421R,2111150,불참,2021-06-29
21,JQA21112,2111150,찬성,2021-06-29
21,4L695580,2111150,찬성,2021-06-29
21,40E3739H,2111150,찬성,2021-06-29
21,HXT76735,2111150,불참,2021-06-29
21,RPN2293B,2111150,찬성,2021-06-29
21,V429892C,2111150,불참,2021-06-29
21,XBT9550Q,2111150,찬성,2021-06-29
21,ZA54991S,2111150,찬성,2021-06-29
21,MO52543L,2111150,찬성,2021-06-29
21,0827740Q,2111150,찬성,2021-06-29
21,X1K3667J,2111150,불참,2021-06-29
21,I5I2468R,2111150,찬성,2021-06-29
21,L5P27909,2111150,찬성,2021-06-29
21,ICH23251,2111150,찬성,2021-06-29
21,25I8709Q,2111150,찬성,2021-06-29
21,XWX1513T,2111150,찬성,2021-06-29
21,CT85313K,2111150,찬성,2021-06-29
21,PAO22428,2111150,불참,2021-06-29
21,BLC8630L,2111150,불참,2021-06-29
21,NQR1206Q,2111150,찬성,2021-06-29
21,NAL4555X,2111150,불참,2021-06-29
21,PEP6922S,2111150,찬성,2021-06-29
21,VG24001G,2111150,찬성,2021-06-29
21,L2I9861C,2111150,찬성,2021-06-29
21,WCD5518S,2111150,찬성,2021-06-29
21,I434361W,2111150,찬성,2021-06-29
21,Y7K5946R,2111150,찬성,2021-06-29
21,D6U6678O,2111150,불참,2021-06-29
21,FU87526G,2111150,기권,2021-06-29
21,S9U45255,2111150,불참,2021-06-29
21,8FC9697X,2111150,찬성,2021-06-29
21,QKO6165V,2111150,찬성,2021-06-29
21,V0O5343U,2111150,불참,2021-06-29
21,P0F1530P,2111150,불참,2021-06-29
21,FRN1867O,2111150,찬성,2021-06-29
21,LQW3652K,2111150,기권,2021-06-29
21,UB114374,2111150,찬성,2021-06-29
21,GAV6441G,2111150,찬성,2021-06-29
21,8KF7223D,2111150,찬성,2021-06-29
21,8P37634C,2111150,찬성,2021-06-29
21,CNZ51556,2111150,불참,2021-06-29
21,N4R2421C,2111150,불참,2021-06-29
21,GDG1847Z,2111150,불참,2021-06-29
21,O7R5461J,2111150,찬성,2021-06-29
21,JMY9959W,2111150,찬성,2021-06-29
21,VCP96419,2111150,찬성,2021-06-29
21,8VJ8533R,2111150,불참,2021-06-29
21,B7D7534L,2111150,찬성,2021-06-29
21,SE233396,2111150,찬성,2021-06-29
21,52P3934K,2111150,불참,2021-06-29
21,B7H6207C,2111150,불참,2021-06-29
21,6399076T,2111150,불참,2021-06-29
21,4U29186R,2111150,불참,2021-06-29
21,F5Y4026Q,2111150,찬성,2021-06-29
21,WHV3448W,2111150,불참,2021-06-29
21,1Y73132H,2111150,불참,2021-06-29
21,O6D8329R,2111150,찬성,2021-06-29
21,14M56632,2111150,불참,2021-06-29
21,N9X9673B,2111150,불참,2021-06-29
21,5MD4184K,2111150,찬성,2021-06-29
21,TP066860,2111150,찬성,2021-06-29
21,E9R4507P,2111150,찬성,2021-06-29
21,KFS1358P,2111150,찬성,2021-06-29
21,J9S37905,2111150,불참,2021-06-29
21,A494529E,2111150,찬성,2021-06-29
21,VRY5522V,2111150,찬성,2021-06-29
21,CAA7713A,2111150,찬성,2021-06-29
21,0PK7354M,2111150,찬성,2021-06-29
21,CZB4125D,2111150,불참,2021-06-29
21,Z6R3959C,2111150,불참,2021-06-29
21,QUM8288K,2111150,불참,2021-06-29
21,S824682L,2111150,찬성,2021-06-29
21,W4X85128,2111150,불참,2021-06-29
21,Q9H5708M,2111150,찬성,2021-06-29
21,JZY9937U,2111150,불참,2021-06-29
21,MRK4871S,2111150,불참,2021-06-29
21,YKW37422,2111150,불참,2021-06-29
21,2NV6751W,2111150,불참,2021-06-29
21,BM63269Y,2111150,불참,2021-06-29
21,M7O7878U,2111150,찬성,2021-06-29
21,YLS4431M,2111150,불참,2021-06-29
21,3ZR4438W,2111150,불참,2021-06-29
21,16D7652C,2111150,불참,2021-06-29
21,KB04377U,2111150,불참,2021-06-29
21,8VY63414,2111150,찬성,2021-06-29
21,XR24352K,2111150,찬성,2021-06-29
21,QQP4727N,2111150,불참,2021-06-29
21,IUL4848V,2111150,기권,2021-06-29
21,JEZ3130Q,2111150,불참,2021-06-29
21,9L57027L,2111150,찬성,2021-06-29
21,GOC54665,2111150,불참,2021-06-29
21,LJK4960Z,2111150,불참,2021-06-29
21,M2Q9024I,2111150,불참,2021-06-29
21,DBA1057Z,2111150,찬성,2021-06-29
21,CI15627C,2111150,불참,2021-06-29
21,C7E79345,2111150,불참,2021-06-29
21,4019850M,2111150,찬성,2021-06-29
21,UQ282145,2111150,찬성,2021-06-29
21,9YO73104,2111150,불참,2021-06-29
21,TRE2429O,2111150,불참,2021-06-29
21,CDL93608,2111150,찬성,2021-06-29
21,2UD1340H,2111150,찬성,2021-06-29
21,X7I4680R,2111150,찬성,2021-06-29
21,XSP20229,2111150,찬성,2021-06-29
21,T465023H,2111150,찬성,2021-06-29
21,RQQ3807K,2111150,찬성,2021-06-29
21,FH777496,2111150,찬성,2021-06-29
21,ZYP7962W,2111150,불참,2021-06-29
21,GX38539O,2111150,찬성,2021-06-29
21,QTW6852F,2111150,불참,2021-06-29
21,7XY7109I,2111150,불참,2021-06-29
21,TST4507I,2111150,찬성,2021-06-29
21,JC14718Q,2111150,찬성,2021-06-29
21,5KV82250,2111150,찬성,2021-06-29
21,LT72093S,2111150,찬성,2021-06-29
21,6YT83269,2111150,불참,2021-06-29
21,1MU99298,2111150,찬성,2021-06-29
21,FDC3144T,2111150,찬성,2021-06-29
21,17M85910,2111150,찬성,2021-06-29
21,G152611B,2111150,찬성,2021-06-29
21,9LD2641Q,2111150,찬성,2021-06-29
21,QUO78839,2111150,불참,2021-06-29
21,BT62420K,2111150,찬성,2021-06-29
21,TZP9391O,2111150,찬성,2021-06-29
21,6V37131U,2111150,찬성,2021-06-29
21,FJK3396E,2111150,찬성,2021-06-29
21,ZDP5704Q,2111150,찬성,2021-06-29
21,71J2365L,2111150,불참,2021-06-29
21,7O71647Z,2111150,찬성,2021-06-29
21,E1J8836Y,2111150,찬성,2021-06-29
21,RD42006Y,2111150,불참,2021-06-29
21,1BX7234U,2111150,찬성,2021-06-29
21,QHL3248U,2111150,찬성,2021-06-29
21,AE685067,2111150,찬성,2021-06-29
21,TZ228122,2111150,찬성,2021-06-29
21,9V18755A,2111150,찬성,2021-06-29
21,XA42275R,2111150,찬성,2021-06-29
21,PO64874I,2111150,불참,2021-06-29
21,6AR6743G,2111150,불참,2021-06-29
21,J2O8643H,2111150,찬성,2021-06-29
21,6AU2417B,2111150,찬성,2021-06-29
21,GX22581L,2111150,불참,2021-06-29
21,AFH96856,2111150,찬성,2021-06-29
21,I0S53762,2111150,불참,2021-06-29
21,LH97552Q,2111150,찬성,2021-06-29
21,TKJ4800F,2111150,찬성,2021-06-29
21,04T3751T,2111150,찬성,2021-06-29
21,MSY7784L,2111150,불참,2021-06-29
21,EVH1507C,2111150,찬성,2021-06-29
21,K5F2023J,2111150,불참,2021-06-29
21,5K93695T,2111150,불참,2021-06-29
21,DPZ7685X,2111150,찬성,2021-06-29
21,6U243644,2111150,찬성,2021-06-29
21,UHB5553T,2111150,찬성,2021-06-29
21,O0I2045I,2111150,찬성,2021-06-29
21,UGH6481E,2111150,찬성,2021-06-29
21,CFE3998F,2111150,불참,2021-06-29
21,MNZ4401T,2111150,불참,2021-06-29
21,HSS7466Y,2111150,찬성,2021-06-29
21,FU53642G,2111150,찬성,2021-06-29
21,MLH1404S,2111150,불참,2021-06-29
21,BCQ55105,2111150,찬성,2021-06-29
21,5UN9725L,2111150,찬성,2021-06-29
21,K3W33496,2111150,찬성,2021-06-29
21,21N57758,2111150,불참,2021-06-29
21,E6U4345C,2111150,찬성,2021-06-29
21,7BM2933Y,2111150,찬성,2021-06-29
21,9VR65006,2111150,불참,2021-06-29
21,EMC8812P,2111150,찬성,2021-06-29
21,XJC13432,2111150,기권,2021-06-29
21,D0C85236,2111150,불참,2021-06-29
21,3RW63706,2111150,찬성,2021-06-29
21,FYI20317,2111150,찬성,2021-06-29
21,8X15119P,2111150,불참,2021-06-29
21,CNW5754J,2111150,찬성,2021-06-29
21,3249208I,2111150,찬성,2021-06-29
21,8Q88373R,2111150,불참,2021-06-29
21,XEF29171,2111150,찬성,2021-06-29
21,WVU2479T,2111150,불참,2021-06-29
21,9D939735,2111150,불참,2021-06-29
21,L7J93733,2111150,불참,2021-06-29
21,DAV7257X,2111150,찬성,2021-06-29
21,GE71932C,2111150,불참,2021-06-29
21,I7R13867,2111150,찬성,2021-06-29
21,SQ36001H,2111150,찬성,2021-06-29
21,G1570880,2111150,찬성,2021-06-29
21,FOK3459D,2111150,찬성,2021-06-29
21,LPB30152,2111150,불참,2021-06-29
21,MD083627,2111150,찬성,2021-06-29
21,OSV9142K,2111150,찬성,2021-06-29
21,B7R2742J,2111150,찬성,2021-06-29
21,W1Q6753M,2111150,불참,2021-06-29
21,MHK9919B,2111150,불참,2021-06-29
21,6EN68926,2111150,불참,2021-06-29
21,TJW93720,2111150,찬성,2021-06-29
21,9S151177,2111150,찬성,2021-06-29
21,JNL7001A,2111150,찬성,2021-06-29
21,L7T64271,2111150,찬성,2021-06-29
21,4X525582,2111150,불참,2021-06-29
21,G7512472,2111150,찬성,2021-06-29
21,3TO11703,2111150,찬성,2021-06-29
21,MU69217P,2111150,불참,2021-06-29
21,66W6739S,2111150,찬성,2021-06-29
21,LM13674V,2111150,찬성,2021-06-29
21,A2V51235,2111150,찬성,2021-06-29
21,D4L60530,2111150,찬성,2021-06-29
21,M6H1705E,2111150,찬성,2021-06-29
21,OFE45081,2111150,찬성,2021-06-29
21,NTT8182Q,2111150,찬성,2021-06-29
21,0VU8517U,2111150,불참,2021-06-29
21,NZF1659U,2111150,불참,2021-06-29
21,WDS6044S,2111150,찬성,2021-06-29
21,3BC6890E,2111150,찬성,2021-06-29
21,KR14136C,2111150,불참,2021-06-29
21,SRP7336N,2111150,불참,2021-06-29
21,ZKU88693,2111150,불참,2021-06-29
21,UM51067K,2111150,찬성,2021-06-29
21,HKJ99607,2111150,불참,2021-06-29
21,8FB1535Y,2111150,찬성,2021-06-29
21,0WL9321T,2111150,찬성,2021-06-29
21,PZA4062H,2111150,찬성,2021-06-29
21,H5476989,2111150,불참,2021-06-29
21,0R68099X,2111150,불참,2021-06-29
21,4A067125,2111150,불참,2021-06-29
21,2385336L,2111150,찬성,2021-06-29
21,IN328264,2111150,불참,2021-06-29
21,0W194007,2111150,찬성,2021-06-29
21,WMG57662,2111150,찬성,2021-06-29
21,NCP9875N,2111150,찬성,2021-06-29
21,WTR5885Y,2111150,불참,2021-06-29
21,3425169D,2111150,찬성,2021-06-29
21,IOW1101J,2111150,찬성,2021-06-29
21,OIA3741M,2111150,찬성,2021-06-29
21,6MO8786S,2111150,찬성,2021-06-29
21,0767470D,2111150,불참,2021-06-29
21,LG63087O,2111150,불참,2021-06-29
21,OW53107J,2111150,찬성,2021-06-29
21,DAN6731C,2111150,불참,2021-06-29
21,SVH3899R,2111150,불참,2021-06-29
21,IOW8224X,2111150,찬성,2021-06-29
21,9JF4562W,2111150,찬성,2021-06-29
21,Z7Y7827F,2111150,불참,2021-06-29
21,ATB59635,2111150,찬성,2021-06-29
21,SBK1544B,2111150,찬성,2021-06-29
21,KUO3574J,2111150,찬성,2021-06-29
21,8SV6917G,2111150,찬성,2021-06-29
21,GD131760,2111150,불참,2021-06-29
21,ZRF3039U,2111150,불참,2021-06-29
21,68P7228G,2111150,찬성,2021-06-29
21,XPP2564T,2111150,불참,2021-06-29
21,RO593601,2111150,찬성,2021-06-29
21,PFG2137X,2111150,찬성,2021-06-29
21,0YT3774N,2111150,찬성,2021-06-29
21,7JC3239L,2111150,찬성,2021-06-29
21,40S1959J,2111150,찬성,2021-06-29
21,IL74008M,2111150,찬성,2021-06-29
21,3C23171A,2111150,찬성,2021-06-29
21,P2N4585G,2111150,찬성,2021-06-29
21,TVF3669B,2111150,불참,2021-06-29
21,7R156073,2111150,불참,2021-06-29
21,F5U2979W,2120719,찬성,2023-12-20
21,YOG1280B,2120719,불참,2023-12-20
21,FIC9046Z,2120719,찬성,2023-12-20
21,DWK26447,2120719,불참,2023-12-20
21,NUB4941Z,2120719,찬성,2023-12-20
21,KFM1081G,2120719,찬성,2023-12-20
21,F0I5053J,2120719,불참,2023-12-20
21,NLR6572J,2120719,찬성,2023-12-20
21,YTA7297R,2120719,찬성,2023-12-20
21,L7T64271,2120719,찬성,2023-12-20
21,4X525582,2120719,찬성,2023-12-20
21,GKD32201,2120719,불참,2023-12-20
21,G7512472,2120719,불참,2023-12-20
21,3TO11703,2120719,찬성,2023-12-20
21,S741317G,2120719,찬성,2023-12-20
21,CCU1009B,2120719,찬성,2023-12-20
21,MU69217P,2120719,찬성,2023-12-20
21,2N793392,2120719,찬성,2023-12-20
21,66W6739S,2120719,찬성,2023-12-20
21,LM13674V,2120719,불참,2023-12-20
21,QD25323M,2120719,찬성,2023-12-20
21,JVB6983V,2120719,찬성,2023-12-20
21,DAY6557K,2120719,찬성,2023-12-20
21,GP07421U,2120719,찬성,2023-12-20
21,FGI27280,2120719,찬성,2023-12-20
21,USR7059P,2120719,찬성,2023-12-20
21,4XG1439M,2120719,찬성,2023-12-20
21,P2N50879,2120719,불참,2023-12-20
21,A0P4646G,2120719,불참,2023-12-20
21,A2V51235,2120719,불참,2023-12-20
21,7I09543O,2120719,찬성,2023-12-20
21,3DK8989T,2120719,불참,2023-12-20
21,7469929V,2120719,불참,2023-12-20
21,D4L60530,2120719,찬성,2023-12-20
21,M6H1705E,2120719,찬성,2023-12-20
21,OFE45081,2120719,찬성,2023-12-20
21,09I2323E,2120719,찬성,2023-12-20
21,NTT8182Q,2120719,찬성,2023-12-20
21,A3H7195R,2120719,불참,2023-12-20
21,ZYH1940A,2120719,불참,2023-12-20
21,0VU8517U,2120719,불참,2023-12-20
21,M0A1658U,2120719,불참,2023-12-20
21,HSW1214Q,2120719,찬성,2023-12-20
21,NZF1659U,2120719,불참,2023-12-20
21,WDS6044S,2120719,찬성,2023-12-20
21,3BC6890E,2120719,찬성,2023-12-20
21,ZDR63255,2120719,불참,2023-12-20
21,KR14136C,2120719,찬성,2023-12-20
21,5765663F,2120719,찬성,2023-12-20
21,GFF1986K,2120719,찬성,2023-12-20
21,ZKU88693,2120719,불참,2023-12-20
21,WJL30106,2120719,불참,2023-12-20
21,5KV96424,2120719,불참,2023-12-20
21,KNM3215T,2120719,불참,2023-12-20
21,M7T9712V,2120719,찬성,2023-12-20
21,60490713,2120719,불참,2023-12-20
21,UM51067K,2120719,찬성,2023-12-20
21,HKJ99607,2120719,찬성,2023-12-20
21,1WE5693J,2120719,불참,2023-12-20
21,X3170462,2120719,불참,2023-12-20
21,MY318392,2120719,불참,2023-12-20
21,8FB1535Y,2120719,찬성,2023-12-20
21,4T026790,2120719,찬성,2023-12-20
21,EH27538E,2120719,찬성,2023-12-20
21,WFU14784,2120719,찬성,2023-12-20
21,SU53086M,2120719,불참,2023-12-20
21,0WL9321T,2120719,불참,2023-12-20
21,PZA4062H,2120719,찬성,2023-12-20
21,MR210505,2120719,불참,2023-12-20
21,GF286398,2120719,찬성,2023-12-20
21,8348421R,2120719,찬성,2023-12-20
21,H5476989,2120719,찬성,2023-12-20
21,JQA21112,2120719,불참,2023-12-20
21,4L695580,2120719,찬성,2023-12-20
21,40E3739H,2120719,찬성,2023-12-20
21,6FS10566,2120719,찬성,2023-12-20
21,HXT76735,2120719,찬성,2023-12-20
21,RPN2293B,2120719,찬성,2023-12-20
21,0R68099X,2120719,찬성,2023-12-20
21,6RM29022,2120719,찬성,2023-12-20
21,MQU41854,2120719,찬성,2023-12-20
21,V429892C,2120719,불참,2023-12-20
21,2385336L,2120719,찬성,2023-12-20
21,IN328264,2120719,불참,2023-12-20
21,XBT9550Q,2120719,불참,2023-12-20
21,ZA54991S,2120719,찬성,2023-12-20
21,MO52543L,2120719,불참,2023-12-20
21,0827740Q,2120719,찬성,2023-12-20
21,0W194007,2120719,찬성,2023-12-20
21,X1K3667J,2120719,불참,2023-12-20
21,WMG57662,2120719,찬성,2023-12-20
21,NCP9875N,2120719,불참,2023-12-20
21,I5I2468R,2120719,찬성,2023-12-20
21,WTR5885Y,2120719,찬성,2023-12-20
21,3425169D,2120719,찬성,2023-12-20
21,IOW1101J,2120719,찬성,2023-12-20
21,25I8709Q,2120719,찬성,2023-12-20
21,OIA3741M,2120719,찬성,2023-12-20
21,6MO8786S,2120719,찬성,2023-12-20
21,XWX1513T,2120719,불참,2023-12-20
21,CT85313K,2120719,찬성,2023-12-20
21,BLC8630L,2120719,찬성,2023-12-20
21,NQR1206Q,2120719,찬성,2023-12-20
21,LG63087O,2120719,찬성,2023-12-20
21,OW53107J,2120719,불참,2023-12-20
21,PEP6922S,2120719,찬성,2023-12-20
21,DAN6731C,2120719,불참,2023-12-20
21,VG24001G,2120719,불참,2023-12-20
21,L2I9861C,2120719,불참,2023-12-20
21,WCD5518S,2120719,불참,2023-12-20
21,SVH3899R,2120719,찬성,2023-12-20
21,IOW8224X,2120719,찬성,2023-12-20
21,9JF4562W,2120719,찬성,2023-12-20
21,Y7K5946R,2120719,찬성,2023-12-20
21,Z7Y7827F,2120719,불참,2023-12-20
21,ATB59635,2120719,불참,2023-12-20
21,KUO3574J,2120719,찬성,2023-12-20
21,D6U6678O,2120719,찬성,2023-12-20
21,FU87526G,2120719,찬성,2023-12-20
21,S9U45255,2120719,불참,2023-12-20
21,8SV6917G,2120719,찬성,2023-12-20
21,8FC9697X,2120719,불참,2023-12-20
21,QKO6165V,2120719,불참,2023-12-20
21,GD131760,2120719,찬성,2023-12-20
21,ZRF3039U,2120719,불참,2023-12-20
21,V0O5343U,2120719,불참,2023-12-20
21,68P7228G,2120719,찬성,2023-12-20
21,P0F1530P,2120719,불참,2023-12-20
21,XPP2564T,2120719,찬성,2023-12-20
21,FRN1867O,2120719,찬성,2023-12-20
21,LQW3652K,2120719,찬성,2023-12-20
21,RO593601,2120719,찬성,2023-12-20
21,PFG2137X,2120719,찬성,2023-12-20
21,UB114374,2120719,찬성,2023-12-20
21,GAV6441G,2120719,찬성,2023-12-20
21,0YT3774N,2120719,불참,2023-12-20
21,7JC3239L,2120719,불참,2023-12-20
21,40S1959J,2120719,찬성,2023-12-20
21,IL74008M,2120719,찬성,2023-12-20
21,8KF7223D,2120719,불참,2023-12-20
21,8P37634C,2120719,불참,2023-12-20
21,CNZ51556,2120719,찬성,2023-12-20
21,N4R2421C,2120719,찬성,2023-12-20
21,3C23171A,2120719,찬성,2023-12-20
21,GDG1847Z,2120719,찬성,2023-12-20
21,P2N4585G,2120719,찬성,2023-12-20
21,O7R5461J,2120719,찬성,2023-12-20
21,JMY9959W,2120719,불참,2023-12-20
21,7R156073,2120719,찬성,2023-12-20
21,6AR6743G,2120719,불참,2023-12-20
21,J2O8643H,2120719,찬성,2023-12-20
21,VCP96419,2120719,불참,2023-12-20
21,6AU2417B,2120719,불참,2023-12-20
21,8VJ8533R,2120719,찬성,2023-12-20
21,B7D7534L,2120719,찬성,2023-12-20
21,GX22581L,2120719,불참,2023-12-20
21,SE233396,2120719,불참,2023-12-20
21,AFH96856,2120719,찬성,2023-12-20
21,52P3934K,2120719,찬성,2023-12-20
21,B7H6207C,2120719,찬성,2023-12-20
21,6399076T,2120719,찬성,2023-12-20
21,4U29186R,2120719,불참,2023-12-20
21,F5Y4026Q,2120719,찬성,2023-12-20
21,WHV3448W,2120719,찬성,2023-12-20
21,6RD62559,2120719,찬성,2023-12-20
21,1Y73132H,2120719,찬성,2023-12-20
21,I0S53762,2120719,찬성,2023-12-20
21,LH97552Q,2120719,찬성,2023-12-20
21,TKJ4800F,2120719,찬성,2023-12-20
21,O6D8329R,2120719,불참,2023-12-20
21,04T3751T,2120719,찬성,2023-12-20
21,MSY7784L,2120719,불참,2023-12-20
21,EVH1507C,2120719,찬성,2023-12-20
21,K5F2023J,2120719,불참,2023-12-20
21,14M56632,2120719,찬성,2023-12-20
21,N9X9673B,2120719,불참,2023-12-20
21,5MD4184K,2120719,찬성,2023-12-20
21,5K93695T,2120719,불참,2023-12-20
21,DPZ7685X,2120719,찬성,2023-12-20
21,6U243644,2120719,찬성,2023-12-20
21,E9R4507P,2120719,찬성,2023-12-20
21,UHB5553T,2120719,불참,2023-12-20
21,KFS1358P,2120719,찬성,2023-12-20
21,J9S37905,2120719,불참,2023-12-20
21,A494529E,2120719,불참,2023-12-20
21,VRY5522V,2120719,불참,2023-12-20
21,CAA7713A,2120719,찬성,2023-12-20
21,0PK7354M,2120719,찬성,2023-12-20
21,O0I2045I,2120719,찬성,2023-12-20
21,CZB4125D,2120719,불참,2023-12-20
21,Z6R3959C,2120719,불참,2023-12-20
21,QUM8288K,2120719,불참,2023-12-20
21,UGH6481E,2120719,불참,2023-12-20
21,S824682L,2120719,불참,2023-12-20
21,W4X85128,2120719,불참,2023-12-20
21,Q9H5708M,2120719,불참,2023-12-20
21,JZY9937U,2120719,불참,2023-12-20
21,MRK4871S,2120719,불참,2023-12-20
21,YKW37422,2120719,찬성,2023-12-20
21,2NV6751W,2120719,불참,2023-12-20
21,BM63269Y,2120719,불참,2023-12-20
21,M7O7878U,2120719,찬성,2023-12-20
21,YLS4431M,2120719,찬성,2023-12-20
21,MNZ4401T,2120719,불참,2023-12-20
21,3ZR4438W,2120719,찬성,2023-12-20
21,HSS7466Y,2120719,찬성,2023-12-20
21,16D7652C,2120719,불참,2023-12-20
21,KB04377U,2120719,찬성,2023-12-20
21,FU53642G,2120719,찬성,2023-12-20
21,MLH1404S,2120719,찬성,2023-12-20
21,8VY63414,2120719,찬성,2023-12-20
21,XR24352K,2120719,찬성,2023-12-20
21,QQP4727N,2120719,찬성,2023-12-20
21,JEZ3130Q,2120719,찬성,2023-12-20
21,BCQ55105,2120719,불참,2023-12-20
21,9L57027L,2120719,불참,2023-12-20
21,GOC54665,2120719,불참,2023-12-20
21,5UN9725L,2120719,불참,2023-12-20
21,LJK4960Z,2120719,찬성,2023-12-20
21,IUD9392R,2120719,불참,2023-12-20
21,K3W33496,2120719,찬성,2023-12-20
21,NCO99988,2120719,찬성,2023-12-20
21,M2Q9024I,2120719,불참,2023-12-20
21,DBA1057Z,2120719,불참,2023-12-20
21,CI15627C,2120719,불참,2023-12-20
21,C7E79345,2120719,불참,2023-12-20
21,UQ282145,2120719,불참,2023-12-20
21,9YO73104,2120719,찬성,2023-12-20
21,TRE2429O,2120719,찬성,2023-12-20
21,E6U4345C,2120719,불참,2023-12-20
21,7BM2933Y,2120719,찬성,2023-12-20
21,CDL93608,2120719,불참,2023-12-20
21,2UD1340H,2120719,찬성,2023-12-20
21,9VR65006,2120719,불참,2023-12-20
21,X7I4680R,2120719,불참,2023-12-20
21,EMC8812P,2120719,찬성,2023-12-20
21,XJC13432,2120719,불참,2023-12-20
21,XSP20229,2120719,찬성,2023-12-20
21,T465023H,2120719,찬성,2023-12-20
21,3RW63706,2120719,찬성,2023-12-20
21,RQQ3807K,2120719,찬성,2023-12-20
21,FH777496,2120719,찬성,2023-12-20
21,FYI20317,2120719,찬성,2023-12-20
21,8X15119P,2120719,불참,2023-12-20
21,ZYP7962W,2120719,불참,2023-12-20
21,CNW5754J,2120719,찬성,2023-12-20
21,3249208I,2120719,불참,2023-12-20
21,GX38539O,2120719,찬성,2023-12-20
21,8Q88373R,2120719,불참,2023-12-20
21,XEF29171,2120719,불참,2023-12-20
21,WVU2479T,2120719,불참,2023-12-20
21,9D939735,2120719,찬성,2023-12-20
21,QTW6852F,2120719,불참,2023-12-20
21,7XY7109I,2120719,찬성,2023-12-20
21,TST4507I,2120719,찬성,2023-12-20
21,JC14718Q,2120719,찬성,2023-12-20
21,5KV82250,2120719,찬성,2023-12-20
21,L7J93733,2120719,찬성,2023-12-20
21,DAV7257X,2120719,찬성,2023-12-20
21,LT72093S,2120719,불참,2023-12-20
21,GE71932C,2120719,불참,2023-12-20
21,6YT83269,2120719,불참,2023-12-20
21,1MU99298,2120719,찬성,2023-12-20
21,FDC3144T,2120719,찬성,2023-12-20
21,17M85910,2120719,찬성,2023-12-20
21,G152611B,2120719,불참,2023-12-20
21,I7R13867,2120719,찬성,2023-12-20
21,SQ36001H,2120719,불참,2023-12-20
21,G1570880,2120719,찬성,2023-12-20
21,9LD2641Q,2120719,불참,2023-12-20
21,FOK3459D,2120719,불참,2023-12-20
21,QUO78839,2120719,찬성,2023-12-20
21,BT62420K,2120719,불참,2023-12-20
21,LPB30152,2120719,찬성,2023-12-20
21,MD083627,2120719,찬성,2023-12-20
21,TZP9391O,2120719,찬성,2023-12-20
21,6V37131U,2120719,불참,2023-12-20
21,OSV9142K,2120719,찬성,2023-12-20
21,B7R2742J,2120719,찬성,2023-12-20
21,FJK3396E,2120719,찬성,2023-12-20
21,ZDP5704Q,2120719,찬성,2023-12-20
21,71J2365L,2120719,불참,2023-12-20
21,7O71647Z,2120719,불참,2023-12-20
21,W1Q6753M,2120719,찬성,2023-12-20
21,E1J8836Y,2120719,찬성,2023-12-20
21,RD42006Y,2120719,불참,2023-12-20
21,6EN68926,2120719,찬성,2023-12-20
21,1BX7234U,2120719,찬성,2023-12-20
21,QHL3248U,2120719,불참,2023-12-20
21,TJW93720,2120719,찬성,2023-12-20
21,9S151177,2120719,불참,2023-12-20
21,TZ228122,2120719,불참,2023-12-20
21,9V18755A,2120719,찬성,2023-12-20
21,XA42275R,2120719,찬성,2023-12-20
21,PO64874I,2120719,찬성,2023-12-20
21,LBC8144B,2120719,찬성,2023-12-20
21,VHK3402G,2120719,불참,2023-12-20
21,4019850M,2120719,찬성,2023-12-20
21,PO64874I,2124465,찬성,2023-10-06
21,NUB4941Z,2124465,찬성,2023-10-06
21,3TO11703,2124465,불참,2023-10-06
21,S741317G,2124465,찬성,2023-10-06
21,66W6739S,2124465,찬성,2023-10-06
21,USR7059P,2124465,찬성,2023-10-06
21,P2N50879,2124465,찬성,2023-10-06
21,A2V51235,2124465,찬성,2023-10-06
21,7469929V,2124465,불참,2023-10-06
21,OFE45081,2124465,찬성,2023-10-06
21,M7T9712V,2124465,찬성,2023-10-06
21,1WE5693J,2124465,불참,2023-10-06
21,8FB1535Y,2124465,찬성,2023-10-06
21,SU53086M,2124465,찬성,2023-10-06
21,MR210505,2124465,찬성,2023-10-06
21,40E3739H,2124465,찬성,2023-10-06
21,RPN2293B,2124465,찬성,2023-10-06
21,ZA54991S,2124465,찬성,2023-10-06
21,0827740Q,2124465,찬성,2023-10-06
21,0W194007,2124465,찬성,2023-10-06
21,NCP9875N,2124465,찬성,2023-10-06
21,3425169D,2124465,찬성,2023-10-06
21,CT85313K,2124465,찬성,2023-10-06
21,L2I9861C,2124465,불참,2023-10-06
21,KUO3574J,2124465,찬성,2023-10-06
21,D6U6678O,2124465,찬성,2023-10-06
21,8FC9697X,2124465,찬성,2023-10-06
21,ZRF3039U,2124465,찬성,2023-10-06
21,68P7228G,2124465,찬성,2023-10-06
21,P0F1530P,2124465,불참,2023-10-06
21,LQW3652K,2124465,찬성,2023-10-06
21,0YT3774N,2124465,찬성,2023-10-06
21,8KF7223D,2124465,불참,2023-10-06
21,CNZ51556,2124465,찬성,2023-10-06
21,P2N4585G,2124465,찬성,2023-10-06
21,VCP96419,2124465,찬성,2023-10-06
21,F5Y4026Q,2124465,찬성,2023-10-06
21,WHV3448W,2124465,찬성,2023-10-06
21,O6D8329R,2124465,찬성,2023-10-06
21,N9X9673B,2124465,불참,2023-10-06
21,CAA7713A,2124465,찬성,2023-10-06
21,YKW37422,2124465,불참,2023-10-06
21,KB04377U,2124465,불참,2023-10-06
21,MLH1404S,2124465,불참,2023-10-06
21,BCQ55105,2124465,찬성,2023-10-06
21,9L57027L,2124465,찬성,2023-10-06
21,IUD9392R,2124465,불참,2023-10-06
21,DBA1057Z,2124465,불참,2023-10-06
21,UQ282145,2124465,찬성,2023-10-06
21,9VR65006,2124465,불참,2023-10-06
21,T465023H,2124465,찬성,2023-10-06
21,ZYP7962W,2124465,찬성,2023-10-06
21,CNW5754J,2124465,불참,2023-10-06
21,8Q88373R,2124465,찬성,2023-10-06
21,LT72093S,2124465,불참,2023-10-06
21,FDC3144T,2124465,찬성,2023-10-06
21,SQ36001H,2124465,찬성,2023-10-06
21,MD083627,2124465,찬성,2023-10-06
21,OSV9142K,2124465,찬성,2023-10-06
21,B7R2742J,2124465,찬성,2023-10-06
21,ZDP5704Q,2124465,찬성,2023-10-06
21,71J2365L,2124465,찬성,2023-10-06
21,E1J8836Y,2124465,찬성,2023-10-06
21,TJW93720,2124465,찬성,2023-10-06
21,9S151177,2124465,불참,2023-10-06
21,F5U2979W,2124465,찬성,2023-10-06
21,YOG1280B,2124465,찬성,2023-10-06
21,FIC9046Z,2124465,찬성,2023-10-06
21,DWK26447,2124465,불참,2023-10-06
21,KFM1081G,2124465,불참,2023-10-06
21,NLR6572J,2124465,찬성,2023-10-06
21,YTA7297R,2124465,찬성,2023-10-06
21,L7T64271,2124465,찬성,2023-10-06
21,4X525582,2124465,불참,2023-10-06
21,GKD32201,2124465,불참,2023-10-06
21,G7512472,2124465,불참,2023-10-06
21,CCU1009B,2124465,찬성,2023-10-06
21,MU69217P,2124465,불참,2023-10-06
21,2N793392,2124465,찬성,2023-10-06
21,LM13674V,2124465,찬성,2023-10-06
21,QD25323M,2124465,찬성,2023-10-06
21,JVB6983V,2124465,찬성,2023-10-06
21,DAY6557K,2124465,찬성,2023-10-06
21,GP07421U,2124465,불참,2023-10-06
21,FGI27280,2124465,찬성,2023-10-06
21,4XG1439M,2124465,찬성,2023-10-06
21,A0P4646G,2124465,찬성,2023-10-06
21,7I09543O,2124465,찬성,2023-10-06
21,3DK8989T,2124465,찬성,2023-10-06
21,D4L60530,2124465,불참,2023-10-06
21,M6H1705E,2124465,찬성,2023-10-06
21,09I2323E,2124465,찬성,2023-10-06
21,NTT8182Q,2124465,찬성,2023-10-06
21,A3H7195R,2124465,불참,2023-10-06
21,ZYH1940A,2124465,불참,2023-10-06
21,0VU8517U,2124465,불참,2023-10-06
21,M0A1658U,2124465,찬성,2023-10-06
21,HSW1214Q,2124465,찬성,2023-10-06
21,NZF1659U,2124465,찬성,2023-10-06
21,WDS6044S,2124465,찬성,2023-10-06
21,3BC6890E,2124465,찬성,2023-10-06
21,ZDR63255,2124465,찬성,2023-10-06
21,KR14136C,2124465,불참,2023-10-06
21,SRP7336N,2124465,불참,2023-10-06
21,5765663F,2124465,찬성,2023-10-06
21,GFF1986K,2124465,찬성,2023-10-06
21,ZKU88693,2124465,불참,2023-10-06
21,WJL30106,2124465,불참,2023-10-06
21,5KV96424,2124465,불참,2023-10-06
21,KNM3215T,2124465,찬성,2023-10-06
21,60490713,2124465,찬성,2023-10-06
21,UM51067K,2124465,찬성,2023-10-06
21,HKJ99607,2124465,찬성,2023-10-06
21,X3170462,2124465,불참,2023-10-06
21,MY318392,2124465,찬성,2023-10-06
21,4T026790,2124465,찬성,2023-10-06
21,EH27538E,2124465,찬성,2023-10-06
21,WFU14784,2124465,불참,2023-10-06
21,0WL9321T,2124465,불참,2023-10-06
21,PZA4062H,2124465,찬성,2023-10-06
21,GF286398,2124465,찬성,2023-10-06
21,8348421R,2124465,불참,2023-10-06
21,H5476989,2124465,찬성,2023-10-06
21,JQA21112,2124465,찬성,2023-10-06
21,4L695580,2124465,찬성,2023-10-06
21,6FS10566,2124465,찬성,2023-10-06
21,HXT76735,2124465,찬성,2023-10-06
21,0R68099X,2124465,찬성,2023-10-06
21,6RM29022,2124465,찬성,2023-10-06
21,MQU41854,2124465,불참,2023-10-06
21,V429892C,2124465,찬성,2023-10-06
21,2385336L,2124465,불참,2023-10-06
21,IN328264,2124465,불참,2023-10-06
21,XBT9550Q,2124465,찬성,2023-10-06
21,MO52543L,2124465,찬성,2023-10-06
21,X1K3667J,2124465,찬성,2023-10-06
21,WMG57662,2124465,찬성,2023-10-06
21,I5I2468R,2124465,찬성,2023-10-06
21,WTR5885Y,2124465,찬성,2023-10-06
21,IOW1101J,2124465,찬성,2023-10-06
21,25I8709Q,2124465,찬성,2023-10-06
21,OIA3741M,2124465,찬성,2023-10-06
21,6MO8786S,2124465,찬성,2023-10-06
21,XWX1513T,2124465,찬성,2023-10-06
21,BLC8630L,2124465,찬성,2023-10-06
21,NQR1206Q,2124465,찬성,2023-10-06
21,LG63087O,2124465,찬성,2023-10-06
21,OW53107J,2124465,찬성,2023-10-06
21,PEP6922S,2124465,찬성,2023-10-06
21,DAN6731C,2124465,찬성,2023-10-06
21,VG24001G,2124465,찬성,2023-10-06
21,WCD5518S,2124465,찬성,2023-10-06
21,SVH3899R,2124465,찬성,2023-10-06
21,IOW8224X,2124465,찬성,2023-10-06
21,9JF4562W,2124465,찬성,2023-10-06
21,Y7K5946R,2124465,찬성,2023-10-06
21,Z7Y7827F,2124465,찬성,2023-10-06
21,ATB59635,2124465,찬성,2023-10-06
21,FU87526G,2124465,찬성,2023-10-06
21,S9U45255,2124465,불참,2023-10-06
21,8SV6917G,2124465,찬성,2023-10-06
21,QKO6165V,2124465,불참,2023-10-06
21,GD131760,2124465,찬성,2023-10-06
21,V0O5343U,2124465,찬성,2023-10-06
21,XPP2564T,2124465,불참,2023-10-06
21,FRN1867O,2124465,불참,2023-10-06
21,RO593601,2124465,찬성,2023-10-06
21,PFG2137X,2124465,찬성,2023-10-06
21,UB114374,2124465,찬성,2023-10-06
21,GAV6441G,2124465,찬성,2023-10-06
21,7JC3239L,2124465,찬성,2023-10-06
21,40S1959J,2124465,찬성,2023-10-06
21,IL74008M,2124465,찬성,2023-10-06
21,8P37634C,2124465,찬성,2023-10-06
21,N4R2421C,2124465,불참,2023-10-06
21,3C23171A,2124465,찬성,2023-10-06
21,GDG1847Z,2124465,불참,2023-10-06
21,O7R5461J,2124465,찬성,2023-10-06
21,JMY9959W,2124465,불참,2023-10-06
21,7R156073,2124465,불참,2023-10-06
21,6AR6743G,2124465,불참,2023-10-06
21,J2O8643H,2124465,찬성,2023-10-06
21,6AU2417B,2124465,찬성,2023-10-06
21,8VJ8533R,2124465,찬성,2023-10-06
21,B7D7534L,2124465,찬성,2023-10-06
21,GX22581L,2124465,불참,2023-10-06
21,SE233396,2124465,찬성,2023-10-06
21,AFH96856,2124465,찬성,2023-10-06
21,52P3934K,2124465,찬성,2023-10-06
21,B7H6207C,2124465,찬성,2023-10-06
21,6399076T,2124465,찬성,2023-10-06
21,4U29186R,2124465,불참,2023-10-06
21,6RD62559,2124465,찬성,2023-10-06
21,1Y73132H,2124465,불참,2023-10-06
21,I0S53762,2124465,불참,2023-10-06
21,LH97552Q,2124465,찬성,2023-10-06
21,TKJ4800F,2124465,불참,2023-10-06
21,04T3751T,2124465,불참,2023-10-06
21,MSY7784L,2124465,찬성,2023-10-06
21,EVH1507C,2124465,찬성,2023-10-06
21,K5F2023J,2124465,찬성,2023-10-06
21,14M56632,2124465,찬성,2023-10-06
21,5MD4184K,2124465,찬성,2023-10-06
21,5K93695T,2124465,불참,2023-10-06
21,DPZ7685X,2124465,찬성,2023-10-06
21,6U243644,2124465,찬성,2023-10-06
21,E9R4507P,2124465,찬성,2023-10-06
21,UHB5553T,2124465,찬성,2023-10-06
21,KFS1358P,2124465,찬성,2023-10-06
21,J9S37905,2124465,찬성,2023-10-06
21,A494529E,2124465,찬성,2023-10-06
21,VRY5522V,2124465,찬성,2023-10-06
21,0PK7354M,2124465,찬성,2023-10-06
21,O0I2045I,2124465,찬성,2023-10-06
21,CZB4125D,2124465,불참,2023-10-06
21,Z6R3959C,2124465,불참,2023-10-06
21,QUM8288K,2124465,불참,2023-10-06
21,UGH6481E,2124465,찬성,2023-10-06
21,S824682L,2124465,찬성,2023-10-06
21,W4X85128,2124465,찬성,2023-10-06
21,Q9H5708M,2124465,불참,2023-10-06
21,JZY9937U,2124465,찬성,2023-10-06
21,MRK4871S,2124465,찬성,2023-10-06
21,2NV6751W,2124465,찬성,2023-10-06
21,BM63269Y,2124465,찬성,2023-10-06
21,M7O7878U,2124465,찬성,2023-10-06
21,YLS4431M,2124465,불참,2023-10-06
21,MNZ4401T,2124465,불참,2023-10-06
21,3ZR4438W,2124465,찬성,2023-10-06
21,HSS7466Y,2124465,불참,2023-10-06
21,16D7652C,2124465,찬성,2023-10-06
21,FU53642G,2124465,찬성,2023-10-06
21,8VY63414,2124465,찬성,2023-10-06
21,XR24352K,2124465,찬성,2023-10-06
21,QQP4727N,2124465,불참,2023-10-06
21,JEZ3130Q,2124465,찬성,2023-10-06
21,GOC54665,2124465,찬성,2023-10-06
21,5UN9725L,2124465,불참,2023-10-06
21,LJK4960Z,2124465,찬성,2023-10-06
21,K3W33496,2124465,찬성,2023-10-06
21,NCO99988,2124465,찬성,2023-10-06
21,M2Q9024I,2124465,불참,2023-10-06
21,CI15627C,2124465,찬성,2023-10-06
21,C7E79345,2124465,불참,2023-10-06
21,4019850M,2124465,찬성,2023-10-06
21,9YO73104,2124465,찬성,2023-10-06
21,TRE2429O,2124465,불참,2023-10-06
21,E6U4345C,2124465,찬성,2023-10-06
21,7BM2933Y,2124465,찬성,2023-10-06
21,CDL93608,2124465,불참,2023-10-06
21,2UD1340H,2124465,찬성,2023-10-06
21,X7I4680R,2124465,불참,2023-10-06
21,EMC8812P,2124465,찬성,2023-10-06
21,XJC13432,2124465,찬성,2023-10-06
21,XSP20229,2124465,찬성,2023-10-06
21,3RW63706,2124465,찬성,2023-10-06
21,RQQ3807K,2124465,찬성,2023-10-06
21,FH777496,2124465,찬성,2023-10-06
21,FYI20317,2124465,찬성,2023-10-06
21,8X15119P,2124465,불참,2023-10-06
21,3249208I,2124465,찬성,2023-10-06
21,GX38539O,2124465,찬성,2023-10-06
21,XEF29171,2124465,찬성,2023-10-06
21,WVU2479T,2124465,불참,2023-10-06
21,9D939735,2124465,불참,2023-10-06
21,QTW6852F,2124465,찬성,2023-10-06
21,7XY7109I,2124465,불참,2023-10-06
21,TST4507I,2124465,찬성,2023-10-06
21,JC14718Q,2124465,찬성,2023-10-06
21,5KV82250,2124465,찬성,2023-10-06
21,L7J93733,2124465,찬성,2023-10-06
21,DAV7257X,2124465,찬성,2023-10-06
21,GE71932C,2124465,찬성,2023-10-06
21,6YT83269,2124465,불참,2023-10-06
21,1MU99298,2124465,찬성,2023-10-06
21,17M85910,2124465,찬성,2023-10-06
21,G152611B,2124465,불참,2023-10-06
21,I7R13867,2124465,찬성,2023-10-06
21,G1570880,2124465,찬성,2023-10-06
21,9LD2641Q,2124465,찬성,2023-10-06
21,FOK3459D,2124465,찬성,2023-10-06
21,QUO78839,2124465,불참,2023-10-06
21,BT62420K,2124465,찬성,2023-10-06
21,LPB30152,2124465,찬성,2023-10-06
21,TZP9391O,2124465,찬성,2023-10-06
21,6V37131U,2124465,찬성,2023-10-06
21,FJK3396E,2124465,찬성,2023-10-06
21,7O71647Z,2124465,찬성,2023-10-06
21,W1Q6753M,2124465,찬성,2023-10-06
21,RD42006Y,2124465,불참,2023-10-06
21,6EN68926,2124465,불참,2023-10-06
21,1BX7234U,2124465,찬성,2023-10-06
21,QHL3248U,2124465,찬성,2023-10-06
21,TZ228122,2124465,찬성,2023-10-06
21,9V18755A,2124465,불참,2023-10-06
21,XA42275R,2124465,찬성,2023-10-06
21,LBC8144B,2124465,기권,2023-10-06
21,VHK3402G,2124465,찬성,2023-10-06
21,CI15627C,2104700,찬성,2021-03-24
21,21N57758,2104700,불참,2021-03-24
21,C7E79345,2104700,불참,2021-03-24
21,UQ282145,2104700,불참,2021-03-24
21,TRE2429O,2104700,찬성,2021-03-24
21,CDL93608,2104700,불참,2021-03-24
21,2UD1340H,2104700,찬성,2021-03-24
21,EMC8812P,2104700,찬성,2021-03-24
21,XJC13432,2104700,불참,2021-03-24
21,T465023H,2104700,불참,2021-03-24
21,RQQ3807K,2104700,찬성,2021-03-24
21,FH777496,2104700,찬성,2021-03-24
21,FYI20317,2104700,찬성,2021-03-24
21,WVU2479T,2104700,찬성,2021-03-24
21,9D939735,2104700,불참,2021-03-24
21,QTW6852F,2104700,불참,2021-03-24
21,7XY7109I,2104700,찬성,2021-03-24
21,TST4507I,2104700,찬성,2021-03-24
21,JC14718Q,2104700,찬성,2021-03-24
21,5KV82250,2104700,불참,2021-03-24
21,L7J93733,2104700,찬성,2021-03-24
21,LT72093S,2104700,찬성,2021-03-24
21,6YT83269,2104700,찬성,2021-03-24
21,1MU99298,2104700,찬성,2021-03-24
21,FDC3144T,2104700,찬성,2021-03-24
21,17M85910,2104700,찬성,2021-03-24
21,SQ36001H,2104700,찬성,2021-03-24
21,9LD2641Q,2104700,찬성,2021-03-24
21,FOK3459D,2104700,찬성,2021-03-24
21,QUO78839,2104700,불참,2021-03-24
21,BT62420K,2104700,찬성,2021-03-24
21,TZP9391O,2104700,불참,2021-03-24
21,6V37131U,2104700,찬성,2021-03-24
21,FJK3396E,2104700,찬성,2021-03-24
21,71J2365L,2104700,불참,2021-03-24
21,E1J8836Y,2104700,찬성,2021-03-24
21,RD42006Y,2104700,찬성,2021-03-24
21,6EN68926,2104700,불참,2021-03-24
21,1BX7234U,2104700,찬성,2021-03-24
21,QHL3248U,2104700,찬성,2021-03-24
21,AE685067,2104700,찬성,2021-03-24
21,TZ228122,2104700,불참,2021-03-24
21,9V18755A,2104700,찬성,2021-03-24
21,PO64874I,2104700,찬성,2021-03-24
21,9JF4562W,2104700,찬성,2021-03-24
21,Y7K5946R,2104700,찬성,2021-03-24
21,SBK1544B,2104700,찬성,2021-03-24
21,8SV6917G,2104700,불참,2021-03-24
21,8FC9697X,2104700,불참,2021-03-24
21,QKO6165V,2104700,찬성,2021-03-24
21,GD131760,2104700,불참,2021-03-24
21,ZRF3039U,2104700,찬성,2021-03-24
21,V0O5343U,2104700,찬성,2021-03-24
21,P0F1530P,2104700,불참,2021-03-24
21,FRN1867O,2104700,찬성,2021-03-24
21,PFG2137X,2104700,찬성,2021-03-24
21,GAV6441G,2104700,찬성,2021-03-24
21,7JC3239L,2104700,찬성,2021-03-24
21,8KF7223D,2104700,찬성,2021-03-24
21,8P37634C,2104700,찬성,2021-03-24
21,CNZ51556,2104700,찬성,2021-03-24
21,N4R2421C,2104700,불참,2021-03-24
21,GDG1847Z,2104700,찬성,2021-03-24
21,LNR7932L,2104700,불참,2021-03-24
21,O7R5461J,2104700,불참,2021-03-24
21,TVF3669B,2104700,불참,2021-03-24
21,6AR6743G,2104700,찬성,2021-03-24
21,VCP96419,2104700,찬성,2021-03-24
21,8VJ8533R,2104700,찬성,2021-03-24
21,GX22581L,2104700,불참,2021-03-24
21,SE233396,2104700,찬성,2021-03-24
21,52P3934K,2104700,불참,2021-03-24
21,B7H6207C,2104700,찬성,2021-03-24
21,6399076T,2104700,찬성,2021-03-24
21,4U29186R,2104700,찬성,2021-03-24
21,F5Y4026Q,2104700,찬성,2021-03-24
21,WHV3448W,2104700,찬성,2021-03-24
21,1Y73132H,2104700,불참,2021-03-24
21,O6D8329R,2104700,찬성,2021-03-24
21,MSY7784L,2104700,불참,2021-03-24
21,5MD4184K,2104700,찬성,2021-03-24
21,TP066860,2104700,불참,2021-03-24
21,5K93695T,2104700,불참,2021-03-24
21,KFS1358P,2104700,찬성,2021-03-24
21,A494529E,2104700,찬성,2021-03-24
21,VRY5522V,2104700,찬성,2021-03-24
21,0PK7354M,2104700,찬성,2021-03-24
21,CZB4125D,2104700,불참,2021-03-24
21,Z6R3959C,2104700,찬성,2021-03-24
21,UGH6481E,2104700,찬성,2021-03-24
21,S824682L,2104700,불참,2021-03-24
21,Q9H5708M,2104700,찬성,2021-03-24
21,CFE3998F,2104700,찬성,2021-03-24
21,MRK4871S,2104700,불참,2021-03-24
21,YKW37422,2104700,불참,2021-03-24
21,2NV6751W,2104700,찬성,2021-03-24
21,BM63269Y,2104700,불참,2021-03-24
21,M7O7878U,2104700,찬성,2021-03-24
21,3ZR4438W,2104700,불참,2021-03-24
21,HSS7466Y,2104700,찬성,2021-03-24
21,8VY63414,2104700,찬성,2021-03-24
21,XR24352K,2104700,찬성,2021-03-24
21,QQP4727N,2104700,불참,2021-03-24
21,IUL4848V,2104700,찬성,2021-03-24
21,BCQ55105,2104700,찬성,2021-03-24
21,GOC54665,2104700,찬성,2021-03-24
21,LJK4960Z,2104700,불참,2021-03-24
21,K3W33496,2104700,찬성,2021-03-24
21,JNL7001A,2104700,찬성,2021-03-24
21,GKD32201,2104700,찬성,2021-03-24
21,G7512472,2104700,찬성,2021-03-24
21,S741317G,2104700,찬성,2021-03-24
21,CCU1009B,2104700,찬성,2021-03-24
21,2N793392,2104700,찬성,2021-03-24
21,66W6739S,2104700,찬성,2021-03-24
21,QD25323M,2104700,찬성,2021-03-24
21,DAY6557K,2104700,찬성,2021-03-24
21,4XG1439M,2104700,찬성,2021-03-24
21,A0P4646G,2104700,불참,2021-03-24
21,7I09543O,2104700,불참,2021-03-24
21,1X376850,2104700,기권,2021-03-24
21,3DK8989T,2104700,불참,2021-03-24
21,7469929V,2104700,찬성,2021-03-24
21,D4L60530,2104700,찬성,2021-03-24
21,09I2323E,2104700,불참,2021-03-24
21,NTT8182Q,2104700,찬성,2021-03-24
21,ZYH1940A,2104700,불참,2021-03-24
21,M0A1658U,2104700,찬성,2021-03-24
21,NZF1659U,2104700,불참,2021-03-24
21,WDS6044S,2104700,찬성,2021-03-24
21,ZDR63255,2104700,찬성,2021-03-24
21,SRP7336N,2104700,불참,2021-03-24
21,GFF1986K,2104700,찬성,2021-03-24
21,WJL30106,2104700,불참,2021-03-24
21,5KV96424,2104700,찬성,2021-03-24
21,KNM3215T,2104700,찬성,2021-03-24
21,1WE5693J,2104700,불참,2021-03-24
21,MY318392,2104700,찬성,2021-03-24
21,4T026790,2104700,찬성,2021-03-24
21,EH27538E,2104700,찬성,2021-03-24
21,WFU14784,2104700,불참,2021-03-24
21,SU53086M,2104700,찬성,2021-03-24
21,0WL9321T,2104700,불참,2021-03-24
21,PZA4062H,2104700,찬성,2021-03-24
21,GF286398,2104700,찬성,2021-03-24
21,H5476989,2104700,찬성,2021-03-24
21,4L695580,2104700,찬성,2021-03-24
21,40E3739H,2104700,찬성,2021-03-24
21,HXT76735,2104700,찬성,2021-03-24
21,RPN2293B,2104700,찬성,2021-03-24
21,V429892C,2104700,찬성,2021-03-24
21,IN328264,2104700,불참,2021-03-24
21,XBT9550Q,2104700,불참,2021-03-24
21,ZA54991S,2104700,찬성,2021-03-24
21,MO52543L,2104700,찬성,2021-03-24
21,0827740Q,2104700,찬성,2021-03-24
21,WTR5885Y,2104700,불참,2021-03-24
21,IOW1101J,2104700,불참,2021-03-24
21,ICH23251,2104700,찬성,2021-03-24
21,25I8709Q,2104700,찬성,2021-03-24
21,XWX1513T,2104700,찬성,2021-03-24
21,CT85313K,2104700,찬성,2021-03-24
21,BLC8630L,2104700,불참,2021-03-24
21,0767470D,2104700,불참,2021-03-24
21,LG63087O,2104700,불참,2021-03-24
21,PEP6922S,2104700,찬성,2021-03-24
21,DAN6731C,2104700,불참,2021-03-24
21,VG24001G,2104700,찬성,2021-03-24
21,L2I9861C,2104700,찬성,2021-03-24
21,WCD5518S,2104700,찬성,2021-03-24
21,SVH3899R,2104700,찬성,2021-03-24
21,I434361W,2104700,찬성,2021-03-24
21,L7T64271,2104700,찬성,2021-03-24
21,4X525582,2104700,불참,2021-03-24
21,3TO11703,2104700,찬성,2021-03-24
21,MU69217P,2104700,찬성,2021-03-24
21,LM13674V,2104700,불참,2021-03-24
21,GP07421U,2104700,찬성,2021-03-24
21,FGI27280,2104700,찬성,2021-03-24
21,USR7059P,2104700,찬성,2021-03-24
21,P2N50879,2104700,찬성,2021-03-24
21,A2V51235,2104700,찬성,2021-03-24
21,M6H1705E,2104700,찬성,2021-03-24
21,OFE45081,2104700,찬성,2021-03-24
21,A3H7195R,2104700,찬성,2021-03-24
21,0VU8517U,2104700,불참,2021-03-24
21,HSW1214Q,2104700,찬성,2021-03-24
21,3BC6890E,2104700,불참,2021-03-24
21,KR14136C,2104700,찬성,2021-03-24
21,5765663F,2104700,불참,2021-03-24
21,ZKU88693,2104700,찬성,2021-03-24
21,M7T9712V,2104700,찬성,2021-03-24
21,60490713,2104700,찬성,2021-03-24
21,UM51067K,2104700,찬성,2021-03-24
21,HKJ99607,2104700,찬성,2021-03-24
21,X3170462,2104700,찬성,2021-03-24
21,8FB1535Y,2104700,찬성,2021-03-24
21,MR210505,2104700,불참,2021-03-24
21,8348421R,2104700,찬성,2021-03-24
21,JQA21112,2104700,찬성,2021-03-24
21,0R68099X,2104700,찬성,2021-03-24
21,4A067125,2104700,불참,2021-03-24
21,2385336L,2104700,찬성,2021-03-24
21,0W194007,2104700,찬성,2021-03-24
21,X1K3667J,2104700,찬성,2021-03-24
21,WMG57662,2104700,찬성,2021-03-24
21,NCP9875N,2104700,찬성,2021-03-24
21,I5I2468R,2104700,찬성,2021-03-24
21,L5P27909,2104700,불참,2021-03-24
21,3425169D,2104700,찬성,2021-03-24
21,OIA3741M,2104700,찬성,2021-03-24
21,6MO8786S,2104700,불참,2021-03-24
21,PAO22428,2104700,찬성,2021-03-24
21,NQR1206Q,2104700,찬성,2021-03-24
21,NAL4555X,2104700,불참,2021-03-24
21,OW53107J,2104700,찬성,2021-03-24
21,IOW8224X,2104700,불참,2021-03-24
21,Z7Y7827F,2104700,찬성,2021-03-24
21,ATB59635,2104700,찬성,2021-03-24
21,KUO3574J,2104700,찬성,2021-03-24
21,D6U6678O,2104700,찬성,2021-03-24
21,FU87526G,2104700,찬성,2021-03-24
21,S9U45255,2104700,찬성,2021-03-24
21,68P7228G,2104700,불참,2021-03-24
21,XPP2564T,2104700,불참,2021-03-24
21,LQW3652K,2104700,기권,2021-03-24
21,RO593601,2104700,찬성,2021-03-24
21,UB114374,2104700,찬성,2021-03-24
21,0YT3774N,2104700,찬성,2021-03-24
21,40S1959J,2104700,찬성,2021-03-24
21,IL74008M,2104700,찬성,2021-03-24
21,3C23171A,2104700,불참,2021-03-24
21,P2N4585G,2104700,찬성,2021-03-24
21,JMY9959W,2104700,찬성,2021-03-24
21,7R156073,2104700,불참,2021-03-24
21,J2O8643H,2104700,불참,2021-03-24
21,6AU2417B,2104700,찬성,2021-03-24
21,B7D7534L,2104700,찬성,2021-03-24
21,AFH96856,2104700,찬성,2021-03-24
21,I0S53762,2104700,불참,2021-03-24
21,LH97552Q,2104700,찬성,2021-03-24
21,TKJ4800F,2104700,불참,2021-03-24
21,04T3751T,2104700,찬성,2021-03-24
21,EVH1507C,2104700,찬성,2021-03-24
21,K5F2023J,2104700,찬성,2021-03-24
21,14M56632,2104700,불참,2021-03-24
21,N9X9673B,2104700,불참,2021-03-24
21,DPZ7685X,2104700,불참,2021-03-24
21,6U243644,2104700,찬성,2021-03-24
21,E9R4507P,2104700,찬성,2021-03-24
21,UHB5553T,2104700,찬성,2021-03-24
21,J9S37905,2104700,기권,2021-03-24
21,CAA7713A,2104700,찬성,2021-03-24
21,O0I2045I,2104700,찬성,2021-03-24
21,QUM8288K,2104700,불참,2021-03-24
21,W4X85128,2104700,불참,2021-03-24
21,JZY9937U,2104700,찬성,2021-03-24
21,YLS4431M,2104700,불참,2021-03-24
21,MNZ4401T,2104700,불참,2021-03-24
21,16D7652C,2104700,찬성,2021-03-24
21,KB04377U,2104700,불참,2021-03-24
21,FU53642G,2104700,찬성,2021-03-24
21,MLH1404S,2104700,찬성,2021-03-24
21,JEZ3130Q,2104700,기권,2021-03-24
21,9L57027L,2104700,찬성,2021-03-24
21,5UN9725L,2104700,찬성,2021-03-24
21,M2Q9024I,2104700,불참,2021-03-24
21,DBA1057Z,2104700,불참,2021-03-24
21,4019850M,2104700,찬성,2021-03-24
21,9YO73104,2104700,불참,2021-03-24
21,E6U4345C,2104700,찬성,2021-03-24
21,7BM2933Y,2104700,찬성,2021-03-24
21,9VR65006,2104700,불참,2021-03-24
21,X7I4680R,2104700,찬성,2021-03-24
21,D0C85236,2104700,불참,2021-03-24
21,XSP20229,2104700,불참,2021-03-24
21,3RW63706,2104700,찬성,2021-03-24
21,8X15119P,2104700,불참,2021-03-24
21,ZYP7962W,2104700,불참,2021-03-24
21,CNW5754J,2104700,찬성,2021-03-24
21,3249208I,2104700,찬성,2021-03-24
21,GX38539O,2104700,찬성,2021-03-24
21,8Q88373R,2104700,찬성,2021-03-24
21,XEF29171,2104700,찬성,2021-03-24
21,DAV7257X,2104700,찬성,2021-03-24
21,GE71932C,2104700,찬성,2021-03-24
21,G152611B,2104700,불참,2021-03-24
21,I7R13867,2104700,찬성,2021-03-24
21,G1570880,2104700,찬성,2021-03-24
21,LPB30152,2104700,불참,2021-03-24
21,MD083627,2104700,찬성,2021-03-24
21,OSV9142K,2104700,찬성,2021-03-24
21,B7R2742J,2104700,찬성,2021-03-24
21,ZDP5704Q,2104700,불참,2021-03-24
21,7O71647Z,2104700,찬성,2021-03-24
21,W1Q6753M,2104700,찬성,2021-03-24
21,MHK9919B,2104700,불참,2021-03-24
21,TJW93720,2104700,찬성,2021-03-24
21,9S151177,2104700,찬성,2021-03-24
21,XA42275R,2104700,찬성,2021-03-24
21,YOG1280B,2126089,찬성,2023-12-28
21,NUB4941Z,2126089,찬성,2023-12-28
21,KFM1081G,2126089,찬성,2023-12-28
21,F0I5053J,2126089,찬성,2023-12-28
21,G7512472,2126089,찬성,2023-12-28
21,3TO11703,2126089,찬성,2023-12-28
21,66W6739S,2126089,찬성,2023-12-28
21,DAY6557K,2126089,찬성,2023-12-28
21,USR7059P,2126089,찬성,2023-12-28
21,P2N50879,2126089,찬성,2023-12-28
21,A0P4646G,2126089,찬성,2023-12-28
21,A2V51235,2126089,찬성,2023-12-28
21,7I09543O,2126089,찬성,2023-12-28
21,7469929V,2126089,기권,2023-12-28
21,OFE45081,2126089,찬성,2023-12-28
21,M0A1658U,2126089,찬성,2023-12-28
21,NZF1659U,2126089,불참,2023-12-28
21,WDS6044S,2126089,불참,2023-12-28
21,ZDR63255,2126089,찬성,2023-12-28
21,5765663F,2126089,찬성,2023-12-28
21,GFF1986K,2126089,찬성,2023-12-28
21,ZKU88693,2126089,찬성,2023-12-28
21,60490713,2126089,찬성,2023-12-28
21,1WE5693J,2126089,찬성,2023-12-28
21,X3170462,2126089,불참,2023-12-28
21,8FB1535Y,2126089,찬성,2023-12-28
21,EH27538E,2126089,찬성,2023-12-28
21,WFU14784,2126089,찬성,2023-12-28
21,SU53086M,2126089,찬성,2023-12-28
21,0WL9321T,2126089,찬성,2023-12-28
21,MR210505,2126089,찬성,2023-12-28
21,4L695580,2126089,찬성,2023-12-28
21,40E3739H,2126089,찬성,2023-12-28
21,RPN2293B,2126089,찬성,2023-12-28
21,6RM29022,2126089,찬성,2023-12-28
21,MQU41854,2126089,찬성,2023-12-28
21,V429892C,2126089,찬성,2023-12-28
21,IN328264,2126089,찬성,2023-12-28
21,ZA54991S,2126089,찬성,2023-12-28
21,0827740Q,2126089,찬성,2023-12-28
21,0W194007,2126089,찬성,2023-12-28
21,NCP9875N,2126089,찬성,2023-12-28
21,I5I2468R,2126089,찬성,2023-12-28
21,3425169D,2126089,찬성,2023-12-28
21,6MO8786S,2126089,찬성,2023-12-28
21,CT85313K,2126089,찬성,2023-12-28
21,BLC8630L,2126089,찬성,2023-12-28
21,NQR1206Q,2126089,찬성,2023-12-28
21,L2I9861C,2126089,찬성,2023-12-28
21,WCD5518S,2126089,찬성,2023-12-28
21,SVH3899R,2126089,찬성,2023-12-28
21,KUO3574J,2126089,찬성,2023-12-28
21,D6U6678O,2126089,찬성,2023-12-28
21,8FC9697X,2126089,찬성,2023-12-28
21,QKO6165V,2126089,불참,2023-12-28
21,GD131760,2126089,찬성,2023-12-28
21,ZRF3039U,2126089,찬성,2023-12-28
21,68P7228G,2126089,찬성,2023-12-28
21,XPP2564T,2126089,찬성,2023-12-28
21,FRN1867O,2126089,찬성,2023-12-28
21,GAV6441G,2126089,찬성,2023-12-28
21,0YT3774N,2126089,찬성,2023-12-28
21,40S1959J,2126089,찬성,2023-12-28
21,IL74008M,2126089,찬성,2023-12-28
21,8KF7223D,2126089,불참,2023-12-28
21,CNZ51556,2126089,찬성,2023-12-28
21,3C23171A,2126089,찬성,2023-12-28
21,GDG1847Z,2126089,찬성,2023-12-28
21,P2N4585G,2126089,찬성,2023-12-28
21,6AR6743G,2126089,찬성,2023-12-28
21,VCP96419,2126089,찬성,2023-12-28
21,B7D7534L,2126089,찬성,2023-12-28
21,B7H6207C,2126089,찬성,2023-12-28
21,6399076T,2126089,찬성,2023-12-28
21,4U29186R,2126089,찬성,2023-12-28
21,F5Y4026Q,2126089,찬성,2023-12-28
21,WHV3448W,2126089,찬성,2023-12-28
21,6RD62559,2126089,찬성,2023-12-28
21,LH97552Q,2126089,찬성,2023-12-28
21,O6D8329R,2126089,찬성,2023-12-28
21,MSY7784L,2126089,찬성,2023-12-28
21,EVH1507C,2126089,불참,2023-12-28
21,N9X9673B,2126089,찬성,2023-12-28
21,5MD4184K,2126089,찬성,2023-12-28
21,5K93695T,2126089,불참,2023-12-28
21,J9S37905,2126089,찬성,2023-12-28
21,VRY5522V,2126089,찬성,2023-12-28
21,CAA7713A,2126089,찬성,2023-12-28
21,0PK7354M,2126089,찬성,2023-12-28
21,O0I2045I,2126089,찬성,2023-12-28
21,UGH6481E,2126089,찬성,2023-12-28
21,W4X85128,2126089,찬성,2023-12-28
21,JZY9937U,2126089,불참,2023-12-28
21,YKW37422,2126089,찬성,2023-12-28
21,2NV6751W,2126089,찬성,2023-12-28
21,KB04377U,2126089,찬성,2023-12-28
21,8VY63414,2126089,찬성,2023-12-28
21,QQP4727N,2126089,기권,2023-12-28
21,BCQ55105,2126089,찬성,2023-12-28
21,LJK4960Z,2126089,찬성,2023-12-28
21,IUD9392R,2126089,찬성,2023-12-28
21,M2Q9024I,2126089,불참,2023-12-28
21,DBA1057Z,2126089,찬성,2023-12-28
21,UQ282145,2126089,찬성,2023-12-28
21,EMC8812P,2126089,찬성,2023-12-28
21,T465023H,2126089,찬성,2023-12-28
21,3RW63706,2126089,불참,2023-12-28
21,RQQ3807K,2126089,찬성,2023-12-28
21,ZYP7962W,2126089,불참,2023-12-28
21,CNW5754J,2126089,찬성,2023-12-28
21,3249208I,2126089,찬성,2023-12-28
21,GX38539O,2126089,찬성,2023-12-28
21,8Q88373R,2126089,찬성,2023-12-28
21,7XY7109I,2126089,찬성,2023-12-28
21,JC14718Q,2126089,찬성,2023-12-28
21,LT72093S,2126089,찬성,2023-12-28
21,6YT83269,2126089,불참,2023-12-28
21,FDC3144T,2126089,찬성,2023-12-28
21,I7R13867,2126089,찬성,2023-12-28
21,SQ36001H,2126089,찬성,2023-12-28
21,9LD2641Q,2126089,찬성,2023-12-28
21,MD083627,2126089,불참,2023-12-28
21,OSV9142K,2126089,찬성,2023-12-28
21,B7R2742J,2126089,찬성,2023-12-28
21,7O71647Z,2126089,찬성,2023-12-28
21,RD42006Y,2126089,찬성,2023-12-28
21,TJW93720,2126089,찬성,2023-12-28
21,9S151177,2126089,불참,2023-12-28
21,PO64874I,2126089,찬성,2023-12-28
21,CDL93608,2126089,찬성,2023-12-28
21,2UD1340H,2126089,찬성,2023-12-28
21,9VR65006,2126089,찬성,2023-12-28
21,X7I4680R,2126089,찬성,2023-12-28
21,XJC13432,2126089,찬성,2023-12-28
21,XSP20229,2126089,찬성,2023-12-28
21,FH777496,2126089,찬성,2023-12-28
21,FYI20317,2126089,찬성,2023-12-28
21,8X15119P,2126089,찬성,2023-12-28
21,XEF29171,2126089,찬성,2023-12-28
21,WVU2479T,2126089,찬성,2023-12-28
21,9D939735,2126089,찬성,2023-12-28
21,QTW6852F,2126089,찬성,2023-12-28
21,TST4507I,2126089,찬성,2023-12-28
21,5KV82250,2126089,찬성,2023-12-28
21,L7J93733,2126089,찬성,2023-12-28
21,DAV7257X,2126089,찬성,2023-12-28
21,GE71932C,2126089,찬성,2023-12-28
21,1MU99298,2126089,찬성,2023-12-28
21,17M85910,2126089,찬성,2023-12-28
21,G152611B,2126089,불참,2023-12-28
21,G1570880,2126089,찬성,2023-12-28
21,FOK3459D,2126089,찬성,2023-12-28
21,QUO78839,2126089,찬성,2023-12-28
21,BT62420K,2126089,찬성,2023-12-28
21,LPB30152,2126089,찬성,2023-12-28
21,TZP9391O,2126089,찬성,2023-12-28
21,6V37131U,2126089,찬성,2023-12-28
21,FJK3396E,2126089,찬성,2023-12-28
21,ZDP5704Q,2126089,찬성,2023-12-28
21,71J2365L,2126089,찬성,2023-12-28
21,W1Q6753M,2126089,찬성,2023-12-28
21,E1J8836Y,2126089,찬성,2023-12-28
21,6EN68926,2126089,찬성,2023-12-28
21,1BX7234U,2126089,찬성,2023-12-28
21,QHL3248U,2126089,찬성,2023-12-28
21,TZ228122,2126089,찬성,2023-12-28
21,9V18755A,2126089,찬성,2023-12-28
21,XA42275R,2126089,찬성,2023-12-28
21,LBC8144B,2126089,찬성,2023-12-28
21,VHK3402G,2126089,찬성,2023-12-28
21,ATB59635,2126089,찬성,2023-12-28
21,FU87526G,2126089,불참,2023-12-28
21,S9U45255,2126089,찬성,2023-12-28
21,8SV6917G,2126089,불참,2023-12-28
21,V0O5343U,2126089,찬성,2023-12-28
21,P0F1530P,2126089,찬성,2023-12-28
21,LQW3652K,2126089,기권,2023-12-28
21,RO593601,2126089,찬성,2023-12-28
21,PFG2137X,2126089,찬성,2023-12-28
21,UB114374,2126089,찬성,2023-12-28
21,7JC3239L,2126089,찬성,2023-12-28
21,8P37634C,2126089,찬성,2023-12-28
21,N4R2421C,2126089,찬성,2023-12-28
21,O7R5461J,2126089,찬성,2023-12-28
21,JMY9959W,2126089,불참,2023-12-28
21,7R156073,2126089,찬성,2023-12-28
21,J2O8643H,2126089,불참,2023-12-28
21,6AU2417B,2126089,불참,2023-12-28
21,8VJ8533R,2126089,찬성,2023-12-28
21,GX22581L,2126089,반대,2023-12-28
21,SE233396,2126089,찬성,2023-12-28
21,AFH96856,2126089,찬성,2023-12-28
21,52P3934K,2126089,찬성,2023-12-28
21,1Y73132H,2126089,찬성,2023-12-28
21,I0S53762,2126089,찬성,2023-12-28
21,TKJ4800F,2126089,찬성,2023-12-28
21,04T3751T,2126089,찬성,2023-12-28
21,K5F2023J,2126089,찬성,2023-12-28
21,14M56632,2126089,찬성,2023-12-28
21,DPZ7685X,2126089,찬성,2023-12-28
21,6U243644,2126089,찬성,2023-12-28
21,E9R4507P,2126089,찬성,2023-12-28
21,UHB5553T,2126089,찬성,2023-12-28
21,KFS1358P,2126089,찬성,2023-12-28
21,A494529E,2126089,찬성,2023-12-28
21,CZB4125D,2126089,불참,2023-12-28
21,Z6R3959C,2126089,찬성,2023-12-28
21,QUM8288K,2126089,찬성,2023-12-28
21,S824682L,2126089,찬성,2023-12-28
21,Q9H5708M,2126089,불참,2023-12-28
21,MRK4871S,2126089,찬성,2023-12-28
21,BM63269Y,2126089,찬성,2023-12-28
21,M7O7878U,2126089,찬성,2023-12-28
21,YLS4431M,2126089,불참,2023-12-28
21,MNZ4401T,2126089,불참,2023-12-28
21,3ZR4438W,2126089,찬성,2023-12-28
21,HSS7466Y,2126089,찬성,2023-12-28
21,16D7652C,2126089,불참,2023-12-28
21,FU53642G,2126089,찬성,2023-12-28
21,MLH1404S,2126089,찬성,2023-12-28
21,XR24352K,2126089,찬성,2023-12-28
21,JEZ3130Q,2126089,찬성,2023-12-28
21,9L57027L,2126089,찬성,2023-12-28
21,GOC54665,2126089,찬성,2023-12-28
21,5UN9725L,2126089,찬성,2023-12-28
21,K3W33496,2126089,찬성,2023-12-28
21,NCO99988,2126089,찬성,2023-12-28
21,CI15627C,2126089,찬성,2023-12-28
21,C7E79345,2126089,찬성,2023-12-28
21,4019850M,2126089,찬성,2023-12-28
21,9YO73104,2126089,찬성,2023-12-28
21,TRE2429O,2126089,찬성,2023-12-28
21,E6U4345C,2126089,찬성,2023-12-28
21,7BM2933Y,2126089,찬성,2023-12-28
21,F5U2979W,2126089,찬성,2023-12-28
21,FIC9046Z,2126089,불참,2023-12-28
21,DWK26447,2126089,찬성,2023-12-28
21,NLR6572J,2126089,찬성,2023-12-28
21,YTA7297R,2126089,찬성,2023-12-28
21,L7T64271,2126089,찬성,2023-12-28
21,4X525582,2126089,찬성,2023-12-28
21,GKD32201,2126089,찬성,2023-12-28
21,S741317G,2126089,찬성,2023-12-28
21,CCU1009B,2126089,찬성,2023-12-28
21,MU69217P,2126089,찬성,2023-12-28
21,2N793392,2126089,찬성,2023-12-28
21,LM13674V,2126089,찬성,2023-12-28
21,QD25323M,2126089,찬성,2023-12-28
21,JVB6983V,2126089,찬성,2023-12-28
21,GP07421U,2126089,찬성,2023-12-28
21,FGI27280,2126089,불참,2023-12-28
21,4XG1439M,2126089,찬성,2023-12-28
21,3DK8989T,2126089,찬성,2023-12-28
21,D4L60530,2126089,찬성,2023-12-28
21,M6H1705E,2126089,찬성,2023-12-28
21,09I2323E,2126089,찬성,2023-12-28
21,NTT8182Q,2126089,찬성,2023-12-28
21,A3H7195R,2126089,불참,2023-12-28
21,ZYH1940A,2126089,불참,2023-12-28
21,0VU8517U,2126089,불참,2023-12-28
21,HSW1214Q,2126089,찬성,2023-12-28
21,3BC6890E,2126089,기권,2023-12-28
21,KR14136C,2126089,찬성,2023-12-28
21,WJL30106,2126089,찬성,2023-12-28
21,5KV96424,2126089,찬성,2023-12-28
21,KNM3215T,2126089,찬성,2023-12-28
21,M7T9712V,2126089,찬성,2023-12-28
21,UM51067K,2126089,찬성,2023-12-28
21,HKJ99607,2126089,찬성,2023-12-28
21,MY318392,2126089,찬성,2023-12-28
21,4T026790,2126089,찬성,2023-12-28
21,PZA4062H,2126089,기권,2023-12-28
21,GF286398,2126089,찬성,2023-12-28
21,8348421R,2126089,불참,2023-12-28
21,H5476989,2126089,찬성,2023-12-28
21,JQA21112,2126089,찬성,2023-12-28
21,6FS10566,2126089,찬성,2023-12-28
21,HXT76735,2126089,찬성,2023-12-28
21,0R68099X,2126089,찬성,2023-12-28
21,2385336L,2126089,찬성,2023-12-28
21,XBT9550Q,2126089,찬성,2023-12-28
21,MO52543L,2126089,찬성,2023-12-28
21,X1K3667J,2126089,찬성,2023-12-28
21,WMG57662,2126089,찬성,2023-12-28
21,WTR5885Y,2126089,찬성,2023-12-28
21,IOW1101J,2126089,찬성,2023-12-28
21,25I8709Q,2126089,찬성,2023-12-28
21,OIA3741M,2126089,찬성,2023-12-28
21,XWX1513T,2126089,찬성,2023-12-28
21,LG63087O,2126089,찬성,2023-12-28
21,OW53107J,2126089,찬성,2023-12-28
21,PEP6922S,2126089,찬성,2023-12-28
21,DAN6731C,2126089,찬성,2023-12-28
21,VG24001G,2126089,찬성,2023-12-28
21,IOW8224X,2126089,찬성,2023-12-28
21,9JF4562W,2126089,기권,2023-12-28
21,Y7K5946R,2126089,찬성,2023-12-28
21,Z7Y7827F,2126089,찬성,2023-12-28
21,9D939735,2113629,찬성,2021-12-02
21,JC14718Q,2113629,찬성,2021-12-02
21,5KV82250,2113629,찬성,2021-12-02
21,1MU99298,2113629,찬성,2021-12-02
21,FDC3144T,2113629,찬성,2021-12-02
21,9LD2641Q,2113629,찬성,2021-12-02
21,FOK3459D,2113629,찬성,2021-12-02
21,LPB30152,2113629,찬성,2021-12-02
21,6V37131U,2113629,찬성,2021-12-02
21,E1J8836Y,2113629,찬성,2021-12-02
21,1BX7234U,2113629,찬성,2021-12-02
21,QHL3248U,2113629,찬성,2021-12-02
21,9V18755A,2113629,찬성,2021-12-02
21,PO64874I,2113629,찬성,2021-12-02
21,FIC9046Z,2113629,찬성,2021-12-02
21,GKD32201,2113629,찬성,2021-12-02
21,2N793392,2113629,찬성,2021-12-02
21,QD25323M,2113629,찬성,2021-12-02
21,DAY6557K,2113629,찬성,2021-12-02
21,GP07421U,2113629,찬성,2021-12-02
21,FGI27280,2113629,찬성,2021-12-02
21,A3H7195R,2113629,불참,2021-12-02
21,3BC6890E,2113629,불참,2021-12-02
21,ZDR63255,2113629,찬성,2021-12-02
21,GFF1986K,2113629,찬성,2021-12-02
21,WJL30106,2113629,불참,2021-12-02
21,HKJ99607,2113629,찬성,2021-12-02
21,EH27538E,2113629,찬성,2021-12-02
21,MR210505,2113629,불참,2021-12-02
21,JQA21112,2113629,기권,2021-12-02
21,4L695580,2113629,찬성,2021-12-02
21,HXT76735,2113629,찬성,2021-12-02
21,RPN2293B,2113629,불참,2021-12-02
21,V429892C,2113629,불참,2021-12-02
21,4A067125,2113629,찬성,2021-12-02
21,L5P27909,2113629,불참,2021-12-02
21,IOW1101J,2113629,찬성,2021-12-02
21,CT85313K,2113629,찬성,2021-12-02
21,PAO22428,2113629,불참,2021-12-02
21,BLC8630L,2113629,불참,2021-12-02
21,LG63087O,2113629,불참,2021-12-02
21,VG24001G,2113629,찬성,2021-12-02
21,I434361W,2113629,찬성,2021-12-02
21,KUO3574J,2113629,찬성,2021-12-02
21,FU87526G,2113629,찬성,2021-12-02
21,8FC9697X,2113629,찬성,2021-12-02
21,V0O5343U,2113629,불참,2021-12-02
21,FRN1867O,2113629,찬성,2021-12-02
21,RO593601,2113629,찬성,2021-12-02
21,UB114374,2113629,찬성,2021-12-02
21,CNZ51556,2113629,찬성,2021-12-02
21,O7R5461J,2113629,찬성,2021-12-02
21,J2O8643H,2113629,불참,2021-12-02
21,6AU2417B,2113629,찬성,2021-12-02
21,B7H6207C,2113629,찬성,2021-12-02
21,4U29186R,2113629,찬성,2021-12-02
21,F5Y4026Q,2113629,찬성,2021-12-02
21,1Y73132H,2113629,찬성,2021-12-02
21,I0S53762,2113629,불참,2021-12-02
21,N9X9673B,2113629,불참,2021-12-02
21,E9R4507P,2113629,찬성,2021-12-02
21,KFS1358P,2113629,찬성,2021-12-02
21,J9S37905,2113629,찬성,2021-12-02
21,VRY5522V,2113629,찬성,2021-12-02
21,W4X85128,2113629,반대,2021-12-02
21,Q9H5708M,2113629,찬성,2021-12-02
21,CFE3998F,2113629,찬성,2021-12-02
21,BM63269Y,2113629,불참,2021-12-02
21,XR24352K,2113629,찬성,2021-12-02
21,GOC54665,2113629,찬성,2021-12-02
21,DBA1057Z,2113629,불참,2021-12-02
21,2UD1340H,2113629,찬성,2021-12-02
21,9VR65006,2113629,불참,2021-12-02
21,X7I4680R,2113629,찬성,2021-12-02
21,D0C85236,2113629,찬성,2021-12-02
21,T465023H,2113629,찬성,2021-12-02
21,3RW63706,2113629,기권,2021-12-02
21,8X15119P,2113629,불참,2021-12-02
21,JNL7001A,2113629,불참,2021-12-02
21,L7T64271,2113629,찬성,2021-12-02
21,4X525582,2113629,불참,2021-12-02
21,G7512472,2113629,찬성,2021-12-02
21,3TO11703,2113629,찬성,2021-12-02
21,S741317G,2113629,불참,2021-12-02
21,CCU1009B,2113629,찬성,2021-12-02
21,MU69217P,2113629,찬성,2021-12-02
21,66W6739S,2113629,불참,2021-12-02
21,LM13674V,2113629,찬성,2021-12-02
21,USR7059P,2113629,불참,2021-12-02
21,4XG1439M,2113629,찬성,2021-12-02
21,P2N50879,2113629,찬성,2021-12-02
21,A0P4646G,2113629,불참,2021-12-02
21,A2V51235,2113629,찬성,2021-12-02
21,7I09543O,2113629,찬성,2021-12-02
21,1X376850,2113629,찬성,2021-12-02
21,3DK8989T,2113629,불참,2021-12-02
21,7469929V,2113629,찬성,2021-12-02
21,D4L60530,2113629,찬성,2021-12-02
21,M6H1705E,2113629,찬성,2021-12-02
21,OFE45081,2113629,찬성,2021-12-02
21,09I2323E,2113629,찬성,2021-12-02
21,NTT8182Q,2113629,찬성,2021-12-02
21,ZYH1940A,2113629,찬성,2021-12-02
21,0VU8517U,2113629,불참,2021-12-02
21,M0A1658U,2113629,찬성,2021-12-02
21,HSW1214Q,2113629,찬성,2021-12-02
21,NZF1659U,2113629,찬성,2021-12-02
21,WDS6044S,2113629,불참,2021-12-02
21,KR14136C,2113629,찬성,2021-12-02
21,SRP7336N,2113629,불참,2021-12-02
21,5765663F,2113629,찬성,2021-12-02
21,ZKU88693,2113629,찬성,2021-12-02
21,5KV96424,2113629,찬성,2021-12-02
21,KNM3215T,2113629,찬성,2021-12-02
21,M7T9712V,2113629,찬성,2021-12-02
21,60490713,2113629,찬성,2021-12-02
21,UM51067K,2113629,찬성,2021-12-02
21,1WE5693J,2113629,찬성,2021-12-02
21,X3170462,2113629,불참,2021-12-02
21,MY318392,2113629,찬성,2021-12-02
21,8FB1535Y,2113629,찬성,2021-12-02
21,4T026790,2113629,불참,2021-12-02
21,WFU14784,2113629,찬성,2021-12-02
21,SU53086M,2113629,불참,2021-12-02
21,0WL9321T,2113629,찬성,2021-12-02
21,PZA4062H,2113629,찬성,2021-12-02
21,GF286398,2113629,불참,2021-12-02
21,8348421R,2113629,불참,2021-12-02
21,H5476989,2113629,찬성,2021-12-02
21,40E3739H,2113629,찬성,2021-12-02
21,0R68099X,2113629,찬성,2021-12-02
21,2385336L,2113629,찬성,2021-12-02
21,IN328264,2113629,불참,2021-12-02
21,XBT9550Q,2113629,찬성,2021-12-02
21,ZA54991S,2113629,찬성,2021-12-02
21,MO52543L,2113629,찬성,2021-12-02
21,0827740Q,2113629,찬성,2021-12-02
21,0W194007,2113629,불참,2021-12-02
21,X1K3667J,2113629,찬성,2021-12-02
21,WMG57662,2113629,찬성,2021-12-02
21,NCP9875N,2113629,찬성,2021-12-02
21,I5I2468R,2113629,찬성,2021-12-02
21,WTR5885Y,2113629,찬성,2021-12-02
21,3425169D,2113629,찬성,2021-12-02
21,ICH23251,2113629,찬성,2021-12-02
21,25I8709Q,2113629,찬성,2021-12-02
21,OIA3741M,2113629,찬성,2021-12-02
21,6MO8786S,2113629,찬성,2021-12-02
21,XWX1513T,2113629,찬성,2021-12-02
21,NQR1206Q,2113629,불참,2021-12-02
21,NAL4555X,2113629,불참,2021-12-02
21,OW53107J,2113629,찬성,2021-12-02
21,PEP6922S,2113629,찬성,2021-12-02
21,DAN6731C,2113629,찬성,2021-12-02
21,L2I9861C,2113629,불참,2021-12-02
21,WCD5518S,2113629,찬성,2021-12-02
21,SVH3899R,2113629,찬성,2021-12-02
21,IOW8224X,2113629,찬성,2021-12-02
21,9JF4562W,2113629,찬성,2021-12-02
21,Y7K5946R,2113629,찬성,2021-12-02
21,Z7Y7827F,2113629,찬성,2021-12-02
21,ATB59635,2113629,찬성,2021-12-02
21,SBK1544B,2113629,불참,2021-12-02
21,D6U6678O,2113629,찬성,2021-12-02
21,S9U45255,2113629,불참,2021-12-02
21,8SV6917G,2113629,찬성,2021-12-02
21,QKO6165V,2113629,불참,2021-12-02
21,GD131760,2113629,불참,2021-12-02
21,ZRF3039U,2113629,찬성,2021-12-02
21,68P7228G,2113629,찬성,2021-12-02
21,P0F1530P,2113629,불참,2021-12-02
21,XPP2564T,2113629,불참,2021-12-02
21,LQW3652K,2113629,기권,2021-12-02
21,PFG2137X,2113629,찬성,2021-12-02
21,GAV6441G,2113629,찬성,2021-12-02
21,0YT3774N,2113629,찬성,2021-12-02
21,7JC3239L,2113629,불참,2021-12-02
21,40S1959J,2113629,찬성,2021-12-02
21,IL74008M,2113629,찬성,2021-12-02
21,8KF7223D,2113629,찬성,2021-12-02
21,8P37634C,2113629,찬성,2021-12-02
21,N4R2421C,2113629,불참,2021-12-02
21,3C23171A,2113629,찬성,2021-12-02
21,GDG1847Z,2113629,불참,2021-12-02
21,P2N4585G,2113629,찬성,2021-12-02
21,TVF3669B,2113629,불참,2021-12-02
21,JMY9959W,2113629,찬성,2021-12-02
21,7R156073,2113629,불참,2021-12-02
21,6AR6743G,2113629,불참,2021-12-02
21,VCP96419,2113629,찬성,2021-12-02
21,8VJ8533R,2113629,찬성,2021-12-02
21,B7D7534L,2113629,불참,2021-12-02
21,GX22581L,2113629,불참,2021-12-02
21,SE233396,2113629,찬성,2021-12-02
21,AFH96856,2113629,찬성,2021-12-02
21,52P3934K,2113629,불참,2021-12-02
21,6399076T,2113629,찬성,2021-12-02
21,WHV3448W,2113629,찬성,2021-12-02
21,LH97552Q,2113629,기권,2021-12-02
21,TKJ4800F,2113629,찬성,2021-12-02
21,O6D8329R,2113629,찬성,2021-12-02
21,04T3751T,2113629,불참,2021-12-02
21,MSY7784L,2113629,불참,2021-12-02
21,EVH1507C,2113629,찬성,2021-12-02
21,K5F2023J,2113629,찬성,2021-12-02
21,14M56632,2113629,불참,2021-12-02
21,5MD4184K,2113629,불참,2021-12-02
21,5K93695T,2113629,찬성,2021-12-02
21,DPZ7685X,2113629,찬성,2021-12-02
21,6U243644,2113629,찬성,2021-12-02
21,UHB5553T,2113629,찬성,2021-12-02
21,A494529E,2113629,불참,2021-12-02
21,CAA7713A,2113629,찬성,2021-12-02
21,0PK7354M,2113629,찬성,2021-12-02
21,O0I2045I,2113629,찬성,2021-12-02
21,CZB4125D,2113629,불참,2021-12-02
21,Z6R3959C,2113629,불참,2021-12-02
21,QUM8288K,2113629,불참,2021-12-02
21,UGH6481E,2113629,찬성,2021-12-02
21,S824682L,2113629,찬성,2021-12-02
21,JZY9937U,2113629,찬성,2021-12-02
21,MRK4871S,2113629,찬성,2021-12-02
21,YKW37422,2113629,불참,2021-12-02
21,2NV6751W,2113629,찬성,2021-12-02
21,M7O7878U,2113629,불참,2021-12-02
21,YLS4431M,2113629,불참,2021-12-02
21,MNZ4401T,2113629,찬성,2021-12-02
21,3ZR4438W,2113629,불참,2021-12-02
21,HSS7466Y,2113629,찬성,2021-12-02
21,16D7652C,2113629,찬성,2021-12-02
21,KB04377U,2113629,찬성,2021-12-02
21,FU53642G,2113629,찬성,2021-12-02
21,MLH1404S,2113629,찬성,2021-12-02
21,8VY63414,2113629,불참,2021-12-02
21,QQP4727N,2113629,찬성,2021-12-02
21,JEZ3130Q,2113629,불참,2021-12-02
21,BCQ55105,2113629,찬성,2021-12-02
21,9L57027L,2113629,불참,2021-12-02
21,5UN9725L,2113629,불참,2021-12-02
21,LJK4960Z,2113629,찬성,2021-12-02
21,K3W33496,2113629,찬성,2021-12-02
21,M2Q9024I,2113629,찬성,2021-12-02
21,CI15627C,2113629,찬성,2021-12-02
21,21N57758,2113629,불참,2021-12-02
21,C7E79345,2113629,불참,2021-12-02
21,4019850M,2113629,찬성,2021-12-02
21,UQ282145,2113629,찬성,2021-12-02
21,9YO73104,2113629,찬성,2021-12-02
21,TRE2429O,2113629,찬성,2021-12-02
21,E6U4345C,2113629,찬성,2021-12-02
21,7BM2933Y,2113629,찬성,2021-12-02
21,CDL93608,2113629,찬성,2021-12-02
21,EMC8812P,2113629,찬성,2021-12-02
21,XJC13432,2113629,찬성,2021-12-02
21,XSP20229,2113629,찬성,2021-12-02
21,RQQ3807K,2113629,찬성,2021-12-02
21,FH777496,2113629,찬성,2021-12-02
21,FYI20317,2113629,찬성,2021-12-02
21,ZYP7962W,2113629,불참,2021-12-02
21,CNW5754J,2113629,불참,2021-12-02
21,3249208I,2113629,찬성,2021-12-02
21,GX38539O,2113629,찬성,2021-12-02
21,8Q88373R,2113629,찬성,2021-12-02
21,XEF29171,2113629,찬성,2021-12-02
21,WVU2479T,2113629,찬성,2021-12-02
21,QTW6852F,2113629,불참,2021-12-02
21,7XY7109I,2113629,불참,2021-12-02
21,TST4507I,2113629,찬성,2021-12-02
21,L7J93733,2113629,불참,2021-12-02
21,DAV7257X,2113629,찬성,2021-12-02
21,LT72093S,2113629,찬성,2021-12-02
21,GE71932C,2113629,찬성,2021-12-02
21,6YT83269,2113629,불참,2021-12-02
21,17M85910,2113629,찬성,2021-12-02
21,G152611B,2113629,불참,2021-12-02
21,I7R13867,2113629,찬성,2021-12-02
21,SQ36001H,2113629,찬성,2021-12-02
21,G1570880,2113629,찬성,2021-12-02
21,QUO78839,2113629,찬성,2021-12-02
21,BT62420K,2113629,찬성,2021-12-02
21,MD083627,2113629,찬성,2021-12-02
21,TZP9391O,2113629,찬성,2021-12-02
21,OSV9142K,2113629,찬성,2021-12-02
21,B7R2742J,2113629,찬성,2021-12-02
21,FJK3396E,2113629,찬성,2021-12-02
21,ZDP5704Q,2113629,찬성,2021-12-02
21,71J2365L,2113629,불참,2021-12-02
21,7O71647Z,2113629,찬성,2021-12-02
21,W1Q6753M,2113629,불참,2021-12-02
21,RD42006Y,2113629,찬성,2021-12-02
21,6EN68926,2113629,찬성,2021-12-02
21,TJW93720,2113629,찬성,2021-12-02
21,9S151177,2113629,찬성,2021-12-02
21,TZ228122,2113629,찬성,2021-12-02
21,XA42275R,2113629,찬성,2021-12-02
21,JNL7001A,2102078,반대,2020-12-02
21,GKD32201,2102078,찬성,2020-12-02
21,S741317G,2102078,찬성,2020-12-02
21,2N793392,2102078,찬성,2020-12-02
21,LM13674V,2102078,불참,2020-12-02
21,1X376850,2102078,기권,2020-12-02
21,3DK8989T,2102078,기권,2020-12-02
21,7469929V,2102078,찬성,2020-12-02
21,D4L60530,2102078,찬성,2020-12-02
21,M6H1705E,2102078,찬성,2020-12-02
21,OFE45081,2102078,찬성,2020-12-02
21,NTT8182Q,2102078,찬성,2020-12-02
21,NZF1659U,2102078,불참,2020-12-02
21,WDS6044S,2102078,찬성,2020-12-02
21,SRP7336N,2102078,찬성,2020-12-02
21,GFF1986K,2102078,찬성,2020-12-02
21,WJL30106,2102078,찬성,2020-12-02
21,60490713,2102078,찬성,2020-12-02
21,UM51067K,2102078,찬성,2020-12-02
21,HKJ99607,2102078,찬성,2020-12-02
21,4T026790,2102078,찬성,2020-12-02
21,EH27538E,2102078,찬성,2020-12-02
21,WFU14784,2102078,반대,2020-12-02
21,GF286398,2102078,찬성,2020-12-02
21,H5476989,2102078,찬성,2020-12-02
21,4L695580,2102078,찬성,2020-12-02
21,40E3739H,2102078,찬성,2020-12-02
21,RPN2293B,2102078,찬성,2020-12-02
21,V429892C,2102078,찬성,2020-12-02
21,2385336L,2102078,찬성,2020-12-02
21,IN328264,2102078,찬성,2020-12-02
21,0827740Q,2102078,찬성,2020-12-02
21,0W194007,2102078,찬성,2020-12-02
21,X1K3667J,2102078,불참,2020-12-02
21,WTR5885Y,2102078,찬성,2020-12-02
21,IOW1101J,2102078,찬성,2020-12-02
21,25I8709Q,2102078,찬성,2020-12-02
21,OIA3741M,2102078,찬성,2020-12-02
21,CT85313K,2102078,찬성,2020-12-02
21,PAO22428,2102078,찬성,2020-12-02
21,BLC8630L,2102078,찬성,2020-12-02
21,0767470D,2102078,불참,2020-12-02
21,LG63087O,2102078,찬성,2020-12-02
21,PEP6922S,2102078,찬성,2020-12-02
21,DAN6731C,2102078,찬성,2020-12-02
21,VG24001G,2102078,기권,2020-12-02
21,I434361W,2102078,찬성,2020-12-02
21,9JF4562W,2102078,찬성,2020-12-02
21,SBK1544B,2102078,찬성,2020-12-02
21,8SV6917G,2102078,불참,2020-12-02
21,ZRF3039U,2102078,찬성,2020-12-02
21,V0O5343U,2102078,찬성,2020-12-02
21,68P7228G,2102078,찬성,2020-12-02
21,XPP2564T,2102078,찬성,2020-12-02
21,FRN1867O,2102078,찬성,2020-12-02
21,PFG2137X,2102078,기권,2020-12-02
21,GAV6441G,2102078,찬성,2020-12-02
21,7JC3239L,2102078,찬성,2020-12-02
21,8KF7223D,2102078,찬성,2020-12-02
21,CNZ51556,2102078,찬성,2020-12-02
21,N4R2421C,2102078,기권,2020-12-02
21,3C23171A,2102078,찬성,2020-12-02
21,GDG1847Z,2102078,찬성,2020-12-02
21,LNR7932L,2102078,불참,2020-12-02
21,O7R5461J,2102078,찬성,2020-12-02
21,7R156073,2102078,찬성,2020-12-02
21,J2O8643H,2102078,찬성,2020-12-02
21,VCP96419,2102078,찬성,2020-12-02
21,8VJ8533R,2102078,찬성,2020-12-02
21,GX22581L,2102078,찬성,2020-12-02
21,SE233396,2102078,찬성,2020-12-02
21,52P3934K,2102078,찬성,2020-12-02
21,6399076T,2102078,찬성,2020-12-02
21,4U29186R,2102078,찬성,2020-12-02
21,F5Y4026Q,2102078,찬성,2020-12-02
21,MSY7784L,2102078,불참,2020-12-02
21,5MD4184K,2102078,찬성,2020-12-02
21,5K93695T,2102078,찬성,2020-12-02
21,DPZ7685X,2102078,기권,2020-12-02
21,KFS1358P,2102078,찬성,2020-12-02
21,A494529E,2102078,찬성,2020-12-02
21,VRY5522V,2102078,찬성,2020-12-02
21,CZB4125D,2102078,찬성,2020-12-02
21,Z6R3959C,2102078,찬성,2020-12-02
21,UGH6481E,2102078,찬성,2020-12-02
21,S824682L,2102078,찬성,2020-12-02
21,Q9H5708M,2102078,찬성,2020-12-02
21,2NV6751W,2102078,찬성,2020-12-02
21,3ZR4438W,2102078,불참,2020-12-02
21,16D7652C,2102078,반대,2020-12-02
21,8VY63414,2102078,찬성,2020-12-02
21,QQP4727N,2102078,반대,2020-12-02
21,LJK4960Z,2102078,찬성,2020-12-02
21,K3W33496,2102078,찬성,2020-12-02
21,CI15627C,2102078,찬성,2020-12-02
21,21N57758,2102078,찬성,2020-12-02
21,TRE2429O,2102078,찬성,2020-12-02
21,2UD1340H,2102078,찬성,2020-12-02
21,EMC8812P,2102078,기권,2020-12-02
21,T465023H,2102078,찬성,2020-12-02
21,FH777496,2102078,찬성,2020-12-02
21,FYI20317,2102078,기권,2020-12-02
21,WVU2479T,2102078,찬성,2020-12-02
21,9D939735,2102078,찬성,2020-12-02
21,7XY7109I,2102078,찬성,2020-12-02
21,TST4507I,2102078,찬성,2020-12-02
21,JC14718Q,2102078,찬성,2020-12-02
21,5KV82250,2102078,기권,2020-12-02
21,L7J93733,2102078,찬성,2020-12-02
21,6YT83269,2102078,찬성,2020-12-02
21,1MU99298,2102078,찬성,2020-12-02
21,FDC3144T,2102078,찬성,2020-12-02
21,SQ36001H,2102078,찬성,2020-12-02
21,9LD2641Q,2102078,찬성,2020-12-02
21,FOK3459D,2102078,찬성,2020-12-02
21,BT62420K,2102078,찬성,2020-12-02
21,TZP9391O,2102078,찬성,2020-12-02
21,71J2365L,2102078,기권,2020-12-02
21,7O71647Z,2102078,찬성,2020-12-02
21,6EN68926,2102078,찬성,2020-12-02
21,1BX7234U,2102078,찬성,2020-12-02
21,QHL3248U,2102078,찬성,2020-12-02
21,9V18755A,2102078,찬성,2020-12-02
21,M2Q9024I,2102078,불참,2020-12-02
21,DBA1057Z,2102078,찬성,2020-12-02
21,C7E79345,2102078,찬성,2020-12-02
21,4019850M,2102078,찬성,2020-12-02
21,UQ282145,2102078,찬성,2020-12-02
21,9YO73104,2102078,찬성,2020-12-02
21,E6U4345C,2102078,찬성,2020-12-02
21,7BM2933Y,2102078,찬성,2020-12-02
21,CDL93608,2102078,불참,2020-12-02
21,9VR65006,2102078,찬성,2020-12-02
21,X7I4680R,2102078,찬성,2020-12-02
21,XJC13432,2102078,불참,2020-12-02
21,D0C85236,2102078,찬성,2020-12-02
21,XSP20229,2102078,찬성,2020-12-02
21,3RW63706,2102078,찬성,2020-12-02
21,RQQ3807K,2102078,찬성,2020-12-02
21,8X15119P,2102078,찬성,2020-12-02
21,ZYP7962W,2102078,불참,2020-12-02
21,CNW5754J,2102078,찬성,2020-12-02
21,3249208I,2102078,찬성,2020-12-02
21,GX38539O,2102078,찬성,2020-12-02
21,8Q88373R,2102078,찬성,2020-12-02
21,XEF29171,2102078,찬성,2020-12-02
21,QTW6852F,2102078,찬성,2020-12-02
21,DAV7257X,2102078,찬성,2020-12-02
21,LT72093S,2102078,찬성,2020-12-02
21,GE71932C,2102078,찬성,2020-12-02
21,17M85910,2102078,찬성,2020-12-02
21,G152611B,2102078,찬성,2020-12-02
21,I7R13867,2102078,찬성,2020-12-02
21,G1570880,2102078,찬성,2020-12-02
21,QUO78839,2102078,찬성,2020-12-02
21,LPB30152,2102078,찬성,2020-12-02
21,MD083627,2102078,찬성,2020-12-02
21,6V37131U,2102078,찬성,2020-12-02
21,OSV9142K,2102078,찬성,2020-12-02
21,B7R2742J,2102078,찬성,2020-12-02
21,FJK3396E,2102078,찬성,2020-12-02
21,ZDP5704Q,2102078,찬성,2020-12-02
21,W1Q6753M,2102078,찬성,2020-12-02
21,MHK9919B,2102078,찬성,2020-12-02
21,E1J8836Y,2102078,찬성,2020-12-02
21,RD42006Y,2102078,찬성,2020-12-02
21,AE685067,2102078,찬성,2020-12-02
21,TJW93720,2102078,찬성,2020-12-02
21,9S151177,2102078,찬성,2020-12-02
21,TZ228122,2102078,찬성,2020-12-02
21,XA42275R,2102078,찬성,2020-12-02
21,PO64874I,2102078,찬성,2020-12-02
21,ATB59635,2102078,찬성,2020-12-02
21,KUO3574J,2102078,찬성,2020-12-02
21,D6U6678O,2102078,찬성,2020-12-02
21,FU87526G,2102078,찬성,2020-12-02
21,S9U45255,2102078,찬성,2020-12-02
21,8FC9697X,2102078,찬성,2020-12-02
21,QKO6165V,2102078,찬성,2020-12-02
21,GD131760,2102078,찬성,2020-12-02
21,P0F1530P,2102078,불참,2020-12-02
21,LQW3652K,2102078,찬성,2020-12-02
21,RO593601,2102078,찬성,2020-12-02
21,UB114374,2102078,찬성,2020-12-02
21,0YT3774N,2102078,찬성,2020-12-02
21,40S1959J,2102078,찬성,2020-12-02
21,IL74008M,2102078,찬성,2020-12-02
21,8P37634C,2102078,찬성,2020-12-02
21,P2N4585G,2102078,찬성,2020-12-02
21,TVF3669B,2102078,찬성,2020-12-02
21,JMY9959W,2102078,찬성,2020-12-02
21,6AR6743G,2102078,찬성,2020-12-02
21,6AU2417B,2102078,불참,2020-12-02
21,B7D7534L,2102078,찬성,2020-12-02
21,AFH96856,2102078,찬성,2020-12-02
21,B7H6207C,2102078,기권,2020-12-02
21,WHV3448W,2102078,찬성,2020-12-02
21,1Y73132H,2102078,찬성,2020-12-02
21,I0S53762,2102078,찬성,2020-12-02
21,LH97552Q,2102078,찬성,2020-12-02
21,TKJ4800F,2102078,찬성,2020-12-02
21,O6D8329R,2102078,찬성,2020-12-02
21,04T3751T,2102078,찬성,2020-12-02
21,EVH1507C,2102078,찬성,2020-12-02
21,K5F2023J,2102078,찬성,2020-12-02
21,14M56632,2102078,기권,2020-12-02
21,N9X9673B,2102078,불참,2020-12-02
21,TP066860,2102078,불참,2020-12-02
21,6U243644,2102078,찬성,2020-12-02
21,E9R4507P,2102078,기권,2020-12-02
21,UHB5553T,2102078,찬성,2020-12-02
21,J9S37905,2102078,찬성,2020-12-02
21,CAA7713A,2102078,찬성,2020-12-02
21,0PK7354M,2102078,찬성,2020-12-02
21,O0I2045I,2102078,찬성,2020-12-02
21,QUM8288K,2102078,찬성,2020-12-02
21,W4X85128,2102078,기권,2020-12-02
21,CFE3998F,2102078,찬성,2020-12-02
21,JZY9937U,2102078,불참,2020-12-02
21,MRK4871S,2102078,찬성,2020-12-02
21,YKW37422,2102078,찬성,2020-12-02
21,BM63269Y,2102078,찬성,2020-12-02
21,M7O7878U,2102078,찬성,2020-12-02
21,YLS4431M,2102078,찬성,2020-12-02
21,MNZ4401T,2102078,찬성,2020-12-02
21,HSS7466Y,2102078,찬성,2020-12-02
21,KB04377U,2102078,찬성,2020-12-02
21,FU53642G,2102078,찬성,2020-12-02
21,MLH1404S,2102078,찬성,2020-12-02
21,XR24352K,2102078,찬성,2020-12-02
21,IUL4848V,2102078,찬성,2020-12-02
21,JEZ3130Q,2102078,찬성,2020-12-02
21,BCQ55105,2102078,찬성,2020-12-02
21,9L57027L,2102078,반대,2020-12-02
21,GOC54665,2102078,찬성,2020-12-02
21,5UN9725L,2102078,찬성,2020-12-02
21,L7T64271,2102078,찬성,2020-12-02
21,4X525582,2102078,찬성,2020-12-02
21,G7512472,2102078,찬성,2020-12-02
21,3TO11703,2102078,찬성,2020-12-02
21,CCU1009B,2102078,찬성,2020-12-02
21,MU69217P,2102078,찬성,2020-12-02
21,66W6739S,2102078,반대,2020-12-02
21,QD25323M,2102078,찬성,2020-12-02
21,DAY6557K,2102078,찬성,2020-12-02
21,GP07421U,2102078,찬성,2020-12-02
21,FGI27280,2102078,찬성,2020-12-02
21,USR7059P,2102078,찬성,2020-12-02
21,4XG1439M,2102078,찬성,2020-12-02
21,P2N50879,2102078,찬성,2020-12-02
21,A0P4646G,2102078,기권,2020-12-02
21,A2V51235,2102078,찬성,2020-12-02
21,7I09543O,2102078,찬성,2020-12-02
21,09I2323E,2102078,찬성,2020-12-02
21,A3H7195R,2102078,찬성,2020-12-02
21,ZYH1940A,2102078,찬성,2020-12-02
21,0VU8517U,2102078,찬성,2020-12-02
21,M0A1658U,2102078,찬성,2020-12-02
21,HSW1214Q,2102078,찬성,2020-12-02
21,3BC6890E,2102078,찬성,2020-12-02
21,ZDR63255,2102078,찬성,2020-12-02
21,KR14136C,2102078,불참,2020-12-02
21,5765663F,2102078,찬성,2020-12-02
21,ZKU88693,2102078,찬성,2020-12-02
21,5KV96424,2102078,찬성,2020-12-02
21,KNM3215T,2102078,찬성,2020-12-02
21,M7T9712V,2102078,반대,2020-12-02
21,1WE5693J,2102078,불참,2020-12-02
21,X3170462,2102078,찬성,2020-12-02
21,MY318392,2102078,찬성,2020-12-02
21,8FB1535Y,2102078,찬성,2020-12-02
21,SU53086M,2102078,불참,2020-12-02
21,0WL9321T,2102078,찬성,2020-12-02
21,PZA4062H,2102078,찬성,2020-12-02
21,MR210505,2102078,찬성,2020-12-02
21,8348421R,2102078,불참,2020-12-02
21,JQA21112,2102078,찬성,2020-12-02
21,HXT76735,2102078,찬성,2020-12-02
21,0R68099X,2102078,찬성,2020-12-02
21,4A067125,2102078,찬성,2020-12-02
21,XBT9550Q,2102078,불참,2020-12-02
21,ZA54991S,2102078,찬성,2020-12-02
21,MO52543L,2102078,찬성,2020-12-02
21,WMG57662,2102078,찬성,2020-12-02
21,NCP9875N,2102078,찬성,2020-12-02
21,I5I2468R,2102078,찬성,2020-12-02
21,L5P27909,2102078,불참,2020-12-02
21,3425169D,2102078,찬성,2020-12-02
21,ICH23251,2102078,찬성,2020-12-02
21,6MO8786S,2102078,기권,2020-12-02
21,XWX1513T,2102078,찬성,2020-12-02
21,NQR1206Q,2102078,반대,2020-12-02
21,NAL4555X,2102078,찬성,2020-12-02
21,OW53107J,2102078,찬성,2020-12-02
21,L2I9861C,2102078,기권,2020-12-02
21,WCD5518S,2102078,찬성,2020-12-02
21,SVH3899R,2102078,찬성,2020-12-02
21,IOW8224X,2102078,찬성,2020-12-02
21,Y7K5946R,2102078,찬성,2020-12-02
21,Z7Y7827F,2102078,찬성,2020-12-02
21,FDC3144T,2105806,찬성,2021-05-21
21,17M85910,2105806,찬성,2021-05-21
21,G152611B,2105806,찬성,2021-05-21
21,9LD2641Q,2105806,불참,2021-05-21
21,QUO78839,2105806,찬성,2021-05-21
21,BT62420K,2105806,찬성,2021-05-21
21,6V37131U,2105806,불참,2021-05-21
21,FJK3396E,2105806,찬성,2021-05-21
21,E1J8836Y,2105806,찬성,2021-05-21
21,RD42006Y,2105806,찬성,2021-05-21
21,1BX7234U,2105806,찬성,2021-05-21
21,QHL3248U,2105806,찬성,2021-05-21
21,AE685067,2105806,불참,2021-05-21
21,TZ228122,2105806,찬성,2021-05-21
21,9V18755A,2105806,찬성,2021-05-21
21,XA42275R,2105806,찬성,2021-05-21
21,GAV6441G,2105806,찬성,2021-05-21
21,7JC3239L,2105806,불참,2021-05-21
21,8KF7223D,2105806,찬성,2021-05-21
21,8P37634C,2105806,찬성,2021-05-21
21,CNZ51556,2105806,찬성,2021-05-21
21,N4R2421C,2105806,불참,2021-05-21
21,GDG1847Z,2105806,찬성,2021-05-21
21,O7R5461J,2105806,찬성,2021-05-21
21,JMY9959W,2105806,찬성,2021-05-21
21,VCP96419,2105806,찬성,2021-05-21
21,8VJ8533R,2105806,찬성,2021-05-21
21,SE233396,2105806,찬성,2021-05-21
21,52P3934K,2105806,찬성,2021-05-21
21,6399076T,2105806,찬성,2021-05-21
21,4U29186R,2105806,찬성,2021-05-21
21,F5Y4026Q,2105806,찬성,2021-05-21
21,1Y73132H,2105806,찬성,2021-05-21
21,MSY7784L,2105806,불참,2021-05-21
21,14M56632,2105806,불참,2021-05-21
21,N9X9673B,2105806,불참,2021-05-21
21,TP066860,2105806,찬성,2021-05-21
21,5K93695T,2105806,기권,2021-05-21
21,KFS1358P,2105806,찬성,2021-05-21
21,J9S37905,2105806,불참,2021-05-21
21,A494529E,2105806,찬성,2021-05-21
21,VRY5522V,2105806,찬성,2021-05-21
21,0PK7354M,2105806,찬성,2021-05-21
21,CZB4125D,2105806,불참,2021-05-21
21,Z6R3959C,2105806,불참,2021-05-21
21,S824682L,2105806,찬성,2021-05-21
21,Q9H5708M,2105806,찬성,2021-05-21
21,MRK4871S,2105806,찬성,2021-05-21
21,YKW37422,2105806,불참,2021-05-21
21,2NV6751W,2105806,불참,2021-05-21
21,BM63269Y,2105806,불참,2021-05-21
21,3ZR4438W,2105806,불참,2021-05-21
21,16D7652C,2105806,불참,2021-05-21
21,8VY63414,2105806,찬성,2021-05-21
21,XR24352K,2105806,찬성,2021-05-21
21,QQP4727N,2105806,찬성,2021-05-21
21,IUL4848V,2105806,찬성,2021-05-21
21,GOC54665,2105806,불참,2021-05-21
21,LJK4960Z,2105806,찬성,2021-05-21
21,M2Q9024I,2105806,찬성,2021-05-21
21,CI15627C,2105806,찬성,2021-05-21
21,C7E79345,2105806,불참,2021-05-21
21,4019850M,2105806,찬성,2021-05-21
21,UQ282145,2105806,찬성,2021-05-21
21,CDL93608,2105806,찬성,2021-05-21
21,2UD1340H,2105806,찬성,2021-05-21
21,X7I4680R,2105806,찬성,2021-05-21
21,EMC8812P,2105806,찬성,2021-05-21
21,XJC13432,2105806,찬성,2021-05-21
21,XSP20229,2105806,찬성,2021-05-21
21,T465023H,2105806,찬성,2021-05-21
21,GX38539O,2105806,찬성,2021-05-21
21,7XY7109I,2105806,찬성,2021-05-21
21,TST4507I,2105806,불참,2021-05-21
21,JC14718Q,2105806,찬성,2021-05-21
21,5KV82250,2105806,불참,2021-05-21
21,L7J93733,2105806,찬성,2021-05-21
21,LT72093S,2105806,찬성,2021-05-21
21,6YT83269,2105806,불참,2021-05-21
21,1MU99298,2105806,찬성,2021-05-21
21,FIC9046Z,2105806,불참,2021-05-21
21,JNL7001A,2105806,불참,2021-05-21
21,4X525582,2105806,불참,2021-05-21
21,GKD32201,2105806,찬성,2021-05-21
21,S741317G,2105806,찬성,2021-05-21
21,CCU1009B,2105806,찬성,2021-05-21
21,2N793392,2105806,찬성,2021-05-21
21,66W6739S,2105806,찬성,2021-05-21
21,QD25323M,2105806,찬성,2021-05-21
21,DAY6557K,2105806,찬성,2021-05-21
21,4XG1439M,2105806,찬성,2021-05-21
21,A0P4646G,2105806,불참,2021-05-21
21,1X376850,2105806,불참,2021-05-21
21,3DK8989T,2105806,불참,2021-05-21
21,7469929V,2105806,찬성,2021-05-21
21,D4L60530,2105806,찬성,2021-05-21
21,09I2323E,2105806,찬성,2021-05-21
21,A3H7195R,2105806,찬성,2021-05-21
21,ZYH1940A,2105806,불참,2021-05-21
21,M0A1658U,2105806,찬성,2021-05-21
21,NZF1659U,2105806,찬성,2021-05-21
21,WDS6044S,2105806,찬성,2021-05-21
21,ZDR63255,2105806,찬성,2021-05-21
21,SRP7336N,2105806,불참,2021-05-21
21,5765663F,2105806,찬성,2021-05-21
21,GFF1986K,2105806,찬성,2021-05-21
21,WJL30106,2105806,찬성,2021-05-21
21,5KV96424,2105806,찬성,2021-05-21
21,KNM3215T,2105806,찬성,2021-05-21
21,60490713,2105806,찬성,2021-05-21
21,1WE5693J,2105806,불참,2021-05-21
21,MY318392,2105806,불참,2021-05-21
21,4T026790,2105806,찬성,2021-05-21
21,EH27538E,2105806,찬성,2021-05-21
21,WFU14784,2105806,찬성,2021-05-21
21,PZA4062H,2105806,찬성,2021-05-21
21,GF286398,2105806,찬성,2021-05-21
21,4L695580,2105806,찬성,2021-05-21
21,40E3739H,2105806,찬성,2021-05-21
21,RPN2293B,2105806,찬성,2021-05-21
21,V429892C,2105806,찬성,2021-05-21
21,ZA54991S,2105806,찬성,2021-05-21
21,0827740Q,2105806,찬성,2021-05-21
21,WTR5885Y,2105806,불참,2021-05-21
21,IOW1101J,2105806,찬성,2021-05-21
21,25I8709Q,2105806,찬성,2021-05-21
21,XWX1513T,2105806,찬성,2021-05-21
21,CT85313K,2105806,찬성,2021-05-21
21,PAO22428,2105806,불참,2021-05-21
21,BLC8630L,2105806,찬성,2021-05-21
21,LG63087O,2105806,불참,2021-05-21
21,DAN6731C,2105806,불참,2021-05-21
21,VG24001G,2105806,불참,2021-05-21
21,WCD5518S,2105806,찬성,2021-05-21
21,SVH3899R,2105806,찬성,2021-05-21
21,I434361W,2105806,찬성,2021-05-21
21,SBK1544B,2105806,찬성,2021-05-21
21,D6U6678O,2105806,찬성,2021-05-21
21,8FC9697X,2105806,불참,2021-05-21
21,GD131760,2105806,불참,2021-05-21
21,ZRF3039U,2105806,찬성,2021-05-21
21,V0O5343U,2105806,찬성,2021-05-21
21,P0F1530P,2105806,불참,2021-05-21
21,FRN1867O,2105806,찬성,2021-05-21
21,L7T64271,2105806,찬성,2021-05-21
21,G7512472,2105806,찬성,2021-05-21
21,3TO11703,2105806,찬성,2021-05-21
21,MU69217P,2105806,찬성,2021-05-21
21,LM13674V,2105806,찬성,2021-05-21
21,GP07421U,2105806,찬성,2021-05-21
21,FGI27280,2105806,찬성,2021-05-21
21,USR7059P,2105806,기권,2021-05-21
21,P2N50879,2105806,찬성,2021-05-21
21,A2V51235,2105806,찬성,2021-05-21
21,7I09543O,2105806,찬성,2021-05-21
21,M6H1705E,2105806,찬성,2021-05-21
21,OFE45081,2105806,찬성,2021-05-21
21,NTT8182Q,2105806,찬성,2021-05-21
21,0VU8517U,2105806,불참,2021-05-21
21,HSW1214Q,2105806,찬성,2021-05-21
21,3BC6890E,2105806,기권,2021-05-21
21,KR14136C,2105806,찬성,2021-05-21
21,ZKU88693,2105806,찬성,2021-05-21
21,M7T9712V,2105806,찬성,2021-05-21
21,UM51067K,2105806,불참,2021-05-21
21,HKJ99607,2105806,찬성,2021-05-21
21,X3170462,2105806,불참,2021-05-21
21,8FB1535Y,2105806,찬성,2021-05-21
21,SU53086M,2105806,찬성,2021-05-21
21,0WL9321T,2105806,찬성,2021-05-21
21,MR210505,2105806,찬성,2021-05-21
21,8348421R,2105806,불참,2021-05-21
21,H5476989,2105806,찬성,2021-05-21
21,JQA21112,2105806,찬성,2021-05-21
21,HXT76735,2105806,찬성,2021-05-21
21,0R68099X,2105806,찬성,2021-05-21
21,4A067125,2105806,불참,2021-05-21
21,2385336L,2105806,찬성,2021-05-21
21,IN328264,2105806,찬성,2021-05-21
21,XBT9550Q,2105806,불참,2021-05-21
21,MO52543L,2105806,불참,2021-05-21
21,0W194007,2105806,찬성,2021-05-21
21,X1K3667J,2105806,불참,2021-05-21
21,WMG57662,2105806,불참,2021-05-21
21,NCP9875N,2105806,찬성,2021-05-21
21,I5I2468R,2105806,불참,2021-05-21
21,L5P27909,2105806,불참,2021-05-21
21,3425169D,2105806,찬성,2021-05-21
21,ICH23251,2105806,불참,2021-05-21
21,OIA3741M,2105806,찬성,2021-05-21
21,6MO8786S,2105806,찬성,2021-05-21
21,NQR1206Q,2105806,찬성,2021-05-21
21,0767470D,2105806,불참,2021-05-21
21,NAL4555X,2105806,불참,2021-05-21
21,OW53107J,2105806,찬성,2021-05-21
21,PEP6922S,2105806,찬성,2021-05-21
21,L2I9861C,2105806,불참,2021-05-21
21,IOW8224X,2105806,찬성,2021-05-21
21,9JF4562W,2105806,찬성,2021-05-21
21,Y7K5946R,2105806,불참,2021-05-21
21,Z7Y7827F,2105806,찬성,2021-05-21
21,ATB59635,2105806,찬성,2021-05-21
21,KUO3574J,2105806,찬성,2021-05-21
21,FU87526G,2105806,찬성,2021-05-21
21,S9U45255,2105806,불참,2021-05-21
21,8SV6917G,2105806,불참,2021-05-21
21,QKO6165V,2105806,불참,2021-05-21
21,68P7228G,2105806,찬성,2021-05-21
21,XPP2564T,2105806,불참,2021-05-21
21,LQW3652K,2105806,불참,2021-05-21
21,RO593601,2105806,찬성,2021-05-21
21,PFG2137X,2105806,불참,2021-05-21
21,UB114374,2105806,불참,2021-05-21
21,0YT3774N,2105806,찬성,2021-05-21
21,40S1959J,2105806,찬성,2021-05-21
21,IL74008M,2105806,찬성,2021-05-21
21,3C23171A,2105806,찬성,2021-05-21
21,P2N4585G,2105806,찬성,2021-05-21
21,TVF3669B,2105806,찬성,2021-05-21
21,7R156073,2105806,불참,2021-05-21
21,6AR6743G,2105806,찬성,2021-05-21
21,J2O8643H,2105806,찬성,2021-05-21
21,6AU2417B,2105806,찬성,2021-05-21
21,B7D7534L,2105806,찬성,2021-05-21
21,GX22581L,2105806,찬성,2021-05-21
21,AFH96856,2105806,찬성,2021-05-21
21,B7H6207C,2105806,찬성,2021-05-21
21,WHV3448W,2105806,찬성,2021-05-21
21,I0S53762,2105806,불참,2021-05-21
21,LH97552Q,2105806,불참,2021-05-21
21,TKJ4800F,2105806,찬성,2021-05-21
21,O6D8329R,2105806,불참,2021-05-21
21,04T3751T,2105806,찬성,2021-05-21
21,EVH1507C,2105806,찬성,2021-05-21
21,K5F2023J,2105806,찬성,2021-05-21
21,5MD4184K,2105806,찬성,2021-05-21
21,DPZ7685X,2105806,불참,2021-05-21
21,6U243644,2105806,찬성,2021-05-21
21,E9R4507P,2105806,찬성,2021-05-21
21,UHB5553T,2105806,찬성,2021-05-21
21,CAA7713A,2105806,찬성,2021-05-21
21,O0I2045I,2105806,찬성,2021-05-21
21,QUM8288K,2105806,불참,2021-05-21
21,UGH6481E,2105806,불참,2021-05-21
21,W4X85128,2105806,찬성,2021-05-21
21,CFE3998F,2105806,불참,2021-05-21
21,JZY9937U,2105806,찬성,2021-05-21
21,M7O7878U,2105806,찬성,2021-05-21
21,YLS4431M,2105806,불참,2021-05-21
21,MNZ4401T,2105806,찬성,2021-05-21
21,HSS7466Y,2105806,찬성,2021-05-21
21,KB04377U,2105806,불참,2021-05-21
21,FU53642G,2105806,찬성,2021-05-21
21,MLH1404S,2105806,찬성,2021-05-21
21,JEZ3130Q,2105806,찬성,2021-05-21
21,BCQ55105,2105806,찬성,2021-05-21
21,9L57027L,2105806,불참,2021-05-21
21,5UN9725L,2105806,불참,2021-05-21
21,K3W33496,2105806,불참,2021-05-21
21,DBA1057Z,2105806,불참,2021-05-21
21,21N57758,2105806,찬성,2021-05-21
21,9YO73104,2105806,찬성,2021-05-21
21,TRE2429O,2105806,불참,2021-05-21
21,E6U4345C,2105806,찬성,2021-05-21
21,7BM2933Y,2105806,찬성,2021-05-21
21,9VR65006,2105806,찬성,2021-05-21
21,D0C85236,2105806,불참,2021-05-21
21,3RW63706,2105806,찬성,2021-05-21
21,RQQ3807K,2105806,찬성,2021-05-21
21,FH777496,2105806,불참,2021-05-21
21,FYI20317,2105806,불참,2021-05-21
21,8X15119P,2105806,찬성,2021-05-21
21,ZYP7962W,2105806,찬성,2021-05-21
21,CNW5754J,2105806,찬성,2021-05-21
21,3249208I,2105806,찬성,2021-05-21
21,8Q88373R,2105806,불참,2021-05-21
21,XEF29171,2105806,찬성,2021-05-21
21,WVU2479T,2105806,불참,2021-05-21
21,9D939735,2105806,불참,2021-05-21
21,QTW6852F,2105806,찬성,2021-05-21
21,DAV7257X,2105806,찬성,2021-05-21
21,GE71932C,2105806,불참,2021-05-21
21,I7R13867,2105806,찬성,2021-05-21
21,SQ36001H,2105806,찬성,2021-05-21
21,G1570880,2105806,찬성,2021-05-21
21,FOK3459D,2105806,찬성,2021-05-21
21,LPB30152,2105806,불참,2021-05-21
21,MD083627,2105806,찬성,2021-05-21
21,TZP9391O,2105806,불참,2021-05-21
21,OSV9142K,2105806,찬성,2021-05-21
21,B7R2742J,2105806,찬성,2021-05-21
21,ZDP5704Q,2105806,찬성,2021-05-21
21,71J2365L,2105806,불참,2021-05-21
21,7O71647Z,2105806,찬성,2021-05-21
21,W1Q6753M,2105806,찬성,2021-05-21
21,MHK9919B,2105806,불참,2021-05-21
21,6EN68926,2105806,불참,2021-05-21
21,TJW93720,2105806,찬성,2021-05-21
21,9S151177,2105806,찬성,2021-05-21
21,PO64874I,2105806,불참,2021-05-21
21,NUB4941Z,2126210,찬성,2024-01-09
21,9S151177,2126210,불참,2024-01-09
21,A0P4646G,2126210,불참,2024-01-09
21,A2V51235,2126210,찬성,2024-01-09
21,OFE45081,2126210,찬성,2024-01-09
21,M0A1658U,2126210,찬성,2024-01-09
21,1WE5693J,2126210,찬성,2024-01-09
21,X3170462,2126210,찬성,2024-01-09
21,8FB1535Y,2126210,찬성,2024-01-09
21,WFU14784,2126210,불참,2024-01-09
21,JQA21112,2126210,찬성,2024-01-09
21,MQU41854,2126210,불참,2024-01-09
21,0827740Q,2126210,불참,2024-01-09
21,0W194007,2126210,찬성,2024-01-09
21,NCP9875N,2126210,찬성,2024-01-09
21,3425169D,2126210,찬성,2024-01-09
21,CT85313K,2126210,찬성,2024-01-09
21,LG63087O,2126210,찬성,2024-01-09
21,SVH3899R,2126210,찬성,2024-01-09
21,KUO3574J,2126210,찬성,2024-01-09
21,8FC9697X,2126210,불참,2024-01-09
21,ZRF3039U,2126210,찬성,2024-01-09
21,68P7228G,2126210,찬성,2024-01-09
21,0YT3774N,2126210,찬성,2024-01-09
21,8KF7223D,2126210,찬성,2024-01-09
21,GX22581L,2126210,찬성,2024-01-09
21,52P3934K,2126210,찬성,2024-01-09
21,F5Y4026Q,2126210,찬성,2024-01-09
21,WHV3448W,2126210,찬성,2024-01-09
21,O6D8329R,2126210,찬성,2024-01-09
21,N9X9673B,2126210,불참,2024-01-09
21,CZB4125D,2126210,불참,2024-01-09
21,YKW37422,2126210,찬성,2024-01-09
21,8VY63414,2126210,찬성,2024-01-09
21,JEZ3130Q,2126210,불참,2024-01-09
21,BCQ55105,2126210,찬성,2024-01-09
21,IUD9392R,2126210,불참,2024-01-09
21,DBA1057Z,2126210,찬성,2024-01-09
21,3RW63706,2126210,찬성,2024-01-09
21,CNW5754J,2126210,불참,2024-01-09
21,8Q88373R,2126210,찬성,2024-01-09
21,LT72093S,2126210,찬성,2024-01-09
21,FDC3144T,2126210,찬성,2024-01-09
21,I7R13867,2126210,찬성,2024-01-09
21,OSV9142K,2126210,찬성,2024-01-09
21,B7R2742J,2126210,불참,2024-01-09
21,RD42006Y,2126210,찬성,2024-01-09
21,P2N50879,2126210,찬성,2024-01-09
21,F5U2979W,2126210,불참,2024-01-09
21,YOG1280B,2126210,찬성,2024-01-09
21,FIC9046Z,2126210,찬성,2024-01-09
21,DWK26447,2126210,찬성,2024-01-09
21,KFM1081G,2126210,찬성,2024-01-09
21,F0I5053J,2126210,찬성,2024-01-09
21,MSO2590I,2126210,찬성,2024-01-09
21,NLR6572J,2126210,찬성,2024-01-09
21,YTA7297R,2126210,찬성,2024-01-09
21,L7T64271,2126210,찬성,2024-01-09
21,4X525582,2126210,불참,2024-01-09
21,GKD32201,2126210,찬성,2024-01-09
21,G7512472,2126210,찬성,2024-01-09
21,3TO11703,2126210,찬성,2024-01-09
21,S741317G,2126210,찬성,2024-01-09
21,CCU1009B,2126210,찬성,2024-01-09
21,MU69217P,2126210,찬성,2024-01-09
21,2N793392,2126210,찬성,2024-01-09
21,LM13674V,2126210,찬성,2024-01-09
21,QD25323M,2126210,찬성,2024-01-09
21,JVB6983V,2126210,찬성,2024-01-09
21,DAY6557K,2126210,찬성,2024-01-09
21,GP07421U,2126210,찬성,2024-01-09
21,FGI27280,2126210,찬성,2024-01-09
21,USR7059P,2126210,찬성,2024-01-09
21,4XG1439M,2126210,찬성,2024-01-09
21,7I09543O,2126210,찬성,2024-01-09
21,3DK8989T,2126210,찬성,2024-01-09
21,7469929V,2126210,찬성,2024-01-09
21,D4L60530,2126210,불참,2024-01-09
21,M6H1705E,2126210,찬성,2024-01-09
21,09I2323E,2126210,찬성,2024-01-09
21,NTT8182Q,2126210,찬성,2024-01-09
21,A3H7195R,2126210,찬성,2024-01-09
21,ZYH1940A,2126210,불참,2024-01-09
21,0VU8517U,2126210,찬성,2024-01-09
21,HSW1214Q,2126210,찬성,2024-01-09
21,NZF1659U,2126210,찬성,2024-01-09
21,WDS6044S,2126210,찬성,2024-01-09
21,3BC6890E,2126210,불참,2024-01-09
21,ZDR63255,2126210,찬성,2024-01-09
21,KR14136C,2126210,찬성,2024-01-09
21,5765663F,2126210,찬성,2024-01-09
21,GFF1986K,2126210,찬성,2024-01-09
21,ZKU88693,2126210,불참,2024-01-09
21,WJL30106,2126210,찬성,2024-01-09
21,5KV96424,2126210,찬성,2024-01-09
21,KNM3215T,2126210,찬성,2024-01-09
21,M7T9712V,2126210,찬성,2024-01-09
21,60490713,2126210,찬성,2024-01-09
21,UM51067K,2126210,찬성,2024-01-09
21,HKJ99607,2126210,불참,2024-01-09
21,MY318392,2126210,찬성,2024-01-09
21,4T026790,2126210,찬성,2024-01-09
21,EH27538E,2126210,찬성,2024-01-09
21,SU53086M,2126210,찬성,2024-01-09
21,0WL9321T,2126210,찬성,2024-01-09
21,PZA4062H,2126210,찬성,2024-01-09
21,MR210505,2126210,찬성,2024-01-09
21,GF286398,2126210,찬성,2024-01-09
21,8348421R,2126210,찬성,2024-01-09
21,H5476989,2126210,찬성,2024-01-09
21,4L695580,2126210,불참,2024-01-09
21,40E3739H,2126210,찬성,2024-01-09
21,6FS10566,2126210,찬성,2024-01-09
21,HXT76735,2126210,찬성,2024-01-09
21,RPN2293B,2126210,찬성,2024-01-09
21,0R68099X,2126210,찬성,2024-01-09
21,6RM29022,2126210,찬성,2024-01-09
21,V429892C,2126210,찬성,2024-01-09
21,2385336L,2126210,찬성,2024-01-09
21,IN328264,2126210,불참,2024-01-09
21,XBT9550Q,2126210,찬성,2024-01-09
21,ZA54991S,2126210,찬성,2024-01-09
21,MO52543L,2126210,찬성,2024-01-09
21,X1K3667J,2126210,불참,2024-01-09
21,WMG57662,2126210,찬성,2024-01-09
21,I5I2468R,2126210,찬성,2024-01-09
21,WTR5885Y,2126210,찬성,2024-01-09
21,IOW1101J,2126210,찬성,2024-01-09
21,25I8709Q,2126210,찬성,2024-01-09
21,OIA3741M,2126210,찬성,2024-01-09
21,6MO8786S,2126210,찬성,2024-01-09
21,XWX1513T,2126210,불참,2024-01-09
21,BLC8630L,2126210,찬성,2024-01-09
21,NQR1206Q,2126210,찬성,2024-01-09
21,OW53107J,2126210,찬성,2024-01-09
21,PEP6922S,2126210,찬성,2024-01-09
21,DAN6731C,2126210,불참,2024-01-09
21,VG24001G,2126210,찬성,2024-01-09
21,L2I9861C,2126210,찬성,2024-01-09
21,WCD5518S,2126210,불참,2024-01-09
21,IOW8224X,2126210,찬성,2024-01-09
21,9JF4562W,2126210,찬성,2024-01-09
21,Y7K5946R,2126210,찬성,2024-01-09
21,Z7Y7827F,2126210,찬성,2024-01-09
21,ATB59635,2126210,찬성,2024-01-09
21,D6U6678O,2126210,찬성,2024-01-09
21,FU87526G,2126210,찬성,2024-01-09
21,S9U45255,2126210,찬성,2024-01-09
21,8SV6917G,2126210,불참,2024-01-09
21,QKO6165V,2126210,불참,2024-01-09
21,GD131760,2126210,찬성,2024-01-09
21,V0O5343U,2126210,찬성,2024-01-09
21,P0F1530P,2126210,불참,2024-01-09
21,XPP2564T,2126210,찬성,2024-01-09
21,FRN1867O,2126210,찬성,2024-01-09
21,LQW3652K,2126210,불참,2024-01-09
21,RO593601,2126210,찬성,2024-01-09
21,PFG2137X,2126210,찬성,2024-01-09
21,UB114374,2126210,찬성,2024-01-09
21,GAV6441G,2126210,찬성,2024-01-09
21,7JC3239L,2126210,찬성,2024-01-09
21,40S1959J,2126210,찬성,2024-01-09
21,IL74008M,2126210,찬성,2024-01-09
21,8P37634C,2126210,불참,2024-01-09
21,CNZ51556,2126210,불참,2024-01-09
21,N4R2421C,2126210,찬성,2024-01-09
21,3C23171A,2126210,찬성,2024-01-09
21,GDG1847Z,2126210,불참,2024-01-09
21,P2N4585G,2126210,불참,2024-01-09
21,O7R5461J,2126210,찬성,2024-01-09
21,JMY9959W,2126210,불참,2024-01-09
21,7R156073,2126210,불참,2024-01-09
21,6AR6743G,2126210,불참,2024-01-09
21,J2O8643H,2126210,찬성,2024-01-09
21,VCP96419,2126210,찬성,2024-01-09
21,6AU2417B,2126210,찬성,2024-01-09
21,8VJ8533R,2126210,찬성,2024-01-09
21,B7D7534L,2126210,불참,2024-01-09
21,SE233396,2126210,찬성,2024-01-09
21,AFH96856,2126210,찬성,2024-01-09
21,B7H6207C,2126210,찬성,2024-01-09
21,6399076T,2126210,찬성,2024-01-09
21,4U29186R,2126210,찬성,2024-01-09
21,6RD62559,2126210,찬성,2024-01-09
21,1Y73132H,2126210,불참,2024-01-09
21,I0S53762,2126210,불참,2024-01-09
21,LH97552Q,2126210,찬성,2024-01-09
21,TKJ4800F,2126210,찬성,2024-01-09
21,04T3751T,2126210,찬성,2024-01-09
21,MSY7784L,2126210,찬성,2024-01-09
21,EVH1507C,2126210,찬성,2024-01-09
21,K5F2023J,2126210,찬성,2024-01-09
21,14M56632,2126210,찬성,2024-01-09
21,5MD4184K,2126210,찬성,2024-01-09
21,5K93695T,2126210,찬성,2024-01-09
21,DPZ7685X,2126210,찬성,2024-01-09
21,6U243644,2126210,찬성,2024-01-09
21,E9R4507P,2126210,찬성,2024-01-09
21,UHB5553T,2126210,찬성,2024-01-09
21,KFS1358P,2126210,찬성,2024-01-09
21,J9S37905,2126210,불참,2024-01-09
21,A494529E,2126210,불참,2024-01-09
21,VRY5522V,2126210,찬성,2024-01-09
21,CAA7713A,2126210,찬성,2024-01-09
21,0PK7354M,2126210,찬성,2024-01-09
21,O0I2045I,2126210,찬성,2024-01-09
21,Z6R3959C,2126210,찬성,2024-01-09
21,QUM8288K,2126210,불참,2024-01-09
21,UGH6481E,2126210,찬성,2024-01-09
21,S824682L,2126210,찬성,2024-01-09
21,W4X85128,2126210,찬성,2024-01-09
21,Q9H5708M,2126210,찬성,2024-01-09
21,JZY9937U,2126210,찬성,2024-01-09
21,MRK4871S,2126210,불참,2024-01-09
21,2NV6751W,2126210,찬성,2024-01-09
21,BM63269Y,2126210,찬성,2024-01-09
21,M7O7878U,2126210,찬성,2024-01-09
21,YLS4431M,2126210,찬성,2024-01-09
21,MNZ4401T,2126210,찬성,2024-01-09
21,3ZR4438W,2126210,찬성,2024-01-09
21,HSS7466Y,2126210,찬성,2024-01-09
21,16D7652C,2126210,불참,2024-01-09
21,KB04377U,2126210,찬성,2024-01-09
21,FU53642G,2126210,찬성,2024-01-09
21,MLH1404S,2126210,찬성,2024-01-09
21,XR24352K,2126210,찬성,2024-01-09
21,QQP4727N,2126210,찬성,2024-01-09
21,9L57027L,2126210,찬성,2024-01-09
21,GOC54665,2126210,찬성,2024-01-09
21,5UN9725L,2126210,찬성,2024-01-09
21,LJK4960Z,2126210,찬성,2024-01-09
21,K3W33496,2126210,찬성,2024-01-09
21,NCO99988,2126210,찬성,2024-01-09
21,M2Q9024I,2126210,찬성,2024-01-09
21,CI15627C,2126210,찬성,2024-01-09
21,C7E79345,2126210,불참,2024-01-09
21,4019850M,2126210,찬성,2024-01-09
21,UQ282145,2126210,불참,2024-01-09
21,9YO73104,2126210,찬성,2024-01-09
21,TRE2429O,2126210,찬성,2024-01-09
21,E6U4345C,2126210,찬성,2024-01-09
21,7BM2933Y,2126210,찬성,2024-01-09
21,CDL93608,2126210,불참,2024-01-09
21,2UD1340H,2126210,찬성,2024-01-09
21,9VR65006,2126210,찬성,2024-01-09
21,X7I4680R,2126210,찬성,2024-01-09
21,EMC8812P,2126210,찬성,2024-01-09
21,XJC13432,2126210,찬성,2024-01-09
21,XSP20229,2126210,찬성,2024-01-09
21,T465023H,2126210,찬성,2024-01-09
21,RQQ3807K,2126210,찬성,2024-01-09
21,FH777496,2126210,찬성,2024-01-09
21,FYI20317,2126210,찬성,2024-01-09
21,8X15119P,2126210,불참,2024-01-09
21,ZYP7962W,2126210,찬성,2024-01-09
21,3249208I,2126210,찬성,2024-01-09
21,GX38539O,2126210,찬성,2024-01-09
21,XEF29171,2126210,찬성,2024-01-09
21,WVU2479T,2126210,찬성,2024-01-09
21,9D939735,2126210,찬성,2024-01-09
21,QTW6852F,2126210,찬성,2024-01-09
21,7XY7109I,2126210,찬성,2024-01-09
21,TST4507I,2126210,찬성,2024-01-09
21,JC14718Q,2126210,찬성,2024-01-09
21,5KV82250,2126210,찬성,2024-01-09
21,L7J93733,2126210,찬성,2024-01-09
21,DAV7257X,2126210,찬성,2024-01-09
21,GE71932C,2126210,불참,2024-01-09
21,6YT83269,2126210,찬성,2024-01-09
21,1MU99298,2126210,찬성,2024-01-09
21,17M85910,2126210,찬성,2024-01-09
21,G152611B,2126210,찬성,2024-01-09
21,SQ36001H,2126210,찬성,2024-01-09
21,G1570880,2126210,찬성,2024-01-09
21,9LD2641Q,2126210,찬성,2024-01-09
21,FOK3459D,2126210,찬성,2024-01-09
21,QUO78839,2126210,찬성,2024-01-09
21,BT62420K,2126210,불참,2024-01-09
21,LPB30152,2126210,불참,2024-01-09
21,MD083627,2126210,찬성,2024-01-09
21,TZP9391O,2126210,찬성,2024-01-09
21,6V37131U,2126210,찬성,2024-01-09
21,FJK3396E,2126210,찬성,2024-01-09
21,ZDP5704Q,2126210,찬성,2024-01-09
21,71J2365L,2126210,불참,2024-01-09
21,7O71647Z,2126210,찬성,2024-01-09
21,W1Q6753M,2126210,찬성,2024-01-09
21,E1J8836Y,2126210,찬성,2024-01-09
21,6EN68926,2126210,찬성,2024-01-09
21,1BX7234U,2126210,불참,2024-01-09
21,QHL3248U,2126210,찬성,2024-01-09
21,TJW93720,2126210,찬성,2024-01-09
21,TZ228122,2126210,찬성,2024-01-09
21,9V18755A,2126210,찬성,2024-01-09
21,XA42275R,2126210,찬성,2024-01-09
21,PO64874I,2126210,찬성,2024-01-09
21,LBC8144B,2126210,불참,2024-01-09
21,VHK3402G,2126210,불참,2024-01-09
21,DWK26447,2121894,찬성,2024-02-29
21,TZ228122,2121894,찬성,2024-02-29
21,3TO11703,2121894,찬성,2024-02-29
21,JVB6983V,2121894,찬성,2024-02-29
21,DAY6557K,2121894,찬성,2024-02-29
21,P2N50879,2121894,찬성,2024-02-29
21,A2V51235,2121894,찬성,2024-02-29
21,M0A1658U,2121894,찬성,2024-02-29
21,M7T9712V,2121894,찬성,2024-02-29
21,1WE5693J,2121894,찬성,2024-02-29
21,WFU14784,2121894,불참,2024-02-29
21,SU53086M,2121894,불참,2024-02-29
21,8348421R,2121894,불참,2024-02-29
21,JQA21112,2121894,찬성,2024-02-29
21,RPN2293B,2121894,찬성,2024-02-29
21,0827740Q,2121894,불참,2024-02-29
21,0W194007,2121894,불참,2024-02-29
21,3425169D,2121894,찬성,2024-02-29
21,CT85313K,2121894,찬성,2024-02-29
21,LG63087O,2121894,찬성,2024-02-29
21,KUO3574J,2121894,찬성,2024-02-29
21,8FC9697X,2121894,불참,2024-02-29
21,ZRF3039U,2121894,찬성,2024-02-29
21,68P7228G,2121894,찬성,2024-02-29
21,UB114374,2121894,찬성,2024-02-29
21,8KF7223D,2121894,불참,2024-02-29
21,P2N4585G,2121894,불참,2024-02-29
21,VCP96419,2121894,찬성,2024-02-29
21,8VJ8533R,2121894,불참,2024-02-29
21,F5Y4026Q,2121894,찬성,2024-02-29
21,WHV3448W,2121894,불참,2024-02-29
21,O6D8329R,2121894,찬성,2024-02-29
21,N9X9673B,2121894,불참,2024-02-29
21,6U243644,2121894,찬성,2024-02-29
21,CAA7713A,2121894,찬성,2024-02-29
21,CZB4125D,2121894,불참,2024-02-29
21,Z6R3959C,2121894,불참,2024-02-29
21,2NV6751W,2121894,불참,2024-02-29
21,8VY63414,2121894,찬성,2024-02-29
21,JEZ3130Q,2121894,찬성,2024-02-29
21,BCQ55105,2121894,찬성,2024-02-29
21,9L57027L,2121894,찬성,2024-02-29
21,IUD9392R,2121894,불참,2024-02-29
21,DBA1057Z,2121894,불참,2024-02-29
21,UQ282145,2121894,불참,2024-02-29
21,RQQ3807K,2121894,찬성,2024-02-29
21,CNW5754J,2121894,찬성,2024-02-29
21,5KV82250,2121894,불참,2024-02-29
21,LT72093S,2121894,찬성,2024-02-29
21,FDC3144T,2121894,찬성,2024-02-29
21,I7R13867,2121894,찬성,2024-02-29
21,OSV9142K,2121894,찬성,2024-02-29
21,B7R2742J,2121894,찬성,2024-02-29
21,FJK3396E,2121894,찬성,2024-02-29
21,7O71647Z,2121894,찬성,2024-02-29
21,RD42006Y,2121894,불참,2024-02-29
21,TJW93720,2121894,찬성,2024-02-29
21,9S151177,2121894,불참,2024-02-29
21,DV77269P,2121894,찬성,2024-02-29
21,F5U2979W,2121894,찬성,2024-02-29
21,YOG1280B,2121894,찬성,2024-02-29
21,FIC9046Z,2121894,찬성,2024-02-29
21,NUB4941Z,2121894,찬성,2024-02-29
21,KFM1081G,2121894,찬성,2024-02-29
21,F0I5053J,2121894,찬성,2024-02-29
21,MSO2590I,2121894,찬성,2024-02-29
21,C835799S,2121894,찬성,2024-02-29
21,NLR6572J,2121894,찬성,2024-02-29
21,YTA7297R,2121894,기권,2024-02-29
21,L7T64271,2121894,불참,2024-02-29
21,4X525582,2121894,찬성,2024-02-29
21,GKD32201,2121894,찬성,2024-02-29
21,G7512472,2121894,불참,2024-02-29
21,S741317G,2121894,찬성,2024-02-29
21,CCU1009B,2121894,찬성,2024-02-29
21,MU69217P,2121894,찬성,2024-02-29
21,2N793392,2121894,찬성,2024-02-29
21,LM13674V,2121894,불참,2024-02-29
21,QD25323M,2121894,불참,2024-02-29
21,GP07421U,2121894,찬성,2024-02-29
21,FGI27280,2121894,찬성,2024-02-29
21,USR7059P,2121894,찬성,2024-02-29
21,4XG1439M,2121894,찬성,2024-02-29
21,A0P4646G,2121894,찬성,2024-02-29
21,7I09543O,2121894,불참,2024-02-29
21,3DK8989T,2121894,불참,2024-02-29
21,7469929V,2121894,찬성,2024-02-29
21,D4L60530,2121894,불참,2024-02-29
21,M6H1705E,2121894,찬성,2024-02-29
21,OFE45081,2121894,찬성,2024-02-29
21,09I2323E,2121894,불참,2024-02-29
21,NTT8182Q,2121894,찬성,2024-02-29
21,A3H7195R,2121894,기권,2024-02-29
21,ZYH1940A,2121894,찬성,2024-02-29
21,0VU8517U,2121894,불참,2024-02-29
21,HSW1214Q,2121894,찬성,2024-02-29
21,NZF1659U,2121894,불참,2024-02-29
21,WDS6044S,2121894,불참,2024-02-29
21,3BC6890E,2121894,찬성,2024-02-29
21,ZDR63255,2121894,찬성,2024-02-29
21,KR14136C,2121894,불참,2024-02-29
21,5765663F,2121894,찬성,2024-02-29
21,GFF1986K,2121894,찬성,2024-02-29
21,ZKU88693,2121894,찬성,2024-02-29
21,WJL30106,2121894,찬성,2024-02-29
21,5KV96424,2121894,불참,2024-02-29
21,KNM3215T,2121894,찬성,2024-02-29
21,60490713,2121894,찬성,2024-02-29
21,UM51067K,2121894,찬성,2024-02-29
21,HKJ99607,2121894,불참,2024-02-29
21,X3170462,2121894,찬성,2024-02-29
21,MY318392,2121894,찬성,2024-02-29
21,8FB1535Y,2121894,찬성,2024-02-29
21,4T026790,2121894,찬성,2024-02-29
21,EH27538E,2121894,찬성,2024-02-29
21,0WL9321T,2121894,찬성,2024-02-29
21,PZA4062H,2121894,찬성,2024-02-29
21,MR210505,2121894,불참,2024-02-29
21,GF286398,2121894,불참,2024-02-29
21,H5476989,2121894,찬성,2024-02-29
21,4L695580,2121894,찬성,2024-02-29
21,40E3739H,2121894,찬성,2024-02-29
21,6FS10566,2121894,찬성,2024-02-29
21,HXT76735,2121894,찬성,2024-02-29
21,0R68099X,2121894,찬성,2024-02-29
21,6RM29022,2121894,불참,2024-02-29
21,MQU41854,2121894,찬성,2024-02-29
21,V429892C,2121894,찬성,2024-02-29
21,2385336L,2121894,찬성,2024-02-29
21,IN328264,2121894,불참,2024-02-29
21,XBT9550Q,2121894,불참,2024-02-29
21,ZA54991S,2121894,불참,2024-02-29
21,MO52543L,2121894,불참,2024-02-29
21,X1K3667J,2121894,찬성,2024-02-29
21,WMG57662,2121894,찬성,2024-02-29
21,I5I2468R,2121894,찬성,2024-02-29
21,WTR5885Y,2121894,찬성,2024-02-29
21,IOW1101J,2121894,찬성,2024-02-29
21,25I8709Q,2121894,찬성,2024-02-29
21,OIA3741M,2121894,찬성,2024-02-29
21,6MO8786S,2121894,찬성,2024-02-29
21,XWX1513T,2121894,찬성,2024-02-29
21,BLC8630L,2121894,찬성,2024-02-29
21,NQR1206Q,2121894,찬성,2024-02-29
21,OW53107J,2121894,찬성,2024-02-29
21,PEP6922S,2121894,불참,2024-02-29
21,DAN6731C,2121894,불참,2024-02-29
21,VG24001G,2121894,찬성,2024-02-29
21,L2I9861C,2121894,찬성,2024-02-29
21,WCD5518S,2121894,찬성,2024-02-29
21,SVH3899R,2121894,불참,2024-02-29
21,IOW8224X,2121894,찬성,2024-02-29
21,9JF4562W,2121894,찬성,2024-02-29
21,Y7K5946R,2121894,찬성,2024-02-29
21,Z7Y7827F,2121894,찬성,2024-02-29
21,ATB59635,2121894,찬성,2024-02-29
21,D6U6678O,2121894,찬성,2024-02-29
21,FU87526G,2121894,불참,2024-02-29
21,S9U45255,2121894,찬성,2024-02-29
21,8SV6917G,2121894,찬성,2024-02-29
21,QKO6165V,2121894,찬성,2024-02-29
21,GD131760,2121894,찬성,2024-02-29
21,V0O5343U,2121894,불참,2024-02-29
21,P0F1530P,2121894,불참,2024-02-29
21,XPP2564T,2121894,찬성,2024-02-29
21,FRN1867O,2121894,불참,2024-02-29
21,LQW3652K,2121894,불참,2024-02-29
21,RO593601,2121894,찬성,2024-02-29
21,PFG2137X,2121894,찬성,2024-02-29
21,GAV6441G,2121894,기권,2024-02-29
21,0YT3774N,2121894,불참,2024-02-29
21,7JC3239L,2121894,불참,2024-02-29
21,40S1959J,2121894,불참,2024-02-29
21,IL74008M,2121894,찬성,2024-02-29
21,8P37634C,2121894,찬성,2024-02-29
21,CNZ51556,2121894,찬성,2024-02-29
21,N4R2421C,2121894,찬성,2024-02-29
21,3C23171A,2121894,찬성,2024-02-29
21,GDG1847Z,2121894,불참,2024-02-29
21,O7R5461J,2121894,불참,2024-02-29
21,JMY9959W,2121894,불참,2024-02-29
21,7R156073,2121894,찬성,2024-02-29
21,6AR6743G,2121894,불참,2024-02-29
21,J2O8643H,2121894,찬성,2024-02-29
21,6AU2417B,2121894,불참,2024-02-29
21,B7D7534L,2121894,찬성,2024-02-29
21,GX22581L,2121894,찬성,2024-02-29
21,SE233396,2121894,찬성,2024-02-29
21,AFH96856,2121894,불참,2024-02-29
21,52P3934K,2121894,불참,2024-02-29
21,B7H6207C,2121894,찬성,2024-02-29
21,6399076T,2121894,찬성,2024-02-29
21,4U29186R,2121894,불참,2024-02-29
21,6RD62559,2121894,찬성,2024-02-29
21,1Y73132H,2121894,기권,2024-02-29
21,I0S53762,2121894,불참,2024-02-29
21,LH97552Q,2121894,찬성,2024-02-29
21,TKJ4800F,2121894,찬성,2024-02-29
21,04T3751T,2121894,찬성,2024-02-29
21,MSY7784L,2121894,찬성,2024-02-29
21,EVH1507C,2121894,찬성,2024-02-29
21,K5F2023J,2121894,찬성,2024-02-29
21,14M56632,2121894,찬성,2024-02-29
21,5MD4184K,2121894,찬성,2024-02-29
21,5K93695T,2121894,찬성,2024-02-29
21,DPZ7685X,2121894,불참,2024-02-29
21,E9R4507P,2121894,찬성,2024-02-29
21,UHB5553T,2121894,찬성,2024-02-29
21,KFS1358P,2121894,찬성,2024-02-29
21,J9S37905,2121894,찬성,2024-02-29
21,A494529E,2121894,불참,2024-02-29
21,VRY5522V,2121894,찬성,2024-02-29
21,0PK7354M,2121894,찬성,2024-02-29
21,O0I2045I,2121894,찬성,2024-02-29
21,QUM8288K,2121894,찬성,2024-02-29
21,UGH6481E,2121894,찬성,2024-02-29
21,S824682L,2121894,찬성,2024-02-29
21,W4X85128,2121894,찬성,2024-02-29
21,Q9H5708M,2121894,불참,2024-02-29
21,JZY9937U,2121894,불참,2024-02-29
21,MRK4871S,2121894,찬성,2024-02-29
21,BM63269Y,2121894,불참,2024-02-29
21,M7O7878U,2121894,불참,2024-02-29
21,YLS4431M,2121894,불참,2024-02-29
21,MNZ4401T,2121894,불참,2024-02-29
21,3ZR4438W,2121894,찬성,2024-02-29
21,HSS7466Y,2121894,불참,2024-02-29
21,16D7652C,2121894,불참,2024-02-29
21,KB04377U,2121894,불참,2024-02-29
21,FU53642G,2121894,찬성,2024-02-29
21,MLH1404S,2121894,불참,2024-02-29
21,XR24352K,2121894,찬성,2024-02-29
21,QQP4727N,2121894,찬성,2024-02-29
21,GOC54665,2121894,찬성,2024-02-29
21,5UN9725L,2121894,찬성,2024-02-29
21,LJK4960Z,2121894,찬성,2024-02-29
21,K3W33496,2121894,불참,2024-02-29
21,NCO99988,2121894,찬성,2024-02-29
21,M2Q9024I,2121894,찬성,2024-02-29
21,CI15627C,2121894,찬성,2024-02-29
21,C7E79345,2121894,찬성,2024-02-29
21,4019850M,2121894,불참,2024-02-29
21,9YO73104,2121894,불참,2024-02-29
21,TRE2429O,2121894,찬성,2024-02-29
21,7BM2933Y,2121894,찬성,2024-02-29
21,CDL93608,2121894,불참,2024-02-29
21,2UD1340H,2121894,찬성,2024-02-29
21,9VR65006,2121894,불참,2024-02-29
21,X7I4680R,2121894,찬성,2024-02-29
21,EMC8812P,2121894,찬성,2024-02-29
21,XJC13432,2121894,기권,2024-02-29
21,XSP20229,2121894,불참,2024-02-29
21,T465023H,2121894,찬성,2024-02-29
21,3RW63706,2121894,찬성,2024-02-29
21,FH777496,2121894,찬성,2024-02-29
21,FYI20317,2121894,찬성,2024-02-29
21,8X15119P,2121894,찬성,2024-02-29
21,ZYP7962W,2121894,찬성,2024-02-29
21,3249208I,2121894,찬성,2024-02-29
21,GX38539O,2121894,찬성,2024-02-29
21,8Q88373R,2121894,불참,2024-02-29
21,XEF29171,2121894,찬성,2024-02-29
21,WVU2479T,2121894,불참,2024-02-29
21,9D939735,2121894,찬성,2024-02-29
21,QTW6852F,2121894,찬성,2024-02-29
21,7XY7109I,2121894,찬성,2024-02-29
21,TST4507I,2121894,불참,2024-02-29
21,JC14718Q,2121894,찬성,2024-02-29
21,L7J93733,2121894,찬성,2024-02-29
21,DAV7257X,2121894,찬성,2024-02-29
21,GE71932C,2121894,찬성,2024-02-29
21,6YT83269,2121894,찬성,2024-02-29
21,1MU99298,2121894,불참,2024-02-29
21,17M85910,2121894,찬성,2024-02-29
21,G152611B,2121894,찬성,2024-02-29
21,SQ36001H,2121894,찬성,2024-02-29
21,G1570880,2121894,찬성,2024-02-29
21,9LD2641Q,2121894,찬성,2024-02-29
21,FOK3459D,2121894,찬성,2024-02-29
21,QUO78839,2121894,찬성,2024-02-29
21,BT62420K,2121894,불참,2024-02-29
21,LPB30152,2121894,찬성,2024-02-29
21,MD083627,2121894,불참,2024-02-29
21,TZP9391O,2121894,찬성,2024-02-29
21,6V37131U,2121894,찬성,2024-02-29
21,ZDP5704Q,2121894,찬성,2024-02-29
21,71J2365L,2121894,찬성,2024-02-29
21,E1J8836Y,2121894,찬성,2024-02-29
21,6EN68926,2121894,찬성,2024-02-29
21,1BX7234U,2121894,찬성,2024-02-29
21,QHL3248U,2121894,불참,2024-02-29
21,9V18755A,2121894,찬성,2024-02-29
21,XA42275R,2121894,불참,2024-02-29
21,PO64874I,2121894,불참,2024-02-29
21,LBC8144B,2121894,찬성,2024-02-29
21,VHK3402G,2121894,찬성,2024-02-29
21,SZ51175J,2121894,찬성,2024-02-29
21,JVB6983V,2115348,찬성,2022-11-24
21,E1J8836Y,2115348,찬성,2022-11-24
21,M0A1658U,2115348,불참,2022-11-24
21,SRP7336N,2115348,찬성,2022-11-24
21,1WE5693J,2115348,불참,2022-11-24
21,GF286398,2115348,찬성,2022-11-24
21,KUO3574J,2115348,찬성,2022-11-24
21,8SV6917G,2115348,찬성,2022-11-24
21,LQW3652K,2115348,찬성,2022-11-24
21,P2N4585G,2115348,불참,2022-11-24
21,8VJ8533R,2115348,불참,2022-11-24
21,6399076T,2115348,찬성,2022-11-24
21,5K93695T,2115348,찬성,2022-11-24
21,JEZ3130Q,2115348,불참,2022-11-24
21,CI15627C,2115348,불참,2022-11-24
21,TRE2429O,2115348,찬성,2022-11-24
21,XSP20229,2115348,불참,2022-11-24
21,T465023H,2115348,찬성,2022-11-24
21,9D939735,2115348,찬성,2022-11-24
21,FDC3144T,2115348,찬성,2022-11-24
21,FJK3396E,2115348,불참,2022-11-24
21,A2V51235,2115348,찬성,2022-11-24
21,F5U2979W,2115348,불참,2022-11-24
21,YOG1280B,2115348,불참,2022-11-24
21,FIC9046Z,2115348,불참,2022-11-24
21,DWK26447,2115348,불참,2022-11-24
21,NUB4941Z,2115348,찬성,2022-11-24
21,KFM1081G,2115348,찬성,2022-11-24
21,NLR6572J,2115348,찬성,2022-11-24
21,YTA7297R,2115348,찬성,2022-11-24
21,JNL7001A,2115348,찬성,2022-11-24
21,L7T64271,2115348,찬성,2022-11-24
21,4X525582,2115348,찬성,2022-11-24
21,GKD32201,2115348,찬성,2022-11-24
21,G7512472,2115348,찬성,2022-11-24
21,3TO11703,2115348,찬성,2022-11-24
21,S741317G,2115348,불참,2022-11-24
21,CCU1009B,2115348,불참,2022-11-24
21,MU69217P,2115348,찬성,2022-11-24
21,2N793392,2115348,찬성,2022-11-24
21,66W6739S,2115348,찬성,2022-11-24
21,LM13674V,2115348,찬성,2022-11-24
21,QD25323M,2115348,불참,2022-11-24
21,DAY6557K,2115348,찬성,2022-11-24
21,GP07421U,2115348,찬성,2022-11-24
21,FGI27280,2115348,찬성,2022-11-24
21,USR7059P,2115348,불참,2022-11-24
21,4XG1439M,2115348,불참,2022-11-24
21,P2N50879,2115348,불참,2022-11-24
21,A0P4646G,2115348,불참,2022-11-24
21,7I09543O,2115348,찬성,2022-11-24
21,3DK8989T,2115348,불참,2022-11-24
21,7469929V,2115348,찬성,2022-11-24
21,D4L60530,2115348,찬성,2022-11-24
21,M6H1705E,2115348,찬성,2022-11-24
21,OFE45081,2115348,찬성,2022-11-24
21,09I2323E,2115348,찬성,2022-11-24
21,NTT8182Q,2115348,찬성,2022-11-24
21,A3H7195R,2115348,불참,2022-11-24
21,ZYH1940A,2115348,불참,2022-11-24
21,0VU8517U,2115348,찬성,2022-11-24
21,HSW1214Q,2115348,찬성,2022-11-24
21,NZF1659U,2115348,찬성,2022-11-24
21,WDS6044S,2115348,찬성,2022-11-24
21,3BC6890E,2115348,찬성,2022-11-24
21,ZDR63255,2115348,불참,2022-11-24
21,KR14136C,2115348,불참,2022-11-24
21,5765663F,2115348,찬성,2022-11-24
21,GFF1986K,2115348,찬성,2022-11-24
21,ZKU88693,2115348,불참,2022-11-24
21,WJL30106,2115348,찬성,2022-11-24
21,5KV96424,2115348,찬성,2022-11-24
21,KNM3215T,2115348,찬성,2022-11-24
21,M7T9712V,2115348,불참,2022-11-24
21,60490713,2115348,불참,2022-11-24
21,UM51067K,2115348,찬성,2022-11-24
21,HKJ99607,2115348,찬성,2022-11-24
21,X3170462,2115348,불참,2022-11-24
21,MY318392,2115348,찬성,2022-11-24
21,8FB1535Y,2115348,찬성,2022-11-24
21,4T026790,2115348,찬성,2022-11-24
21,EH27538E,2115348,찬성,2022-11-24
21,WFU14784,2115348,찬성,2022-11-24
21,SU53086M,2115348,불참,2022-11-24
21,0WL9321T,2115348,불참,2022-11-24
21,PZA4062H,2115348,찬성,2022-11-24
21,MR210505,2115348,불참,2022-11-24
21,8348421R,2115348,찬성,2022-11-24
21,H5476989,2115348,찬성,2022-11-24
21,JQA21112,2115348,찬성,2022-11-24
21,4L695580,2115348,찬성,2022-11-24
21,40E3739H,2115348,찬성,2022-11-24
21,HXT76735,2115348,찬성,2022-11-24
21,RPN2293B,2115348,찬성,2022-11-24
21,0R68099X,2115348,찬성,2022-11-24
21,6RM29022,2115348,찬성,2022-11-24
21,MQU41854,2115348,찬성,2022-11-24
21,V429892C,2115348,찬성,2022-11-24
21,2385336L,2115348,찬성,2022-11-24
21,IN328264,2115348,불참,2022-11-24
21,XBT9550Q,2115348,찬성,2022-11-24
21,ZA54991S,2115348,불참,2022-11-24
21,MO52543L,2115348,찬성,2022-11-24
21,0827740Q,2115348,찬성,2022-11-24
21,0W194007,2115348,찬성,2022-11-24
21,X1K3667J,2115348,불참,2022-11-24
21,WMG57662,2115348,찬성,2022-11-24
21,NCP9875N,2115348,불참,2022-11-24
21,I5I2468R,2115348,찬성,2022-11-24
21,WTR5885Y,2115348,찬성,2022-11-24
21,3425169D,2115348,찬성,2022-11-24
21,IOW1101J,2115348,불참,2022-11-24
21,ICH23251,2115348,불참,2022-11-24
21,25I8709Q,2115348,찬성,2022-11-24
21,OIA3741M,2115348,불참,2022-11-24
21,6MO8786S,2115348,찬성,2022-11-24
21,XWX1513T,2115348,찬성,2022-11-24
21,CT85313K,2115348,찬성,2022-11-24
21,BLC8630L,2115348,찬성,2022-11-24
21,NQR1206Q,2115348,불참,2022-11-24
21,LG63087O,2115348,불참,2022-11-24
21,OW53107J,2115348,찬성,2022-11-24
21,PEP6922S,2115348,불참,2022-11-24
21,DAN6731C,2115348,기권,2022-11-24
21,VG24001G,2115348,찬성,2022-11-24
21,L2I9861C,2115348,불참,2022-11-24
21,WCD5518S,2115348,찬성,2022-11-24
21,SVH3899R,2115348,찬성,2022-11-24
21,IOW8224X,2115348,찬성,2022-11-24
21,9JF4562W,2115348,찬성,2022-11-24
21,Y7K5946R,2115348,찬성,2022-11-24
21,Z7Y7827F,2115348,불참,2022-11-24
21,ATB59635,2115348,찬성,2022-11-24
21,SBK1544B,2115348,불참,2022-11-24
21,D6U6678O,2115348,찬성,2022-11-24
21,FU87526G,2115348,찬성,2022-11-24
21,S9U45255,2115348,찬성,2022-11-24
21,8FC9697X,2115348,찬성,2022-11-24
21,QKO6165V,2115348,불참,2022-11-24
21,GD131760,2115348,불참,2022-11-24
21,ZRF3039U,2115348,찬성,2022-11-24
21,V0O5343U,2115348,찬성,2022-11-24
21,68P7228G,2115348,찬성,2022-11-24
21,P0F1530P,2115348,불참,2022-11-24
21,XPP2564T,2115348,찬성,2022-11-24
21,FRN1867O,2115348,불참,2022-11-24
21,RO593601,2115348,찬성,2022-11-24
21,PFG2137X,2115348,찬성,2022-11-24
21,UB114374,2115348,불참,2022-11-24
21,GAV6441G,2115348,찬성,2022-11-24
21,0YT3774N,2115348,찬성,2022-11-24
21,7JC3239L,2115348,불참,2022-11-24
21,40S1959J,2115348,찬성,2022-11-24
21,IL74008M,2115348,찬성,2022-11-24
21,8KF7223D,2115348,찬성,2022-11-24
21,8P37634C,2115348,기권,2022-11-24
21,CNZ51556,2115348,찬성,2022-11-24
21,N4R2421C,2115348,불참,2022-11-24
21,3C23171A,2115348,찬성,2022-11-24
21,GDG1847Z,2115348,찬성,2022-11-24
21,O7R5461J,2115348,찬성,2022-11-24
21,JMY9959W,2115348,찬성,2022-11-24
21,7R156073,2115348,불참,2022-11-24
21,6AR6743G,2115348,찬성,2022-11-24
21,J2O8643H,2115348,찬성,2022-11-24
21,VCP96419,2115348,찬성,2022-11-24
21,6AU2417B,2115348,불참,2022-11-24
21,B7D7534L,2115348,찬성,2022-11-24
21,GX22581L,2115348,불참,2022-11-24
21,SE233396,2115348,찬성,2022-11-24
21,AFH96856,2115348,찬성,2022-11-24
21,52P3934K,2115348,불참,2022-11-24
21,B7H6207C,2115348,찬성,2022-11-24
21,4U29186R,2115348,불참,2022-11-24
21,F5Y4026Q,2115348,찬성,2022-11-24
21,WHV3448W,2115348,불참,2022-11-24
21,6RD62559,2115348,불참,2022-11-24
21,1Y73132H,2115348,찬성,2022-11-24
21,I0S53762,2115348,반대,2022-11-24
21,LH97552Q,2115348,찬성,2022-11-24
21,TKJ4800F,2115348,찬성,2022-11-24
21,O6D8329R,2115348,불참,2022-11-24
21,04T3751T,2115348,찬성,2022-11-24
21,MSY7784L,2115348,불참,2022-11-24
21,EVH1507C,2115348,찬성,2022-11-24
21,K5F2023J,2115348,찬성,2022-11-24
21,14M56632,2115348,불참,2022-11-24
21,N9X9673B,2115348,찬성,2022-11-24
21,5MD4184K,2115348,찬성,2022-11-24
21,DPZ7685X,2115348,찬성,2022-11-24
21,6U243644,2115348,찬성,2022-11-24
21,E9R4507P,2115348,불참,2022-11-24
21,UHB5553T,2115348,찬성,2022-11-24
21,KFS1358P,2115348,찬성,2022-11-24
21,J9S37905,2115348,찬성,2022-11-24
21,A494529E,2115348,불참,2022-11-24
21,VRY5522V,2115348,기권,2022-11-24
21,CAA7713A,2115348,찬성,2022-11-24
21,0PK7354M,2115348,찬성,2022-11-24
21,O0I2045I,2115348,찬성,2022-11-24
21,CZB4125D,2115348,불참,2022-11-24
21,Z6R3959C,2115348,찬성,2022-11-24
21,QUM8288K,2115348,불참,2022-11-24
21,UGH6481E,2115348,찬성,2022-11-24
21,S824682L,2115348,찬성,2022-11-24
21,W4X85128,2115348,불참,2022-11-24
21,Q9H5708M,2115348,찬성,2022-11-24
21,JZY9937U,2115348,불참,2022-11-24
21,MRK4871S,2115348,불참,2022-11-24
21,YKW37422,2115348,불참,2022-11-24
21,2NV6751W,2115348,찬성,2022-11-24
21,BM63269Y,2115348,찬성,2022-11-24
21,M7O7878U,2115348,불참,2022-11-24
21,YLS4431M,2115348,찬성,2022-11-24
21,MNZ4401T,2115348,찬성,2022-11-24
21,3ZR4438W,2115348,찬성,2022-11-24
21,HSS7466Y,2115348,기권,2022-11-24
21,16D7652C,2115348,찬성,2022-11-24
21,KB04377U,2115348,찬성,2022-11-24
21,FU53642G,2115348,찬성,2022-11-24
21,MLH1404S,2115348,찬성,2022-11-24
21,8VY63414,2115348,불참,2022-11-24
21,XR24352K,2115348,찬성,2022-11-24
21,QQP4727N,2115348,찬성,2022-11-24
21,BCQ55105,2115348,불참,2022-11-24
21,9L57027L,2115348,찬성,2022-11-24
21,GOC54665,2115348,불참,2022-11-24
21,5UN9725L,2115348,찬성,2022-11-24
21,LJK4960Z,2115348,찬성,2022-11-24
21,IUD9392R,2115348,찬성,2022-11-24
21,K3W33496,2115348,불참,2022-11-24
21,M2Q9024I,2115348,불참,2022-11-24
21,DBA1057Z,2115348,찬성,2022-11-24
21,C7E79345,2115348,불참,2022-11-24
21,4019850M,2115348,기권,2022-11-24
21,UQ282145,2115348,불참,2022-11-24
21,9YO73104,2115348,찬성,2022-11-24
21,E6U4345C,2115348,찬성,2022-11-24
21,7BM2933Y,2115348,찬성,2022-11-24
21,CDL93608,2115348,기권,2022-11-24
21,2UD1340H,2115348,찬성,2022-11-24
21,9VR65006,2115348,찬성,2022-11-24
21,X7I4680R,2115348,찬성,2022-11-24
21,EMC8812P,2115348,기권,2022-11-24
21,XJC13432,2115348,찬성,2022-11-24
21,3RW63706,2115348,찬성,2022-11-24
21,RQQ3807K,2115348,찬성,2022-11-24
21,FH777496,2115348,찬성,2022-11-24
21,FYI20317,2115348,찬성,2022-11-24
21,8X15119P,2115348,불참,2022-11-24
21,ZYP7962W,2115348,찬성,2022-11-24
21,CNW5754J,2115348,불참,2022-11-24
21,3249208I,2115348,불참,2022-11-24
21,GX38539O,2115348,찬성,2022-11-24
21,8Q88373R,2115348,찬성,2022-11-24
21,XEF29171,2115348,찬성,2022-11-24
21,WVU2479T,2115348,찬성,2022-11-24
21,QTW6852F,2115348,찬성,2022-11-24
21,7XY7109I,2115348,찬성,2022-11-24
21,TST4507I,2115348,기권,2022-11-24
21,JC14718Q,2115348,찬성,2022-11-24
21,5KV82250,2115348,찬성,2022-11-24
21,L7J93733,2115348,찬성,2022-11-24
21,DAV7257X,2115348,불참,2022-11-24
21,LT72093S,2115348,찬성,2022-11-24
21,GE71932C,2115348,불참,2022-11-24
21,6YT83269,2115348,찬성,2022-11-24
21,1MU99298,2115348,기권,2022-11-24
21,17M85910,2115348,찬성,2022-11-24
21,G152611B,2115348,불참,2022-11-24
21,I7R13867,2115348,찬성,2022-11-24
21,SQ36001H,2115348,찬성,2022-11-24
21,G1570880,2115348,찬성,2022-11-24
21,9LD2641Q,2115348,찬성,2022-11-24
21,FOK3459D,2115348,찬성,2022-11-24
21,QUO78839,2115348,불참,2022-11-24
21,BT62420K,2115348,찬성,2022-11-24
21,LPB30152,2115348,불참,2022-11-24
21,MD083627,2115348,불참,2022-11-24
21,TZP9391O,2115348,찬성,2022-11-24
21,6V37131U,2115348,찬성,2022-11-24
21,OSV9142K,2115348,찬성,2022-11-24
21,B7R2742J,2115348,찬성,2022-11-24
21,ZDP5704Q,2115348,불참,2022-11-24
21,71J2365L,2115348,찬성,2022-11-24
21,7O71647Z,2115348,불참,2022-11-24
21,W1Q6753M,2115348,찬성,2022-11-24
21,RD42006Y,2115348,불참,2022-11-24
21,6EN68926,2115348,찬성,2022-11-24
21,1BX7234U,2115348,불참,2022-11-24
21,QHL3248U,2115348,찬성,2022-11-24
21,TJW93720,2115348,찬성,2022-11-24
21,9S151177,2115348,찬성,2022-11-24
21,TZ228122,2115348,찬성,2022-11-24
21,9V18755A,2115348,찬성,2022-11-24
21,XA42275R,2115348,불참,2022-11-24
21,PO64874I,2115348,찬성,2022-11-24
21,LBC8144B,2115348,찬성,2022-11-24
21,VHK3402G,2115348,불참,2022-11-24
21,F5U2979W,2115767,찬성,2022-05-29
21,9V18755A,2115767,찬성,2022-05-29
21,P2N50879,2115767,불참,2022-05-29
21,A2V51235,2115767,불참,2022-05-29
21,M6H1705E,2115767,찬성,2022-05-29
21,M0A1658U,2115767,불참,2022-05-29
21,WJL30106,2115767,불참,2022-05-29
21,MR210505,2115767,찬성,2022-05-29
21,4L695580,2115767,찬성,2022-05-29
21,V429892C,2115767,찬성,2022-05-29
21,CT85313K,2115767,찬성,2022-05-29
21,L2I9861C,2115767,찬성,2022-05-29
21,S9U45255,2115767,찬성,2022-05-29
21,V0O5343U,2115767,불참,2022-05-29
21,UB114374,2115767,불참,2022-05-29
21,CNZ51556,2115767,찬성,2022-05-29
21,GDG1847Z,2115767,찬성,2022-05-29
21,B7D7534L,2115767,찬성,2022-05-29
21,GX22581L,2115767,불참,2022-05-29
21,KFS1358P,2115767,찬성,2022-05-29
21,CAA7713A,2115767,찬성,2022-05-29
21,Q9H5708M,2115767,불참,2022-05-29
21,3ZR4438W,2115767,찬성,2022-05-29
21,XR24352K,2115767,찬성,2022-05-29
21,LJK4960Z,2115767,불참,2022-05-29
21,XSP20229,2115767,찬성,2022-05-29
21,3RW63706,2115767,찬성,2022-05-29
21,FYI20317,2115767,찬성,2022-05-29
21,8X15119P,2115767,찬성,2022-05-29
21,FDC3144T,2115767,찬성,2022-05-29
21,LPB30152,2115767,찬성,2022-05-29
21,QHL3248U,2115767,불참,2022-05-29
21,2N793392,2115767,찬성,2022-05-29
21,FIC9046Z,2115767,불참,2022-05-29
21,NLR6572J,2115767,찬성,2022-05-29
21,JNL7001A,2115767,불참,2022-05-29
21,L7T64271,2115767,찬성,2022-05-29
21,4X525582,2115767,불참,2022-05-29
21,GKD32201,2115767,찬성,2022-05-29
21,G7512472,2115767,불참,2022-05-29
21,3TO11703,2115767,찬성,2022-05-29
21,S741317G,2115767,불참,2022-05-29
21,CCU1009B,2115767,찬성,2022-05-29
21,MU69217P,2115767,찬성,2022-05-29
21,66W6739S,2115767,찬성,2022-05-29
21,LM13674V,2115767,찬성,2022-05-29
21,QD25323M,2115767,찬성,2022-05-29
21,JVB6983V,2115767,찬성,2022-05-29
21,DAY6557K,2115767,찬성,2022-05-29
21,GP07421U,2115767,불참,2022-05-29
21,FGI27280,2115767,불참,2022-05-29
21,USR7059P,2115767,불참,2022-05-29
21,4XG1439M,2115767,찬성,2022-05-29
21,A0P4646G,2115767,불참,2022-05-29
21,7I09543O,2115767,불참,2022-05-29
21,3DK8989T,2115767,불참,2022-05-29
21,7469929V,2115767,찬성,2022-05-29
21,D4L60530,2115767,불참,2022-05-29
21,OFE45081,2115767,불참,2022-05-29
21,09I2323E,2115767,불참,2022-05-29
21,NTT8182Q,2115767,찬성,2022-05-29
21,A3H7195R,2115767,불참,2022-05-29
21,ZYH1940A,2115767,불참,2022-05-29
21,0VU8517U,2115767,찬성,2022-05-29
21,HSW1214Q,2115767,불참,2022-05-29
21,NZF1659U,2115767,불참,2022-05-29
21,WDS6044S,2115767,찬성,2022-05-29
21,3BC6890E,2115767,찬성,2022-05-29
21,ZDR63255,2115767,불참,2022-05-29
21,KR14136C,2115767,불참,2022-05-29
21,SRP7336N,2115767,찬성,2022-05-29
21,5765663F,2115767,찬성,2022-05-29
21,GFF1986K,2115767,찬성,2022-05-29
21,ZKU88693,2115767,찬성,2022-05-29
21,5KV96424,2115767,찬성,2022-05-29
21,KNM3215T,2115767,찬성,2022-05-29
21,M7T9712V,2115767,불참,2022-05-29
21,60490713,2115767,불참,2022-05-29
21,UM51067K,2115767,불참,2022-05-29
21,HKJ99607,2115767,불참,2022-05-29
21,1WE5693J,2115767,불참,2022-05-29
21,X3170462,2115767,찬성,2022-05-29
21,MY318392,2115767,불참,2022-05-29
21,8FB1535Y,2115767,찬성,2022-05-29
21,4T026790,2115767,찬성,2022-05-29
21,EH27538E,2115767,찬성,2022-05-29
21,WFU14784,2115767,불참,2022-05-29
21,SU53086M,2115767,불참,2022-05-29
21,0WL9321T,2115767,불참,2022-05-29
21,PZA4062H,2115767,기권,2022-05-29
21,GF286398,2115767,불참,2022-05-29
21,8348421R,2115767,불참,2022-05-29
21,H5476989,2115767,찬성,2022-05-29
21,JQA21112,2115767,찬성,2022-05-29
21,40E3739H,2115767,찬성,2022-05-29
21,HXT76735,2115767,찬성,2022-05-29
21,RPN2293B,2115767,찬성,2022-05-29
21,0R68099X,2115767,찬성,2022-05-29
21,6RM29022,2115767,찬성,2022-05-29
21,MQU41854,2115767,찬성,2022-05-29
21,2385336L,2115767,찬성,2022-05-29
21,IN328264,2115767,불참,2022-05-29
21,XBT9550Q,2115767,불참,2022-05-29
21,ZA54991S,2115767,찬성,2022-05-29
21,MO52543L,2115767,불참,2022-05-29
21,0827740Q,2115767,찬성,2022-05-29
21,0W194007,2115767,찬성,2022-05-29
21,X1K3667J,2115767,불참,2022-05-29
21,WMG57662,2115767,불참,2022-05-29
21,NCP9875N,2115767,찬성,2022-05-29
21,I5I2468R,2115767,찬성,2022-05-29
21,WTR5885Y,2115767,불참,2022-05-29
21,3425169D,2115767,찬성,2022-05-29
21,IOW1101J,2115767,찬성,2022-05-29
21,ICH23251,2115767,불참,2022-05-29
21,25I8709Q,2115767,찬성,2022-05-29
21,OIA3741M,2115767,찬성,2022-05-29
21,6MO8786S,2115767,찬성,2022-05-29
21,XWX1513T,2115767,찬성,2022-05-29
21,BLC8630L,2115767,불참,2022-05-29
21,NQR1206Q,2115767,찬성,2022-05-29
21,LG63087O,2115767,불참,2022-05-29
21,OW53107J,2115767,불참,2022-05-29
21,PEP6922S,2115767,찬성,2022-05-29
21,DAN6731C,2115767,찬성,2022-05-29
21,VG24001G,2115767,찬성,2022-05-29
21,WCD5518S,2115767,불참,2022-05-29
21,SVH3899R,2115767,불참,2022-05-29
21,I434361W,2115767,찬성,2022-05-29
21,IOW8224X,2115767,찬성,2022-05-29
21,9JF4562W,2115767,불참,2022-05-29
21,Y7K5946R,2115767,찬성,2022-05-29
21,Z7Y7827F,2115767,찬성,2022-05-29
21,ATB59635,2115767,찬성,2022-05-29
21,SBK1544B,2115767,찬성,2022-05-29
21,KUO3574J,2115767,찬성,2022-05-29
21,D6U6678O,2115767,찬성,2022-05-29
21,FU87526G,2115767,찬성,2022-05-29
21,8SV6917G,2115767,불참,2022-05-29
21,8FC9697X,2115767,불참,2022-05-29
21,QKO6165V,2115767,불참,2022-05-29
21,GD131760,2115767,찬성,2022-05-29
21,ZRF3039U,2115767,찬성,2022-05-29
21,68P7228G,2115767,찬성,2022-05-29
21,P0F1530P,2115767,불참,2022-05-29
21,XPP2564T,2115767,찬성,2022-05-29
21,FRN1867O,2115767,불참,2022-05-29
21,LQW3652K,2115767,찬성,2022-05-29
21,RO593601,2115767,찬성,2022-05-29
21,PFG2137X,2115767,불참,2022-05-29
21,GAV6441G,2115767,찬성,2022-05-29
21,0YT3774N,2115767,찬성,2022-05-29
21,7JC3239L,2115767,불참,2022-05-29
21,40S1959J,2115767,불참,2022-05-29
21,IL74008M,2115767,찬성,2022-05-29
21,8KF7223D,2115767,불참,2022-05-29
21,8P37634C,2115767,불참,2022-05-29
21,N4R2421C,2115767,불참,2022-05-29
21,3C23171A,2115767,찬성,2022-05-29
21,P2N4585G,2115767,찬성,2022-05-29
21,O7R5461J,2115767,불참,2022-05-29
21,JMY9959W,2115767,찬성,2022-05-29
21,7R156073,2115767,불참,2022-05-29
21,6AR6743G,2115767,찬성,2022-05-29
21,J2O8643H,2115767,찬성,2022-05-29
21,VCP96419,2115767,찬성,2022-05-29
21,6AU2417B,2115767,불참,2022-05-29
21,8VJ8533R,2115767,불참,2022-05-29
21,SE233396,2115767,찬성,2022-05-29
21,AFH96856,2115767,불참,2022-05-29
21,52P3934K,2115767,찬성,2022-05-29
21,B7H6207C,2115767,찬성,2022-05-29
21,6399076T,2115767,찬성,2022-05-29
21,4U29186R,2115767,불참,2022-05-29
21,F5Y4026Q,2115767,불참,2022-05-29
21,WHV3448W,2115767,찬성,2022-05-29
21,1Y73132H,2115767,찬성,2022-05-29
21,I0S53762,2115767,불참,2022-05-29
21,LH97552Q,2115767,찬성,2022-05-29
21,TKJ4800F,2115767,찬성,2022-05-29
21,O6D8329R,2115767,불참,2022-05-29
21,04T3751T,2115767,찬성,2022-05-29
21,MSY7784L,2115767,불참,2022-05-29
21,EVH1507C,2115767,찬성,2022-05-29
21,K5F2023J,2115767,찬성,2022-05-29
21,14M56632,2115767,불참,2022-05-29
21,N9X9673B,2115767,찬성,2022-05-29
21,5MD4184K,2115767,불참,2022-05-29
21,5K93695T,2115767,기권,2022-05-29
21,DPZ7685X,2115767,찬성,2022-05-29
21,6U243644,2115767,찬성,2022-05-29
21,E9R4507P,2115767,찬성,2022-05-29
21,UHB5553T,2115767,찬성,2022-05-29
21,J9S37905,2115767,찬성,2022-05-29
21,A494529E,2115767,찬성,2022-05-29
21,VRY5522V,2115767,찬성,2022-05-29
21,0PK7354M,2115767,찬성,2022-05-29
21,O0I2045I,2115767,찬성,2022-05-29
21,CZB4125D,2115767,불참,2022-05-29
21,Z6R3959C,2115767,불참,2022-05-29
21,QUM8288K,2115767,찬성,2022-05-29
21,UGH6481E,2115767,불참,2022-05-29
21,S824682L,2115767,찬성,2022-05-29
21,W4X85128,2115767,찬성,2022-05-29
21,JZY9937U,2115767,찬성,2022-05-29
21,MRK4871S,2115767,불참,2022-05-29
21,YKW37422,2115767,불참,2022-05-29
21,2NV6751W,2115767,찬성,2022-05-29
21,BM63269Y,2115767,불참,2022-05-29
21,M7O7878U,2115767,불참,2022-05-29
21,YLS4431M,2115767,불참,2022-05-29
21,MNZ4401T,2115767,불참,2022-05-29
21,HSS7466Y,2115767,불참,2022-05-29
21,16D7652C,2115767,찬성,2022-05-29
21,KB04377U,2115767,불참,2022-05-29
21,FU53642G,2115767,불참,2022-05-29
21,MLH1404S,2115767,불참,2022-05-29
21,8VY63414,2115767,불참,2022-05-29
21,QQP4727N,2115767,찬성,2022-05-29
21,JEZ3130Q,2115767,찬성,2022-05-29
21,BCQ55105,2115767,불참,2022-05-29
21,9L57027L,2115767,찬성,2022-05-29
21,GOC54665,2115767,찬성,2022-05-29
21,5UN9725L,2115767,불참,2022-05-29
21,K3W33496,2115767,찬성,2022-05-29
21,M2Q9024I,2115767,찬성,2022-05-29
21,DBA1057Z,2115767,찬성,2022-05-29
21,CI15627C,2115767,찬성,2022-05-29
21,C7E79345,2115767,불참,2022-05-29
21,4019850M,2115767,찬성,2022-05-29
21,UQ282145,2115767,불참,2022-05-29
21,9YO73104,2115767,찬성,2022-05-29
21,TRE2429O,2115767,불참,2022-05-29
21,E6U4345C,2115767,찬성,2022-05-29
21,7BM2933Y,2115767,찬성,2022-05-29
21,CDL93608,2115767,불참,2022-05-29
21,2UD1340H,2115767,찬성,2022-05-29
21,9VR65006,2115767,불참,2022-05-29
21,X7I4680R,2115767,불참,2022-05-29
21,EMC8812P,2115767,찬성,2022-05-29
21,XJC13432,2115767,불참,2022-05-29
21,T465023H,2115767,찬성,2022-05-29
21,RQQ3807K,2115767,찬성,2022-05-29
21,FH777496,2115767,찬성,2022-05-29
21,ZYP7962W,2115767,불참,2022-05-29
21,CNW5754J,2115767,찬성,2022-05-29
21,3249208I,2115767,찬성,2022-05-29
21,GX38539O,2115767,찬성,2022-05-29
21,8Q88373R,2115767,불참,2022-05-29
21,XEF29171,2115767,찬성,2022-05-29
21,WVU2479T,2115767,불참,2022-05-29
21,9D939735,2115767,찬성,2022-05-29
21,QTW6852F,2115767,찬성,2022-05-29
21,7XY7109I,2115767,찬성,2022-05-29
21,TST4507I,2115767,찬성,2022-05-29
21,JC14718Q,2115767,찬성,2022-05-29
21,5KV82250,2115767,찬성,2022-05-29
21,L7J93733,2115767,찬성,2022-05-29
21,DAV7257X,2115767,찬성,2022-05-29
21,LT72093S,2115767,찬성,2022-05-29
21,GE71932C,2115767,불참,2022-05-29
21,6YT83269,2115767,찬성,2022-05-29
21,1MU99298,2115767,찬성,2022-05-29
21,17M85910,2115767,찬성,2022-05-29
21,G152611B,2115767,불참,2022-05-29
21,I7R13867,2115767,찬성,2022-05-29
21,SQ36001H,2115767,찬성,2022-05-29
21,G1570880,2115767,찬성,2022-05-29
21,9LD2641Q,2115767,불참,2022-05-29
21,FOK3459D,2115767,찬성,2022-05-29
21,QUO78839,2115767,불참,2022-05-29
21,BT62420K,2115767,불참,2022-05-29
21,MD083627,2115767,찬성,2022-05-29
21,TZP9391O,2115767,찬성,2022-05-29
21,6V37131U,2115767,불참,2022-05-29
21,OSV9142K,2115767,찬성,2022-05-29
21,B7R2742J,2115767,기권,2022-05-29
21,FJK3396E,2115767,불참,2022-05-29
21,ZDP5704Q,2115767,찬성,2022-05-29
21,71J2365L,2115767,불참,2022-05-29
21,7O71647Z,2115767,찬성,2022-05-29
21,W1Q6753M,2115767,찬성,2022-05-29
21,E1J8836Y,2115767,불참,2022-05-29
21,RD42006Y,2115767,불참,2022-05-29
21,6EN68926,2115767,찬성,2022-05-29
21,1BX7234U,2115767,찬성,2022-05-29
21,TJW93720,2115767,찬성,2022-05-29
21,9S151177,2115767,찬성,2022-05-29
21,TZ228122,2115767,찬성,2022-05-29
21,XA42275R,2115767,찬성,2022-05-29
21,PO64874I,2115767,찬성,2022-05-29
21,VHK3402G,2115767,불참,2022-05-29
21,JNL7001A,2106258,찬성,2020-12-09
21,GKD32201,2106258,찬성,2020-12-09
21,S741317G,2106258,찬성,2020-12-09
21,CCU1009B,2106258,찬성,2020-12-09
21,MU69217P,2106258,기권,2020-12-09
21,2N793392,2106258,찬성,2020-12-09
21,66W6739S,2106258,기권,2020-12-09
21,LM13674V,2106258,찬성,2020-12-09
21,DAY6557K,2106258,찬성,2020-12-09
21,FGI27280,2106258,기권,2020-12-09
21,A0P4646G,2106258,불참,2020-12-09
21,7I09543O,2106258,찬성,2020-12-09
21,1X376850,2106258,기권,2020-12-09
21,3DK8989T,2106258,기권,2020-12-09
21,7469929V,2106258,찬성,2020-12-09
21,D4L60530,2106258,찬성,2020-12-09
21,M6H1705E,2106258,찬성,2020-12-09
21,OFE45081,2106258,찬성,2020-12-09
21,NTT8182Q,2106258,찬성,2020-12-09
21,ZYH1940A,2106258,찬성,2020-12-09
21,HSW1214Q,2106258,찬성,2020-12-09
21,NZF1659U,2106258,찬성,2020-12-09
21,WDS6044S,2106258,찬성,2020-12-09
21,SRP7336N,2106258,찬성,2020-12-09
21,GFF1986K,2106258,찬성,2020-12-09
21,WJL30106,2106258,찬성,2020-12-09
21,KNM3215T,2106258,찬성,2020-12-09
21,60490713,2106258,찬성,2020-12-09
21,UM51067K,2106258,찬성,2020-12-09
21,HKJ99607,2106258,찬성,2020-12-09
21,1WE5693J,2106258,찬성,2020-12-09
21,4T026790,2106258,찬성,2020-12-09
21,EH27538E,2106258,찬성,2020-12-09
21,WFU14784,2106258,찬성,2020-12-09
21,SU53086M,2106258,찬성,2020-12-09
21,0WL9321T,2106258,찬성,2020-12-09
21,GF286398,2106258,찬성,2020-12-09
21,H5476989,2106258,찬성,2020-12-09
21,4L695580,2106258,찬성,2020-12-09
21,40E3739H,2106258,찬성,2020-12-09
21,RPN2293B,2106258,찬성,2020-12-09
21,V429892C,2106258,찬성,2020-12-09
21,2385336L,2106258,불참,2020-12-09
21,IN328264,2106258,찬성,2020-12-09
21,XBT9550Q,2106258,찬성,2020-12-09
21,MO52543L,2106258,찬성,2020-12-09
21,0827740Q,2106258,찬성,2020-12-09
21,0W194007,2106258,찬성,2020-12-09
21,X1K3667J,2106258,찬성,2020-12-09
21,I5I2468R,2106258,찬성,2020-12-09
21,WTR5885Y,2106258,찬성,2020-12-09
21,L5P27909,2106258,불참,2020-12-09
21,IOW1101J,2106258,기권,2020-12-09
21,ICH23251,2106258,찬성,2020-12-09
21,25I8709Q,2106258,찬성,2020-12-09
21,OIA3741M,2106258,찬성,2020-12-09
21,XWX1513T,2106258,찬성,2020-12-09
21,CT85313K,2106258,반대,2020-12-09
21,PAO22428,2106258,찬성,2020-12-09
21,BLC8630L,2106258,불참,2020-12-09
21,0767470D,2106258,불참,2020-12-09
21,LG63087O,2106258,기권,2020-12-09
21,PEP6922S,2106258,찬성,2020-12-09
21,DAN6731C,2106258,기권,2020-12-09
21,VG24001G,2106258,기권,2020-12-09
21,L2I9861C,2106258,찬성,2020-12-09
21,SVH3899R,2106258,찬성,2020-12-09
21,I434361W,2106258,기권,2020-12-09
21,9JF4562W,2106258,찬성,2020-12-09
21,Y7K5946R,2106258,불참,2020-12-09
21,SBK1544B,2106258,찬성,2020-12-09
21,KUO3574J,2106258,찬성,2020-12-09
21,8SV6917G,2106258,불참,2020-12-09
21,QKO6165V,2106258,찬성,2020-12-09
21,GD131760,2106258,찬성,2020-12-09
21,ZRF3039U,2106258,찬성,2020-12-09
21,V0O5343U,2106258,찬성,2020-12-09
21,68P7228G,2106258,찬성,2020-12-09
21,XPP2564T,2106258,찬성,2020-12-09
21,FRN1867O,2106258,찬성,2020-12-09
21,PFG2137X,2106258,찬성,2020-12-09
21,UB114374,2106258,찬성,2020-12-09
21,GAV6441G,2106258,찬성,2020-12-09
21,0YT3774N,2106258,찬성,2020-12-09
21,7JC3239L,2106258,찬성,2020-12-09
21,40S1959J,2106258,찬성,2020-12-09
21,IL74008M,2106258,찬성,2020-12-09
21,8KF7223D,2106258,찬성,2020-12-09
21,CNZ51556,2106258,찬성,2020-12-09
21,N4R2421C,2106258,불참,2020-12-09
21,3C23171A,2106258,찬성,2020-12-09
21,GDG1847Z,2106258,불참,2020-12-09
21,LNR7932L,2106258,찬성,2020-12-09
21,O7R5461J,2106258,찬성,2020-12-09
21,TVF3669B,2106258,불참,2020-12-09
21,7R156073,2106258,찬성,2020-12-09
21,6AR6743G,2106258,찬성,2020-12-09
21,J2O8643H,2106258,찬성,2020-12-09
21,VCP96419,2106258,찬성,2020-12-09
21,6AU2417B,2106258,찬성,2020-12-09
21,8VJ8533R,2106258,기권,2020-12-09
21,GX22581L,2106258,불참,2020-12-09
21,SE233396,2106258,찬성,2020-12-09
21,52P3934K,2106258,찬성,2020-12-09
21,B7H6207C,2106258,찬성,2020-12-09
21,6399076T,2106258,찬성,2020-12-09
21,4U29186R,2106258,찬성,2020-12-09
21,F5Y4026Q,2106258,찬성,2020-12-09
21,WHV3448W,2106258,찬성,2020-12-09
21,1Y73132H,2106258,불참,2020-12-09
21,LH97552Q,2106258,기권,2020-12-09
21,O6D8329R,2106258,찬성,2020-12-09
21,MSY7784L,2106258,불참,2020-12-09
21,5MD4184K,2106258,찬성,2020-12-09
21,5K93695T,2106258,찬성,2020-12-09
21,DPZ7685X,2106258,찬성,2020-12-09
21,KFS1358P,2106258,찬성,2020-12-09
21,A494529E,2106258,찬성,2020-12-09
21,VRY5522V,2106258,찬성,2020-12-09
21,CAA7713A,2106258,찬성,2020-12-09
21,0PK7354M,2106258,찬성,2020-12-09
21,CZB4125D,2106258,찬성,2020-12-09
21,Z6R3959C,2106258,찬성,2020-12-09
21,UGH6481E,2106258,찬성,2020-12-09
21,S824682L,2106258,찬성,2020-12-09
21,Q9H5708M,2106258,찬성,2020-12-09
21,JZY9937U,2106258,반대,2020-12-09
21,MRK4871S,2106258,기권,2020-12-09
21,YKW37422,2106258,찬성,2020-12-09
21,2NV6751W,2106258,찬성,2020-12-09
21,M7O7878U,2106258,찬성,2020-12-09
21,3ZR4438W,2106258,불참,2020-12-09
21,16D7652C,2106258,찬성,2020-12-09
21,KB04377U,2106258,기권,2020-12-09
21,FU53642G,2106258,찬성,2020-12-09
21,MLH1404S,2106258,찬성,2020-12-09
21,8VY63414,2106258,찬성,2020-12-09
21,XR24352K,2106258,찬성,2020-12-09
21,QQP4727N,2106258,기권,2020-12-09
21,IUL4848V,2106258,찬성,2020-12-09
21,JEZ3130Q,2106258,찬성,2020-12-09
21,LJK4960Z,2106258,찬성,2020-12-09
21,K3W33496,2106258,찬성,2020-12-09
21,DBA1057Z,2106258,불참,2020-12-09
21,CI15627C,2106258,찬성,2020-12-09
21,21N57758,2106258,불참,2020-12-09
21,C7E79345,2106258,찬성,2020-12-09
21,UQ282145,2106258,찬성,2020-12-09
21,TRE2429O,2106258,찬성,2020-12-09
21,E6U4345C,2106258,찬성,2020-12-09
21,2UD1340H,2106258,찬성,2020-12-09
21,EMC8812P,2106258,기권,2020-12-09
21,XJC13432,2106258,기권,2020-12-09
21,T465023H,2106258,찬성,2020-12-09
21,RQQ3807K,2106258,찬성,2020-12-09
21,FH777496,2106258,찬성,2020-12-09
21,FYI20317,2106258,찬성,2020-12-09
21,ZYP7962W,2106258,불참,2020-12-09
21,GX38539O,2106258,찬성,2020-12-09
21,WVU2479T,2106258,찬성,2020-12-09
21,9D939735,2106258,불참,2020-12-09
21,QTW6852F,2106258,기권,2020-12-09
21,7XY7109I,2106258,찬성,2020-12-09
21,TST4507I,2106258,찬성,2020-12-09
21,JC14718Q,2106258,찬성,2020-12-09
21,5KV82250,2106258,기권,2020-12-09
21,L7J93733,2106258,찬성,2020-12-09
21,LT72093S,2106258,찬성,2020-12-09
21,6YT83269,2106258,찬성,2020-12-09
21,1MU99298,2106258,찬성,2020-12-09
21,FDC3144T,2106258,찬성,2020-12-09
21,SQ36001H,2106258,찬성,2020-12-09
21,9LD2641Q,2106258,찬성,2020-12-09
21,FOK3459D,2106258,찬성,2020-12-09
21,QUO78839,2106258,찬성,2020-12-09
21,BT62420K,2106258,찬성,2020-12-09
21,LPB30152,2106258,찬성,2020-12-09
21,TZP9391O,2106258,기권,2020-12-09
21,6V37131U,2106258,찬성,2020-12-09
21,FJK3396E,2106258,찬성,2020-12-09
21,71J2365L,2106258,기권,2020-12-09
21,7O71647Z,2106258,찬성,2020-12-09
21,E1J8836Y,2106258,찬성,2020-12-09
21,6EN68926,2106258,불참,2020-12-09
21,1BX7234U,2106258,찬성,2020-12-09
21,QHL3248U,2106258,찬성,2020-12-09
21,TZ228122,2106258,찬성,2020-12-09
21,9V18755A,2106258,찬성,2020-12-09
21,PO64874I,2106258,찬성,2020-12-09
21,E9R4507P,2106258,기권,2020-12-09
21,UHB5553T,2106258,찬성,2020-12-09
21,J9S37905,2106258,찬성,2020-12-09
21,O0I2045I,2106258,찬성,2020-12-09
21,QUM8288K,2106258,찬성,2020-12-09
21,W4X85128,2106258,반대,2020-12-09
21,CFE3998F,2106258,불참,2020-12-09
21,BM63269Y,2106258,찬성,2020-12-09
21,YLS4431M,2106258,찬성,2020-12-09
21,MNZ4401T,2106258,찬성,2020-12-09
21,HSS7466Y,2106258,찬성,2020-12-09
21,BCQ55105,2106258,찬성,2020-12-09
21,9L57027L,2106258,불참,2020-12-09
21,GOC54665,2106258,찬성,2020-12-09
21,5UN9725L,2106258,기권,2020-12-09
21,M2Q9024I,2106258,불참,2020-12-09
21,4019850M,2106258,찬성,2020-12-09
21,9YO73104,2106258,찬성,2020-12-09
21,7BM2933Y,2106258,찬성,2020-12-09
21,CDL93608,2106258,찬성,2020-12-09
21,9VR65006,2106258,불참,2020-12-09
21,X7I4680R,2106258,찬성,2020-12-09
21,D0C85236,2106258,찬성,2020-12-09
21,XSP20229,2106258,찬성,2020-12-09
21,3RW63706,2106258,찬성,2020-12-09
21,8X15119P,2106258,찬성,2020-12-09
21,CNW5754J,2106258,찬성,2020-12-09
21,3249208I,2106258,찬성,2020-12-09
21,8Q88373R,2106258,찬성,2020-12-09
21,XEF29171,2106258,찬성,2020-12-09
21,DAV7257X,2106258,불참,2020-12-09
21,GE71932C,2106258,찬성,2020-12-09
21,17M85910,2106258,찬성,2020-12-09
21,G152611B,2106258,찬성,2020-12-09
21,I7R13867,2106258,찬성,2020-12-09
21,G1570880,2106258,찬성,2020-12-09
21,MD083627,2106258,찬성,2020-12-09
21,OSV9142K,2106258,찬성,2020-12-09
21,B7R2742J,2106258,찬성,2020-12-09
21,ZDP5704Q,2106258,찬성,2020-12-09
21,W1Q6753M,2106258,찬성,2020-12-09
21,MHK9919B,2106258,찬성,2020-12-09
21,RD42006Y,2106258,찬성,2020-12-09
21,AE685067,2106258,찬성,2020-12-09
21,TJW93720,2106258,찬성,2020-12-09
21,9S151177,2106258,찬성,2020-12-09
21,XA42275R,2106258,찬성,2020-12-09
21,L7T64271,2106258,찬성,2020-12-09
21,4X525582,2106258,불참,2020-12-09
21,G7512472,2106258,찬성,2020-12-09
21,3TO11703,2106258,찬성,2020-12-09
21,QD25323M,2106258,찬성,2020-12-09
21,GP07421U,2106258,찬성,2020-12-09
21,USR7059P,2106258,반대,2020-12-09
21,4XG1439M,2106258,찬성,2020-12-09
21,P2N50879,2106258,기권,2020-12-09
21,A2V51235,2106258,찬성,2020-12-09
21,09I2323E,2106258,찬성,2020-12-09
21,A3H7195R,2106258,찬성,2020-12-09
21,0VU8517U,2106258,찬성,2020-12-09
21,M0A1658U,2106258,찬성,2020-12-09
21,3BC6890E,2106258,기권,2020-12-09
21,ZDR63255,2106258,찬성,2020-12-09
21,KR14136C,2106258,찬성,2020-12-09
21,5765663F,2106258,불참,2020-12-09
21,ZKU88693,2106258,찬성,2020-12-09
21,5KV96424,2106258,찬성,2020-12-09
21,M7T9712V,2106258,찬성,2020-12-09
21,X3170462,2106258,찬성,2020-12-09
21,MY318392,2106258,찬성,2020-12-09
21,8FB1535Y,2106258,찬성,2020-12-09
21,PZA4062H,2106258,찬성,2020-12-09
21,MR210505,2106258,찬성,2020-12-09
21,8348421R,2106258,찬성,2020-12-09
21,JQA21112,2106258,반대,2020-12-09
21,HXT76735,2106258,찬성,2020-12-09
21,0R68099X,2106258,찬성,2020-12-09
21,4A067125,2106258,찬성,2020-12-09
21,ZA54991S,2106258,찬성,2020-12-09
21,WMG57662,2106258,찬성,2020-12-09
21,NCP9875N,2106258,찬성,2020-12-09
21,3425169D,2106258,찬성,2020-12-09
21,6MO8786S,2106258,찬성,2020-12-09
21,NQR1206Q,2106258,찬성,2020-12-09
21,NAL4555X,2106258,반대,2020-12-09
21,OW53107J,2106258,찬성,2020-12-09
21,WCD5518S,2106258,찬성,2020-12-09
21,IOW8224X,2106258,찬성,2020-12-09
21,Z7Y7827F,2106258,찬성,2020-12-09
21,ATB59635,2106258,찬성,2020-12-09
21,D6U6678O,2106258,찬성,2020-12-09
21,FU87526G,2106258,기권,2020-12-09
21,S9U45255,2106258,찬성,2020-12-09
21,8FC9697X,2106258,찬성,2020-12-09
21,P0F1530P,2106258,불참,2020-12-09
21,LQW3652K,2106258,반대,2020-12-09
21,RO593601,2106258,찬성,2020-12-09
21,8P37634C,2106258,찬성,2020-12-09
21,P2N4585G,2106258,찬성,2020-12-09
21,JMY9959W,2106258,찬성,2020-12-09
21,B7D7534L,2106258,찬성,2020-12-09
21,AFH96856,2106258,찬성,2020-12-09
21,I0S53762,2106258,찬성,2020-12-09
21,TKJ4800F,2106258,찬성,2020-12-09
21,04T3751T,2106258,찬성,2020-12-09
21,EVH1507C,2106258,찬성,2020-12-09
21,K5F2023J,2106258,찬성,2020-12-09
21,14M56632,2106258,찬성,2020-12-09
21,N9X9673B,2106258,찬성,2020-12-09
21,TP066860,2106258,불참,2020-12-09
21,6U243644,2106258,기권,2020-12-09
21,F5U2979W,2115295,찬성,2022-04-15
21,JNL7001A,2115295,반대,2022-04-15
21,G7512472,2115295,찬성,2022-04-15
21,3TO11703,2115295,찬성,2022-04-15
21,2N793392,2115295,찬성,2022-04-15
21,LM13674V,2115295,찬성,2022-04-15
21,QD25323M,2115295,찬성,2022-04-15
21,GP07421U,2115295,찬성,2022-04-15
21,FGI27280,2115295,불참,2022-04-15
21,USR7059P,2115295,기권,2022-04-15
21,4XG1439M,2115295,찬성,2022-04-15
21,P2N50879,2115295,찬성,2022-04-15
21,7I09543O,2115295,찬성,2022-04-15
21,3DK8989T,2115295,반대,2022-04-15
21,7469929V,2115295,불참,2022-04-15
21,D4L60530,2115295,찬성,2022-04-15
21,M6H1705E,2115295,찬성,2022-04-15
21,NTT8182Q,2115295,찬성,2022-04-15
21,ZYH1940A,2115295,찬성,2022-04-15
21,0VU8517U,2115295,불참,2022-04-15
21,M0A1658U,2115295,찬성,2022-04-15
21,HSW1214Q,2115295,찬성,2022-04-15
21,WDS6044S,2115295,불참,2022-04-15
21,3BC6890E,2115295,기권,2022-04-15
21,ZDR63255,2115295,찬성,2022-04-15
21,KR14136C,2115295,찬성,2022-04-15
21,GFF1986K,2115295,찬성,2022-04-15
21,WJL30106,2115295,찬성,2022-04-15
21,5KV96424,2115295,찬성,2022-04-15
21,60490713,2115295,찬성,2022-04-15
21,HKJ99607,2115295,불참,2022-04-15
21,X3170462,2115295,불참,2022-04-15
21,8FB1535Y,2115295,찬성,2022-04-15
21,EH27538E,2115295,기권,2022-04-15
21,WFU14784,2115295,반대,2022-04-15
21,SU53086M,2115295,불참,2022-04-15
21,PZA4062H,2115295,찬성,2022-04-15
21,MR210505,2115295,반대,2022-04-15
21,GF286398,2115295,찬성,2022-04-15
21,H5476989,2115295,찬성,2022-04-15
21,JQA21112,2115295,불참,2022-04-15
21,4L695580,2115295,기권,2022-04-15
21,HXT76735,2115295,찬성,2022-04-15
21,RPN2293B,2115295,찬성,2022-04-15
21,0R68099X,2115295,불참,2022-04-15
21,MQU41854,2115295,찬성,2022-04-15
21,V429892C,2115295,찬성,2022-04-15
21,4A067125,2115295,불참,2022-04-15
21,2385336L,2115295,찬성,2022-04-15
21,IN328264,2115295,찬성,2022-04-15
21,XBT9550Q,2115295,불참,2022-04-15
21,MO52543L,2115295,찬성,2022-04-15
21,0W194007,2115295,찬성,2022-04-15
21,WMG57662,2115295,불참,2022-04-15
21,NCP9875N,2115295,찬성,2022-04-15
21,I5I2468R,2115295,찬성,2022-04-15
21,WTR5885Y,2115295,불참,2022-04-15
21,L5P27909,2115295,불참,2022-04-15
21,IOW1101J,2115295,찬성,2022-04-15
21,OIA3741M,2115295,찬성,2022-04-15
21,6MO8786S,2115295,불참,2022-04-15
21,XWX1513T,2115295,찬성,2022-04-15
21,CT85313K,2115295,반대,2022-04-15
21,PAO22428,2115295,불참,2022-04-15
21,NQR1206Q,2115295,반대,2022-04-15
21,LG63087O,2115295,불참,2022-04-15
21,PEP6922S,2115295,찬성,2022-04-15
21,L2I9861C,2115295,불참,2022-04-15
21,WCD5518S,2115295,찬성,2022-04-15
21,SVH3899R,2115295,불참,2022-04-15
21,I434361W,2115295,기권,2022-04-15
21,IOW8224X,2115295,불참,2022-04-15
21,9JF4562W,2115295,불참,2022-04-15
21,Y7K5946R,2115295,기권,2022-04-15
21,ATB59635,2115295,찬성,2022-04-15
21,SBK1544B,2115295,불참,2022-04-15
21,KUO3574J,2115295,찬성,2022-04-15
21,D6U6678O,2115295,찬성,2022-04-15
21,S9U45255,2115295,불참,2022-04-15
21,QKO6165V,2115295,불참,2022-04-15
21,GD131760,2115295,반대,2022-04-15
21,ZRF3039U,2115295,불참,2022-04-15
21,V0O5343U,2115295,불참,2022-04-15
21,P0F1530P,2115295,불참,2022-04-15
21,LQW3652K,2115295,기권,2022-04-15
21,RO593601,2115295,찬성,2022-04-15
21,PFG2137X,2115295,반대,2022-04-15
21,UB114374,2115295,불참,2022-04-15
21,IL74008M,2115295,찬성,2022-04-15
21,8KF7223D,2115295,찬성,2022-04-15
21,8P37634C,2115295,찬성,2022-04-15
21,CNZ51556,2115295,불참,2022-04-15
21,N4R2421C,2115295,반대,2022-04-15
21,GDG1847Z,2115295,찬성,2022-04-15
21,P2N4585G,2115295,기권,2022-04-15
21,O7R5461J,2115295,찬성,2022-04-15
21,TVF3669B,2115295,불참,2022-04-15
21,JMY9959W,2115295,찬성,2022-04-15
21,6AR6743G,2115295,반대,2022-04-15
21,6AU2417B,2115295,찬성,2022-04-15
21,8VJ8533R,2115295,불참,2022-04-15
21,B7D7534L,2115295,찬성,2022-04-15
21,GX22581L,2115295,불참,2022-04-15
21,SE233396,2115295,찬성,2022-04-15
21,AFH96856,2115295,찬성,2022-04-15
21,52P3934K,2115295,불참,2022-04-15
21,B7H6207C,2115295,반대,2022-04-15
21,6399076T,2115295,찬성,2022-04-15
21,4U29186R,2115295,기권,2022-04-15
21,WHV3448W,2115295,찬성,2022-04-15
21,O6D8329R,2115295,불참,2022-04-15
21,EVH1507C,2115295,찬성,2022-04-15
21,14M56632,2115295,불참,2022-04-15
21,5MD4184K,2115295,찬성,2022-04-15
21,5K93695T,2115295,기권,2022-04-15
21,DPZ7685X,2115295,불참,2022-04-15
21,6U243644,2115295,불참,2022-04-15
21,KFS1358P,2115295,찬성,2022-04-15
21,CAA7713A,2115295,찬성,2022-04-15
21,CZB4125D,2115295,불참,2022-04-15
21,Z6R3959C,2115295,찬성,2022-04-15
21,QUM8288K,2115295,반대,2022-04-15
21,S824682L,2115295,찬성,2022-04-15
21,Q9H5708M,2115295,찬성,2022-04-15
21,CFE3998F,2115295,불참,2022-04-15
21,MRK4871S,2115295,불참,2022-04-15
21,YKW37422,2115295,불참,2022-04-15
21,2NV6751W,2115295,찬성,2022-04-15
21,BM63269Y,2115295,불참,2022-04-15
21,M7O7878U,2115295,기권,2022-04-15
21,YLS4431M,2115295,기권,2022-04-15
21,MNZ4401T,2115295,찬성,2022-04-15
21,3ZR4438W,2115295,불참,2022-04-15
21,16D7652C,2115295,찬성,2022-04-15
21,KB04377U,2115295,찬성,2022-04-15
21,MLH1404S,2115295,불참,2022-04-15
21,XR24352K,2115295,찬성,2022-04-15
21,JEZ3130Q,2115295,기권,2022-04-15
21,GOC54665,2115295,찬성,2022-04-15
21,LJK4960Z,2115295,불참,2022-04-15
21,K3W33496,2115295,찬성,2022-04-15
21,21N57758,2115295,불참,2022-04-15
21,C7E79345,2115295,불참,2022-04-15
21,UQ282145,2115295,찬성,2022-04-15
21,TRE2429O,2115295,찬성,2022-04-15
21,E6U4345C,2115295,찬성,2022-04-15
21,7BM2933Y,2115295,찬성,2022-04-15
21,2UD1340H,2115295,불참,2022-04-15
21,9VR65006,2115295,찬성,2022-04-15
21,EMC8812P,2115295,불참,2022-04-15
21,XJC13432,2115295,기권,2022-04-15
21,D0C85236,2115295,불참,2022-04-15
21,XSP20229,2115295,불참,2022-04-15
21,T465023H,2115295,찬성,2022-04-15
21,3RW63706,2115295,불참,2022-04-15
21,FYI20317,2115295,찬성,2022-04-15
21,CNW5754J,2115295,찬성,2022-04-15
21,3249208I,2115295,찬성,2022-04-15
21,GX38539O,2115295,찬성,2022-04-15
21,XEF29171,2115295,불참,2022-04-15
21,QTW6852F,2115295,불참,2022-04-15
21,7XY7109I,2115295,불참,2022-04-15
21,TST4507I,2115295,찬성,2022-04-15
21,5KV82250,2115295,불참,2022-04-15
21,L7J93733,2115295,불참,2022-04-15
21,DAV7257X,2115295,찬성,2022-04-15
21,LT72093S,2115295,찬성,2022-04-15
21,GE71932C,2115295,불참,2022-04-15
21,1MU99298,2115295,찬성,2022-04-15
21,FDC3144T,2115295,찬성,2022-04-15
21,17M85910,2115295,찬성,2022-04-15
21,G152611B,2115295,불참,2022-04-15
21,I7R13867,2115295,찬성,2022-04-15
21,G1570880,2115295,찬성,2022-04-15
21,FOK3459D,2115295,찬성,2022-04-15
21,QUO78839,2115295,불참,2022-04-15
21,BT62420K,2115295,찬성,2022-04-15
21,LPB30152,2115295,찬성,2022-04-15
21,MD083627,2115295,찬성,2022-04-15
21,TZP9391O,2115295,불참,2022-04-15
21,6V37131U,2115295,불참,2022-04-15
21,OSV9142K,2115295,반대,2022-04-15
21,ZDP5704Q,2115295,반대,2022-04-15
21,71J2365L,2115295,찬성,2022-04-15
21,E1J8836Y,2115295,불참,2022-04-15
21,RD42006Y,2115295,찬성,2022-04-15
21,6EN68926,2115295,찬성,2022-04-15
21,1BX7234U,2115295,찬성,2022-04-15
21,QHL3248U,2115295,찬성,2022-04-15
21,TJW93720,2115295,찬성,2022-04-15
21,9S151177,2115295,찬성,2022-04-15
21,TZ228122,2115295,찬성,2022-04-15
21,9V18755A,2115295,찬성,2022-04-15
21,XA42275R,2115295,찬성,2022-04-15
21,PO64874I,2115295,불참,2022-04-15
21,VHK3402G,2115295,불참,2022-04-15
21,N9X9673B,2115295,찬성,2022-04-15
21,E9R4507P,2115295,불참,2022-04-15
21,UHB5553T,2115295,찬성,2022-04-15
21,J9S37905,2115295,찬성,2022-04-15
21,A494529E,2115295,찬성,2022-04-15
21,VRY5522V,2115295,찬성,2022-04-15
21,0PK7354M,2115295,찬성,2022-04-15
21,O0I2045I,2115295,찬성,2022-04-15
21,UGH6481E,2115295,찬성,2022-04-15
21,W4X85128,2115295,불참,2022-04-15
21,JZY9937U,2115295,불참,2022-04-15
21,HSS7466Y,2115295,찬성,2022-04-15
21,FU53642G,2115295,찬성,2022-04-15
21,8VY63414,2115295,기권,2022-04-15
21,QQP4727N,2115295,불참,2022-04-15
21,BCQ55105,2115295,불참,2022-04-15
21,9L57027L,2115295,불참,2022-04-15
21,5UN9725L,2115295,불참,2022-04-15
21,M2Q9024I,2115295,찬성,2022-04-15
21,DBA1057Z,2115295,반대,2022-04-15
21,CI15627C,2115295,찬성,2022-04-15
21,4019850M,2115295,찬성,2022-04-15
21,9YO73104,2115295,찬성,2022-04-15
21,CDL93608,2115295,불참,2022-04-15
21,X7I4680R,2115295,불참,2022-04-15
21,RQQ3807K,2115295,찬성,2022-04-15
21,FH777496,2115295,찬성,2022-04-15
21,8X15119P,2115295,불참,2022-04-15
21,ZYP7962W,2115295,불참,2022-04-15
21,8Q88373R,2115295,찬성,2022-04-15
21,WVU2479T,2115295,찬성,2022-04-15
21,9D939735,2115295,불참,2022-04-15
21,JC14718Q,2115295,찬성,2022-04-15
21,6YT83269,2115295,찬성,2022-04-15
21,SQ36001H,2115295,불참,2022-04-15
21,9LD2641Q,2115295,불참,2022-04-15
21,B7R2742J,2115295,찬성,2022-04-15
21,FJK3396E,2115295,불참,2022-04-15
21,7O71647Z,2115295,찬성,2022-04-15
21,W1Q6753M,2115295,찬성,2022-04-15
21,FIC9046Z,2115295,찬성,2022-04-15
21,NLR6572J,2115295,찬성,2022-04-15
21,L7T64271,2115295,찬성,2022-04-15
21,4X525582,2115295,불참,2022-04-15
21,GKD32201,2115295,찬성,2022-04-15
21,S741317G,2115295,반대,2022-04-15
21,CCU1009B,2115295,찬성,2022-04-15
21,MU69217P,2115295,찬성,2022-04-15
21,66W6739S,2115295,기권,2022-04-15
21,DAY6557K,2115295,불참,2022-04-15
21,A0P4646G,2115295,찬성,2022-04-15
21,A2V51235,2115295,찬성,2022-04-15
21,1X376850,2115295,불참,2022-04-15
21,OFE45081,2115295,찬성,2022-04-15
21,09I2323E,2115295,불참,2022-04-15
21,A3H7195R,2115295,찬성,2022-04-15
21,NZF1659U,2115295,불참,2022-04-15
21,SRP7336N,2115295,불참,2022-04-15
21,5765663F,2115295,찬성,2022-04-15
21,ZKU88693,2115295,찬성,2022-04-15
21,KNM3215T,2115295,찬성,2022-04-15
21,M7T9712V,2115295,찬성,2022-04-15
21,UM51067K,2115295,찬성,2022-04-15
21,1WE5693J,2115295,찬성,2022-04-15
21,MY318392,2115295,찬성,2022-04-15
21,4T026790,2115295,찬성,2022-04-15
21,0WL9321T,2115295,찬성,2022-04-15
21,8348421R,2115295,찬성,2022-04-15
21,40E3739H,2115295,반대,2022-04-15
21,6RM29022,2115295,찬성,2022-04-15
21,ZA54991S,2115295,불참,2022-04-15
21,0827740Q,2115295,찬성,2022-04-15
21,X1K3667J,2115295,찬성,2022-04-15
21,3425169D,2115295,찬성,2022-04-15
21,ICH23251,2115295,찬성,2022-04-15
21,25I8709Q,2115295,찬성,2022-04-15
21,BLC8630L,2115295,찬성,2022-04-15
21,NAL4555X,2115295,불참,2022-04-15
21,OW53107J,2115295,찬성,2022-04-15
21,DAN6731C,2115295,반대,2022-04-15
21,VG24001G,2115295,찬성,2022-04-15
21,Z7Y7827F,2115295,찬성,2022-04-15
21,FU87526G,2115295,불참,2022-04-15
21,8SV6917G,2115295,반대,2022-04-15
21,8FC9697X,2115295,찬성,2022-04-15
21,68P7228G,2115295,불참,2022-04-15
21,XPP2564T,2115295,불참,2022-04-15
21,FRN1867O,2115295,찬성,2022-04-15
21,GAV6441G,2115295,찬성,2022-04-15
21,0YT3774N,2115295,불참,2022-04-15
21,7JC3239L,2115295,불참,2022-04-15
21,40S1959J,2115295,찬성,2022-04-15
21,3C23171A,2115295,찬성,2022-04-15
21,7R156073,2115295,불참,2022-04-15
21,J2O8643H,2115295,찬성,2022-04-15
21,VCP96419,2115295,찬성,2022-04-15
21,F5Y4026Q,2115295,찬성,2022-04-15
21,1Y73132H,2115295,불참,2022-04-15
21,I0S53762,2115295,불참,2022-04-15
21,LH97552Q,2115295,불참,2022-04-15
21,TKJ4800F,2115295,불참,2022-04-15
21,04T3751T,2115295,찬성,2022-04-15
21,MSY7784L,2115295,불참,2022-04-15
21,K5F2023J,2115295,찬성,2022-04-15
21,FIC9046Z,2110253,찬성,2021-05-21
21,JNL7001A,2110253,불참,2021-05-21
21,4X525582,2110253,불참,2021-05-21
21,GKD32201,2110253,찬성,2021-05-21
21,G7512472,2110253,찬성,2021-05-21
21,S741317G,2110253,찬성,2021-05-21
21,CCU1009B,2110253,찬성,2021-05-21
21,MU69217P,2110253,찬성,2021-05-21
21,2N793392,2110253,찬성,2021-05-21
21,66W6739S,2110253,찬성,2021-05-21
21,QD25323M,2110253,찬성,2021-05-21
21,DAY6557K,2110253,찬성,2021-05-21
21,GP07421U,2110253,찬성,2021-05-21
21,FGI27280,2110253,찬성,2021-05-21
21,4XG1439M,2110253,찬성,2021-05-21
21,A0P4646G,2110253,불참,2021-05-21
21,7I09543O,2110253,찬성,2021-05-21
21,1X376850,2110253,찬성,2021-05-21
21,3DK8989T,2110253,찬성,2021-05-21
21,7469929V,2110253,찬성,2021-05-21
21,D4L60530,2110253,찬성,2021-05-21
21,09I2323E,2110253,찬성,2021-05-21
21,A3H7195R,2110253,찬성,2021-05-21
21,ZYH1940A,2110253,찬성,2021-05-21
21,M0A1658U,2110253,찬성,2021-05-21
21,HSW1214Q,2110253,찬성,2021-05-21
21,NZF1659U,2110253,기권,2021-05-21
21,WDS6044S,2110253,찬성,2021-05-21
21,ZDR63255,2110253,찬성,2021-05-21
21,SRP7336N,2110253,찬성,2021-05-21
21,5765663F,2110253,찬성,2021-05-21
21,GFF1986K,2110253,찬성,2021-05-21
21,WJL30106,2110253,찬성,2021-05-21
21,5KV96424,2110253,찬성,2021-05-21
21,KNM3215T,2110253,찬성,2021-05-21
21,60490713,2110253,찬성,2021-05-21
21,1WE5693J,2110253,찬성,2021-05-21
21,MY318392,2110253,찬성,2021-05-21
21,4T026790,2110253,찬성,2021-05-21
21,EH27538E,2110253,찬성,2021-05-21
21,WFU14784,2110253,찬성,2021-05-21
21,SU53086M,2110253,찬성,2021-05-21
21,PZA4062H,2110253,찬성,2021-05-21
21,GF286398,2110253,찬성,2021-05-21
21,4L695580,2110253,불참,2021-05-21
21,40E3739H,2110253,찬성,2021-05-21
21,HXT76735,2110253,찬성,2021-05-21
21,RPN2293B,2110253,찬성,2021-05-21
21,V429892C,2110253,찬성,2021-05-21
21,XBT9550Q,2110253,찬성,2021-05-21
21,ZA54991S,2110253,찬성,2021-05-21
21,MO52543L,2110253,불참,2021-05-21
21,0827740Q,2110253,찬성,2021-05-21
21,X1K3667J,2110253,찬성,2021-05-21
21,I5I2468R,2110253,불참,2021-05-21
21,WTR5885Y,2110253,불참,2021-05-21
21,L5P27909,2110253,불참,2021-05-21
21,IOW1101J,2110253,찬성,2021-05-21
21,ICH23251,2110253,불참,2021-05-21
21,25I8709Q,2110253,찬성,2021-05-21
21,XWX1513T,2110253,찬성,2021-05-21
21,CT85313K,2110253,찬성,2021-05-21
21,PAO22428,2110253,찬성,2021-05-21
21,BLC8630L,2110253,찬성,2021-05-21
21,LG63087O,2110253,찬성,2021-05-21
21,PEP6922S,2110253,찬성,2021-05-21
21,DAN6731C,2110253,찬성,2021-05-21
21,VG24001G,2110253,불참,2021-05-21
21,L2I9861C,2110253,불참,2021-05-21
21,WCD5518S,2110253,찬성,2021-05-21
21,SVH3899R,2110253,찬성,2021-05-21
21,I434361W,2110253,찬성,2021-05-21
21,Y7K5946R,2110253,찬성,2021-05-21
21,SBK1544B,2110253,찬성,2021-05-21
21,D6U6678O,2110253,찬성,2021-05-21
21,8FC9697X,2110253,찬성,2021-05-21
21,QKO6165V,2110253,불참,2021-05-21
21,GD131760,2110253,불참,2021-05-21
21,ZRF3039U,2110253,불참,2021-05-21
21,V0O5343U,2110253,찬성,2021-05-21
21,P0F1530P,2110253,찬성,2021-05-21
21,FRN1867O,2110253,찬성,2021-05-21
21,PFG2137X,2110253,불참,2021-05-21
21,UB114374,2110253,찬성,2021-05-21
21,GAV6441G,2110253,기권,2021-05-21
21,7JC3239L,2110253,찬성,2021-05-21
21,8KF7223D,2110253,찬성,2021-05-21
21,8P37634C,2110253,찬성,2021-05-21
21,CNZ51556,2110253,찬성,2021-05-21
21,N4R2421C,2110253,불참,2021-05-21
21,GDG1847Z,2110253,찬성,2021-05-21
21,O7R5461J,2110253,찬성,2021-05-21
21,TVF3669B,2110253,불참,2021-05-21
21,JMY9959W,2110253,찬성,2021-05-21
21,6AR6743G,2110253,찬성,2021-05-21
21,J2O8643H,2110253,찬성,2021-05-21
21,VCP96419,2110253,찬성,2021-05-21
21,8VJ8533R,2110253,찬성,2021-05-21
21,B7D7534L,2110253,찬성,2021-05-21
21,SE233396,2110253,찬성,2021-05-21
21,52P3934K,2110253,불참,2021-05-21
21,B7H6207C,2110253,찬성,2021-05-21
21,6399076T,2110253,찬성,2021-05-21
21,4U29186R,2110253,찬성,2021-05-21
21,F5Y4026Q,2110253,불참,2021-05-21
21,WHV3448W,2110253,찬성,2021-05-21
21,1Y73132H,2110253,불참,2021-05-21
21,LH97552Q,2110253,찬성,2021-05-21
21,O6D8329R,2110253,불참,2021-05-21
21,MSY7784L,2110253,불참,2021-05-21
21,14M56632,2110253,불참,2021-05-21
21,N9X9673B,2110253,찬성,2021-05-21
21,5MD4184K,2110253,찬성,2021-05-21
21,TP066860,2110253,찬성,2021-05-21
21,5K93695T,2110253,찬성,2021-05-21
21,KFS1358P,2110253,찬성,2021-05-21
21,J9S37905,2110253,찬성,2021-05-21
21,A494529E,2110253,찬성,2021-05-21
21,VRY5522V,2110253,찬성,2021-05-21
21,CAA7713A,2110253,찬성,2021-05-21
21,0PK7354M,2110253,찬성,2021-05-21
21,CZB4125D,2110253,찬성,2021-05-21
21,Z6R3959C,2110253,불참,2021-05-21
21,S824682L,2110253,찬성,2021-05-21
21,Q9H5708M,2110253,불참,2021-05-21
21,CFE3998F,2110253,불참,2021-05-21
21,MRK4871S,2110253,찬성,2021-05-21
21,YKW37422,2110253,불참,2021-05-21
21,2NV6751W,2110253,찬성,2021-05-21
21,BM63269Y,2110253,불참,2021-05-21
21,M7O7878U,2110253,찬성,2021-05-21
21,3ZR4438W,2110253,불참,2021-05-21
21,16D7652C,2110253,불참,2021-05-21
21,MLH1404S,2110253,찬성,2021-05-21
21,8VY63414,2110253,찬성,2021-05-21
21,XR24352K,2110253,찬성,2021-05-21
21,QQP4727N,2110253,찬성,2021-05-21
21,IUL4848V,2110253,찬성,2021-05-21
21,JEZ3130Q,2110253,찬성,2021-05-21
21,BCQ55105,2110253,찬성,2021-05-21
21,GOC54665,2110253,불참,2021-05-21
21,LJK4960Z,2110253,찬성,2021-05-21
21,M2Q9024I,2110253,찬성,2021-05-21
21,CI15627C,2110253,찬성,2021-05-21
21,C7E79345,2110253,불참,2021-05-21
21,4019850M,2110253,찬성,2021-05-21
21,UQ282145,2110253,불참,2021-05-21
21,9YO73104,2110253,찬성,2021-05-21
21,TRE2429O,2110253,찬성,2021-05-21
21,E6U4345C,2110253,찬성,2021-05-21
21,7BM2933Y,2110253,찬성,2021-05-21
21,CDL93608,2110253,찬성,2021-05-21
21,2UD1340H,2110253,찬성,2021-05-21
21,X7I4680R,2110253,찬성,2021-05-21
21,EMC8812P,2110253,찬성,2021-05-21
21,XJC13432,2110253,찬성,2021-05-21
21,XSP20229,2110253,찬성,2021-05-21
21,T465023H,2110253,찬성,2021-05-21
21,RQQ3807K,2110253,찬성,2021-05-21
21,FH777496,2110253,찬성,2021-05-21
21,ZYP7962W,2110253,불참,2021-05-21
21,GX38539O,2110253,찬성,2021-05-21
21,QTW6852F,2110253,찬성,2021-05-21
21,7XY7109I,2110253,찬성,2021-05-21
21,TST4507I,2110253,찬성,2021-05-21
21,JC14718Q,2110253,찬성,2021-05-21
21,5KV82250,2110253,불참,2021-05-21
21,L7J93733,2110253,찬성,2021-05-21
21,LT72093S,2110253,찬성,2021-05-21
21,GE71932C,2110253,불참,2021-05-21
21,6YT83269,2110253,불참,2021-05-21
21,1MU99298,2110253,찬성,2021-05-21
21,FDC3144T,2110253,찬성,2021-05-21
21,17M85910,2110253,찬성,2021-05-21
21,G152611B,2110253,찬성,2021-05-21
21,9LD2641Q,2110253,찬성,2021-05-21
21,QUO78839,2110253,찬성,2021-05-21
21,BT62420K,2110253,찬성,2021-05-21
21,6V37131U,2110253,찬성,2021-05-21
21,FJK3396E,2110253,찬성,2021-05-21
21,71J2365L,2110253,불참,2021-05-21
21,E1J8836Y,2110253,찬성,2021-05-21
21,RD42006Y,2110253,찬성,2021-05-21
21,1BX7234U,2110253,찬성,2021-05-21
21,QHL3248U,2110253,찬성,2021-05-21
21,AE685067,2110253,불참,2021-05-21
21,TZ228122,2110253,찬성,2021-05-21
21,9V18755A,2110253,찬성,2021-05-21
21,XA42275R,2110253,찬성,2021-05-21
21,PO64874I,2110253,불참,2021-05-21
21,6U243644,2110253,찬성,2021-05-21
21,E9R4507P,2110253,찬성,2021-05-21
21,UHB5553T,2110253,찬성,2021-05-21
21,O0I2045I,2110253,찬성,2021-05-21
21,QUM8288K,2110253,불참,2021-05-21
21,UGH6481E,2110253,불참,2021-05-21
21,W4X85128,2110253,찬성,2021-05-21
21,JZY9937U,2110253,찬성,2021-05-21
21,YLS4431M,2110253,찬성,2021-05-21
21,MNZ4401T,2110253,찬성,2021-05-21
21,HSS7466Y,2110253,찬성,2021-05-21
21,KB04377U,2110253,찬성,2021-05-21
21,FU53642G,2110253,찬성,2021-05-21
21,9L57027L,2110253,찬성,2021-05-21
21,5UN9725L,2110253,불참,2021-05-21
21,K3W33496,2110253,찬성,2021-05-21
21,DBA1057Z,2110253,불참,2021-05-21
21,21N57758,2110253,찬성,2021-05-21
21,9VR65006,2110253,불참,2021-05-21
21,D0C85236,2110253,찬성,2021-05-21
21,3RW63706,2110253,찬성,2021-05-21
21,FYI20317,2110253,찬성,2021-05-21
21,8X15119P,2110253,불참,2021-05-21
21,CNW5754J,2110253,불참,2021-05-21
21,3249208I,2110253,불참,2021-05-21
21,8Q88373R,2110253,찬성,2021-05-21
21,XEF29171,2110253,찬성,2021-05-21
21,WVU2479T,2110253,찬성,2021-05-21
21,9D939735,2110253,불참,2021-05-21
21,DAV7257X,2110253,찬성,2021-05-21
21,I7R13867,2110253,찬성,2021-05-21
21,SQ36001H,2110253,찬성,2021-05-21
21,G1570880,2110253,찬성,2021-05-21
21,FOK3459D,2110253,찬성,2021-05-21
21,LPB30152,2110253,찬성,2021-05-21
21,MD083627,2110253,찬성,2021-05-21
21,TZP9391O,2110253,찬성,2021-05-21
21,OSV9142K,2110253,찬성,2021-05-21
21,B7R2742J,2110253,찬성,2021-05-21
21,ZDP5704Q,2110253,찬성,2021-05-21
21,7O71647Z,2110253,찬성,2021-05-21
21,W1Q6753M,2110253,찬성,2021-05-21
21,MHK9919B,2110253,불참,2021-05-21
21,6EN68926,2110253,불참,2021-05-21
21,TJW93720,2110253,찬성,2021-05-21
21,9S151177,2110253,찬성,2021-05-21
21,L7T64271,2110253,찬성,2021-05-21
21,3TO11703,2110253,찬성,2021-05-21
21,LM13674V,2110253,찬성,2021-05-21
21,USR7059P,2110253,찬성,2021-05-21
21,P2N50879,2110253,찬성,2021-05-21
21,A2V51235,2110253,찬성,2021-05-21
21,M6H1705E,2110253,찬성,2021-05-21
21,OFE45081,2110253,찬성,2021-05-21
21,NTT8182Q,2110253,찬성,2021-05-21
21,0VU8517U,2110253,불참,2021-05-21
21,3BC6890E,2110253,찬성,2021-05-21
21,KR14136C,2110253,불참,2021-05-21
21,ZKU88693,2110253,찬성,2021-05-21
21,M7T9712V,2110253,찬성,2021-05-21
21,UM51067K,2110253,불참,2021-05-21
21,HKJ99607,2110253,찬성,2021-05-21
21,X3170462,2110253,찬성,2021-05-21
21,8FB1535Y,2110253,찬성,2021-05-21
21,0WL9321T,2110253,찬성,2021-05-21
21,MR210505,2110253,찬성,2021-05-21
21,8348421R,2110253,찬성,2021-05-21
21,H5476989,2110253,찬성,2021-05-21
21,JQA21112,2110253,찬성,2021-05-21
21,0R68099X,2110253,찬성,2021-05-21
21,4A067125,2110253,불참,2021-05-21
21,2385336L,2110253,찬성,2021-05-21
21,IN328264,2110253,찬성,2021-05-21
21,0W194007,2110253,찬성,2021-05-21
21,WMG57662,2110253,불참,2021-05-21
21,NCP9875N,2110253,찬성,2021-05-21
21,3425169D,2110253,찬성,2021-05-21
21,OIA3741M,2110253,찬성,2021-05-21
21,6MO8786S,2110253,찬성,2021-05-21
21,NQR1206Q,2110253,찬성,2021-05-21
21,0767470D,2110253,불참,2021-05-21
21,NAL4555X,2110253,불참,2021-05-21
21,OW53107J,2110253,찬성,2021-05-21
21,IOW8224X,2110253,찬성,2021-05-21
21,9JF4562W,2110253,찬성,2021-05-21
21,Z7Y7827F,2110253,찬성,2021-05-21
21,ATB59635,2110253,불참,2021-05-21
21,KUO3574J,2110253,찬성,2021-05-21
21,FU87526G,2110253,찬성,2021-05-21
21,S9U45255,2110253,불참,2021-05-21
21,8SV6917G,2110253,불참,2021-05-21
21,68P7228G,2110253,찬성,2021-05-21
21,XPP2564T,2110253,불참,2021-05-21
21,LQW3652K,2110253,불참,2021-05-21
21,RO593601,2110253,찬성,2021-05-21
21,0YT3774N,2110253,찬성,2021-05-21
21,40S1959J,2110253,찬성,2021-05-21
21,IL74008M,2110253,찬성,2021-05-21
21,3C23171A,2110253,찬성,2021-05-21
21,P2N4585G,2110253,찬성,2021-05-21
21,7R156073,2110253,불참,2021-05-21
21,6AU2417B,2110253,찬성,2021-05-21
21,GX22581L,2110253,찬성,2021-05-21
21,AFH96856,2110253,찬성,2021-05-21
21,I0S53762,2110253,불참,2021-05-21
21,TKJ4800F,2110253,찬성,2021-05-21
21,04T3751T,2110253,찬성,2021-05-21
21,EVH1507C,2110253,찬성,2021-05-21
21,K5F2023J,2110253,찬성,2021-05-21
21,DPZ7685X,2110253,찬성,2021-05-21
21,IUL4848V,2106813,반대,2021-04-29
21,JEZ3130Q,2106813,반대,2021-04-29
21,BCQ55105,2106813,찬성,2021-04-29
21,GOC54665,2106813,찬성,2021-04-29
21,LJK4960Z,2106813,기권,2021-04-29
21,K3W33496,2106813,찬성,2021-04-29
21,CI15627C,2106813,불참,2021-04-29
21,21N57758,2106813,불참,2021-04-29
21,C7E79345,2106813,불참,2021-04-29
21,UQ282145,2106813,찬성,2021-04-29
21,TRE2429O,2106813,찬성,2021-04-29
21,CDL93608,2106813,기권,2021-04-29
21,2UD1340H,2106813,찬성,2021-04-29
21,EMC8812P,2106813,반대,2021-04-29
21,XJC13432,2106813,찬성,2021-04-29
21,T465023H,2106813,찬성,2021-04-29
21,RQQ3807K,2106813,찬성,2021-04-29
21,FH777496,2106813,찬성,2021-04-29
21,FYI20317,2106813,찬성,2021-04-29
21,ZYP7962W,2106813,불참,2021-04-29
21,WVU2479T,2106813,찬성,2021-04-29
21,9D939735,2106813,찬성,2021-04-29
21,QTW6852F,2106813,기권,2021-04-29
21,7XY7109I,2106813,찬성,2021-04-29
21,TST4507I,2106813,찬성,2021-04-29
21,JC14718Q,2106813,찬성,2021-04-29
21,5KV82250,2106813,찬성,2021-04-29
21,L7J93733,2106813,찬성,2021-04-29
21,LT72093S,2106813,찬성,2021-04-29
21,6YT83269,2106813,찬성,2021-04-29
21,1MU99298,2106813,찬성,2021-04-29
21,FDC3144T,2106813,불참,2021-04-29
21,17M85910,2106813,찬성,2021-04-29
21,SQ36001H,2106813,찬성,2021-04-29
21,9LD2641Q,2106813,찬성,2021-04-29
21,FOK3459D,2106813,찬성,2021-04-29
21,QUO78839,2106813,찬성,2021-04-29
21,BT62420K,2106813,찬성,2021-04-29
21,TZP9391O,2106813,찬성,2021-04-29
21,6V37131U,2106813,불참,2021-04-29
21,FJK3396E,2106813,찬성,2021-04-29
21,71J2365L,2106813,불참,2021-04-29
21,E1J8836Y,2106813,찬성,2021-04-29
21,RD42006Y,2106813,불참,2021-04-29
21,6EN68926,2106813,불참,2021-04-29
21,1BX7234U,2106813,찬성,2021-04-29
21,QHL3248U,2106813,찬성,2021-04-29
21,AE685067,2106813,찬성,2021-04-29
21,TZ228122,2106813,찬성,2021-04-29
21,9V18755A,2106813,찬성,2021-04-29
21,PO64874I,2106813,불참,2021-04-29
21,WCD5518S,2106813,찬성,2021-04-29
21,SVH3899R,2106813,찬성,2021-04-29
21,I434361W,2106813,불참,2021-04-29
21,9JF4562W,2106813,찬성,2021-04-29
21,Y7K5946R,2106813,반대,2021-04-29
21,SBK1544B,2106813,찬성,2021-04-29
21,8SV6917G,2106813,기권,2021-04-29
21,8FC9697X,2106813,찬성,2021-04-29
21,QKO6165V,2106813,찬성,2021-04-29
21,GD131760,2106813,불참,2021-04-29
21,ZRF3039U,2106813,찬성,2021-04-29
21,V0O5343U,2106813,찬성,2021-04-29
21,P0F1530P,2106813,불참,2021-04-29
21,FRN1867O,2106813,찬성,2021-04-29
21,PFG2137X,2106813,찬성,2021-04-29
21,UB114374,2106813,반대,2021-04-29
21,GAV6441G,2106813,찬성,2021-04-29
21,7JC3239L,2106813,찬성,2021-04-29
21,IL74008M,2106813,찬성,2021-04-29
21,8KF7223D,2106813,찬성,2021-04-29
21,8P37634C,2106813,찬성,2021-04-29
21,CNZ51556,2106813,찬성,2021-04-29
21,N4R2421C,2106813,불참,2021-04-29
21,GDG1847Z,2106813,불참,2021-04-29
21,O7R5461J,2106813,찬성,2021-04-29
21,TVF3669B,2106813,불참,2021-04-29
21,6AR6743G,2106813,찬성,2021-04-29
21,VCP96419,2106813,찬성,2021-04-29
21,8VJ8533R,2106813,기권,2021-04-29
21,GX22581L,2106813,기권,2021-04-29
21,SE233396,2106813,찬성,2021-04-29
21,52P3934K,2106813,불참,2021-04-29
21,B7H6207C,2106813,불참,2021-04-29
21,6399076T,2106813,찬성,2021-04-29
21,4U29186R,2106813,찬성,2021-04-29
21,F5Y4026Q,2106813,찬성,2021-04-29
21,WHV3448W,2106813,찬성,2021-04-29
21,1Y73132H,2106813,찬성,2021-04-29
21,O6D8329R,2106813,찬성,2021-04-29
21,MSY7784L,2106813,불참,2021-04-29
21,5MD4184K,2106813,찬성,2021-04-29
21,TP066860,2106813,찬성,2021-04-29
21,5K93695T,2106813,찬성,2021-04-29
21,KFS1358P,2106813,찬성,2021-04-29
21,A494529E,2106813,찬성,2021-04-29
21,VRY5522V,2106813,찬성,2021-04-29
21,CAA7713A,2106813,불참,2021-04-29
21,0PK7354M,2106813,찬성,2021-04-29
21,CZB4125D,2106813,불참,2021-04-29
21,Z6R3959C,2106813,찬성,2021-04-29
21,UGH6481E,2106813,찬성,2021-04-29
21,S824682L,2106813,찬성,2021-04-29
21,Q9H5708M,2106813,찬성,2021-04-29
21,CFE3998F,2106813,불참,2021-04-29
21,MRK4871S,2106813,찬성,2021-04-29
21,YKW37422,2106813,불참,2021-04-29
21,2NV6751W,2106813,찬성,2021-04-29
21,BM63269Y,2106813,불참,2021-04-29
21,M7O7878U,2106813,찬성,2021-04-29
21,3ZR4438W,2106813,불참,2021-04-29
21,HSS7466Y,2106813,찬성,2021-04-29
21,8VY63414,2106813,찬성,2021-04-29
21,XR24352K,2106813,찬성,2021-04-29
21,QQP4727N,2106813,반대,2021-04-29
21,FIC9046Z,2106813,찬성,2021-04-29
21,JNL7001A,2106813,찬성,2021-04-29
21,GKD32201,2106813,찬성,2021-04-29
21,G7512472,2106813,찬성,2021-04-29
21,S741317G,2106813,불참,2021-04-29
21,CCU1009B,2106813,찬성,2021-04-29
21,2N793392,2106813,찬성,2021-04-29
21,66W6739S,2106813,기권,2021-04-29
21,QD25323M,2106813,불참,2021-04-29
21,DAY6557K,2106813,찬성,2021-04-29
21,4XG1439M,2106813,찬성,2021-04-29
21,A0P4646G,2106813,불참,2021-04-29
21,7I09543O,2106813,찬성,2021-04-29
21,1X376850,2106813,반대,2021-04-29
21,3DK8989T,2106813,불참,2021-04-29
21,7469929V,2106813,기권,2021-04-29
21,D4L60530,2106813,찬성,2021-04-29
21,09I2323E,2106813,찬성,2021-04-29
21,NTT8182Q,2106813,찬성,2021-04-29
21,ZYH1940A,2106813,찬성,2021-04-29
21,M0A1658U,2106813,찬성,2021-04-29
21,NZF1659U,2106813,찬성,2021-04-29
21,WDS6044S,2106813,기권,2021-04-29
21,ZDR63255,2106813,불참,2021-04-29
21,SRP7336N,2106813,찬성,2021-04-29
21,GFF1986K,2106813,찬성,2021-04-29
21,WJL30106,2106813,찬성,2021-04-29
21,5KV96424,2106813,찬성,2021-04-29
21,KNM3215T,2106813,찬성,2021-04-29
21,1WE5693J,2106813,찬성,2021-04-29
21,MY318392,2106813,찬성,2021-04-29
21,4T026790,2106813,찬성,2021-04-29
21,EH27538E,2106813,찬성,2021-04-29
21,WFU14784,2106813,불참,2021-04-29
21,SU53086M,2106813,찬성,2021-04-29
21,0WL9321T,2106813,찬성,2021-04-29
21,PZA4062H,2106813,기권,2021-04-29
21,GF286398,2106813,찬성,2021-04-29
21,H5476989,2106813,찬성,2021-04-29
21,4L695580,2106813,찬성,2021-04-29
21,40E3739H,2106813,찬성,2021-04-29
21,HXT76735,2106813,찬성,2021-04-29
21,RPN2293B,2106813,찬성,2021-04-29
21,V429892C,2106813,찬성,2021-04-29
21,IN328264,2106813,불참,2021-04-29
21,XBT9550Q,2106813,찬성,2021-04-29
21,ZA54991S,2106813,찬성,2021-04-29
21,MO52543L,2106813,찬성,2021-04-29
21,0827740Q,2106813,찬성,2021-04-29
21,X1K3667J,2106813,찬성,2021-04-29
21,I5I2468R,2106813,찬성,2021-04-29
21,WTR5885Y,2106813,찬성,2021-04-29
21,IOW1101J,2106813,찬성,2021-04-29
21,ICH23251,2106813,찬성,2021-04-29
21,25I8709Q,2106813,찬성,2021-04-29
21,XWX1513T,2106813,찬성,2021-04-29
21,CT85313K,2106813,반대,2021-04-29
21,BLC8630L,2106813,불참,2021-04-29
21,0767470D,2106813,찬성,2021-04-29
21,LG63087O,2106813,불참,2021-04-29
21,PEP6922S,2106813,찬성,2021-04-29
21,DAN6731C,2106813,반대,2021-04-29
21,VG24001G,2106813,불참,2021-04-29
21,L2I9861C,2106813,찬성,2021-04-29
21,L7T64271,2106813,찬성,2021-04-29
21,4X525582,2106813,불참,2021-04-29
21,3TO11703,2106813,찬성,2021-04-29
21,MU69217P,2106813,반대,2021-04-29
21,LM13674V,2106813,불참,2021-04-29
21,GP07421U,2106813,찬성,2021-04-29
21,FGI27280,2106813,찬성,2021-04-29
21,USR7059P,2106813,찬성,2021-04-29
21,P2N50879,2106813,찬성,2021-04-29
21,A2V51235,2106813,찬성,2021-04-29
21,M6H1705E,2106813,찬성,2021-04-29
21,OFE45081,2106813,찬성,2021-04-29
21,A3H7195R,2106813,찬성,2021-04-29
21,0VU8517U,2106813,불참,2021-04-29
21,HSW1214Q,2106813,찬성,2021-04-29
21,3BC6890E,2106813,불참,2021-04-29
21,KR14136C,2106813,찬성,2021-04-29
21,5765663F,2106813,찬성,2021-04-29
21,ZKU88693,2106813,찬성,2021-04-29
21,M7T9712V,2106813,불참,2021-04-29
21,60490713,2106813,찬성,2021-04-29
21,UM51067K,2106813,찬성,2021-04-29
21,HKJ99607,2106813,찬성,2021-04-29
21,X3170462,2106813,불참,2021-04-29
21,8FB1535Y,2106813,찬성,2021-04-29
21,MR210505,2106813,찬성,2021-04-29
21,8348421R,2106813,기권,2021-04-29
21,JQA21112,2106813,불참,2021-04-29
21,0R68099X,2106813,찬성,2021-04-29
21,4A067125,2106813,찬성,2021-04-29
21,2385336L,2106813,찬성,2021-04-29
21,0W194007,2106813,찬성,2021-04-29
21,WMG57662,2106813,찬성,2021-04-29
21,NCP9875N,2106813,찬성,2021-04-29
21,L5P27909,2106813,불참,2021-04-29
21,3425169D,2106813,불참,2021-04-29
21,OIA3741M,2106813,찬성,2021-04-29
21,6MO8786S,2106813,기권,2021-04-29
21,PAO22428,2106813,찬성,2021-04-29
21,NQR1206Q,2106813,찬성,2021-04-29
21,NAL4555X,2106813,불참,2021-04-29
21,OW53107J,2106813,찬성,2021-04-29
21,IOW8224X,2106813,찬성,2021-04-29
21,Z7Y7827F,2106813,찬성,2021-04-29
21,ATB59635,2106813,찬성,2021-04-29
21,KUO3574J,2106813,찬성,2021-04-29
21,D6U6678O,2106813,찬성,2021-04-29
21,FU87526G,2106813,기권,2021-04-29
21,S9U45255,2106813,찬성,2021-04-29
21,68P7228G,2106813,찬성,2021-04-29
21,XPP2564T,2106813,불참,2021-04-29
21,LQW3652K,2106813,반대,2021-04-29
21,RO593601,2106813,찬성,2021-04-29
21,0YT3774N,2106813,찬성,2021-04-29
21,40S1959J,2106813,찬성,2021-04-29
21,3C23171A,2106813,찬성,2021-04-29
21,P2N4585G,2106813,찬성,2021-04-29
21,JMY9959W,2106813,찬성,2021-04-29
21,7R156073,2106813,불참,2021-04-29
21,J2O8643H,2106813,찬성,2021-04-29
21,6AU2417B,2106813,찬성,2021-04-29
21,B7D7534L,2106813,찬성,2021-04-29
21,AFH96856,2106813,찬성,2021-04-29
21,I0S53762,2106813,불참,2021-04-29
21,LH97552Q,2106813,찬성,2021-04-29
21,TKJ4800F,2106813,찬성,2021-04-29
21,04T3751T,2106813,찬성,2021-04-29
21,EVH1507C,2106813,찬성,2021-04-29
21,K5F2023J,2106813,찬성,2021-04-29
21,14M56632,2106813,불참,2021-04-29
21,N9X9673B,2106813,불참,2021-04-29
21,DPZ7685X,2106813,찬성,2021-04-29
21,6U243644,2106813,찬성,2021-04-29
21,E9R4507P,2106813,찬성,2021-04-29
21,UHB5553T,2106813,찬성,2021-04-29
21,J9S37905,2106813,기권,2021-04-29
21,O0I2045I,2106813,찬성,2021-04-29
21,QUM8288K,2106813,찬성,2021-04-29
21,W4X85128,2106813,기권,2021-04-29
21,JZY9937U,2106813,찬성,2021-04-29
21,YLS4431M,2106813,찬성,2021-04-29
21,MNZ4401T,2106813,불참,2021-04-29
21,16D7652C,2106813,찬성,2021-04-29
21,KB04377U,2106813,불참,2021-04-29
21,FU53642G,2106813,찬성,2021-04-29
21,MLH1404S,2106813,찬성,2021-04-29
21,9L57027L,2106813,반대,2021-04-29
21,5UN9725L,2106813,찬성,2021-04-29
21,M2Q9024I,2106813,찬성,2021-04-29
21,DBA1057Z,2106813,반대,2021-04-29
21,4019850M,2106813,찬성,2021-04-29
21,9YO73104,2106813,찬성,2021-04-29
21,E6U4345C,2106813,찬성,2021-04-29
21,7BM2933Y,2106813,찬성,2021-04-29
21,9VR65006,2106813,불참,2021-04-29
21,X7I4680R,2106813,불참,2021-04-29
21,D0C85236,2106813,기권,2021-04-29
21,XSP20229,2106813,찬성,2021-04-29
21,3RW63706,2106813,기권,2021-04-29
21,8X15119P,2106813,불참,2021-04-29
21,CNW5754J,2106813,찬성,2021-04-29
21,3249208I,2106813,기권,2021-04-29
21,GX38539O,2106813,찬성,2021-04-29
21,8Q88373R,2106813,찬성,2021-04-29
21,XEF29171,2106813,찬성,2021-04-29
21,DAV7257X,2106813,찬성,2021-04-29
21,GE71932C,2106813,찬성,2021-04-29
21,G152611B,2106813,불참,2021-04-29
21,I7R13867,2106813,찬성,2021-04-29
21,G1570880,2106813,찬성,2021-04-29
21,LPB30152,2106813,불참,2021-04-29
21,MD083627,2106813,불참,2021-04-29
21,OSV9142K,2106813,찬성,2021-04-29
21,B7R2742J,2106813,기권,2021-04-29
21,ZDP5704Q,2106813,기권,2021-04-29
21,7O71647Z,2106813,찬성,2021-04-29
21,W1Q6753M,2106813,찬성,2021-04-29
21,MHK9919B,2106813,찬성,2021-04-29
21,TJW93720,2106813,찬성,2021-04-29
21,9S151177,2106813,찬성,2021-04-29
21,XA42275R,2106813,찬성,2021-04-29
21,F5U2979W,2118126,찬성,2023-02-27
21,YOG1280B,2118126,불참,2023-02-27
21,NUB4941Z,2118126,찬성,2023-02-27
21,NLR6572J,2118126,찬성,2023-02-27
21,YTA7297R,2118126,찬성,2023-02-27
21,JNL7001A,2118126,찬성,2023-02-27
21,L7T64271,2118126,찬성,2023-02-27
21,3TO11703,2118126,찬성,2023-02-27
21,66W6739S,2118126,불참,2023-02-27
21,LM13674V,2118126,찬성,2023-02-27
21,QD25323M,2118126,찬성,2023-02-27
21,JVB6983V,2118126,찬성,2023-02-27
21,DAY6557K,2118126,찬성,2023-02-27
21,GP07421U,2118126,찬성,2023-02-27
21,4XG1439M,2118126,찬성,2023-02-27
21,P2N50879,2118126,찬성,2023-02-27
21,A0P4646G,2118126,찬성,2023-02-27
21,A2V51235,2118126,찬성,2023-02-27
21,7I09543O,2118126,찬성,2023-02-27
21,3DK8989T,2118126,찬성,2023-02-27
21,D4L60530,2118126,찬성,2023-02-27
21,OFE45081,2118126,찬성,2023-02-27
21,09I2323E,2118126,찬성,2023-02-27
21,ZYH1940A,2118126,찬성,2023-02-27
21,0VU8517U,2118126,찬성,2023-02-27
21,M0A1658U,2118126,불참,2023-02-27
21,ZDR63255,2118126,찬성,2023-02-27
21,SRP7336N,2118126,찬성,2023-02-27
21,GFF1986K,2118126,찬성,2023-02-27
21,ZKU88693,2118126,불참,2023-02-27
21,5KV96424,2118126,찬성,2023-02-27
21,60490713,2118126,찬성,2023-02-27
21,HKJ99607,2118126,찬성,2023-02-27
21,1WE5693J,2118126,찬성,2023-02-27
21,X3170462,2118126,찬성,2023-02-27
21,8FB1535Y,2118126,찬성,2023-02-27
21,SU53086M,2118126,찬성,2023-02-27
21,GF286398,2118126,찬성,2023-02-27
21,JQA21112,2118126,찬성,2023-02-27
21,4L695580,2118126,찬성,2023-02-27
21,40E3739H,2118126,찬성,2023-02-27
21,RPN2293B,2118126,찬성,2023-02-27
21,MQU41854,2118126,찬성,2023-02-27
21,IN328264,2118126,찬성,2023-02-27
21,0827740Q,2118126,찬성,2023-02-27
21,0W194007,2118126,찬성,2023-02-27
21,NCP9875N,2118126,찬성,2023-02-27
21,I5I2468R,2118126,찬성,2023-02-27
21,3425169D,2118126,찬성,2023-02-27
21,IOW1101J,2118126,찬성,2023-02-27
21,CT85313K,2118126,찬성,2023-02-27
21,BLC8630L,2118126,찬성,2023-02-27
21,NQR1206Q,2118126,찬성,2023-02-27
21,PEP6922S,2118126,찬성,2023-02-27
21,DAN6731C,2118126,찬성,2023-02-27
21,VG24001G,2118126,찬성,2023-02-27
21,WCD5518S,2118126,찬성,2023-02-27
21,SVH3899R,2118126,불참,2023-02-27
21,ATB59635,2118126,찬성,2023-02-27
21,SBK1544B,2118126,불참,2023-02-27
21,KUO3574J,2118126,찬성,2023-02-27
21,D6U6678O,2118126,찬성,2023-02-27
21,FU87526G,2118126,찬성,2023-02-27
21,S9U45255,2118126,찬성,2023-02-27
21,8SV6917G,2118126,찬성,2023-02-27
21,QKO6165V,2118126,불참,2023-02-27
21,68P7228G,2118126,찬성,2023-02-27
21,LQW3652K,2118126,찬성,2023-02-27
21,GAV6441G,2118126,찬성,2023-02-27
21,40S1959J,2118126,불참,2023-02-27
21,IL74008M,2118126,찬성,2023-02-27
21,CNZ51556,2118126,찬성,2023-02-27
21,P2N4585G,2118126,찬성,2023-02-27
21,6AU2417B,2118126,찬성,2023-02-27
21,8VJ8533R,2118126,찬성,2023-02-27
21,52P3934K,2118126,찬성,2023-02-27
21,6399076T,2118126,찬성,2023-02-27
21,4U29186R,2118126,찬성,2023-02-27
21,F5Y4026Q,2118126,불참,2023-02-27
21,WHV3448W,2118126,찬성,2023-02-27
21,6RD62559,2118126,찬성,2023-02-27
21,I0S53762,2118126,찬성,2023-02-27
21,O6D8329R,2118126,찬성,2023-02-27
21,04T3751T,2118126,찬성,2023-02-27
21,EVH1507C,2118126,찬성,2023-02-27
21,5MD4184K,2118126,찬성,2023-02-27
21,5K93695T,2118126,찬성,2023-02-27
21,KFS1358P,2118126,찬성,2023-02-27
21,J9S37905,2118126,찬성,2023-02-27
21,0PK7354M,2118126,찬성,2023-02-27
21,O0I2045I,2118126,찬성,2023-02-27
21,UGH6481E,2118126,찬성,2023-02-27
21,S824682L,2118126,찬성,2023-02-27
21,W4X85128,2118126,찬성,2023-02-27
21,JZY9937U,2118126,찬성,2023-02-27
21,YKW37422,2118126,찬성,2023-02-27
21,2NV6751W,2118126,찬성,2023-02-27
21,M7O7878U,2118126,찬성,2023-02-27
21,KB04377U,2118126,찬성,2023-02-27
21,FU53642G,2118126,찬성,2023-02-27
21,MLH1404S,2118126,찬성,2023-02-27
21,8VY63414,2118126,찬성,2023-02-27
21,QQP4727N,2118126,찬성,2023-02-27
21,JEZ3130Q,2118126,찬성,2023-02-27
21,BCQ55105,2118126,찬성,2023-02-27
21,LJK4960Z,2118126,찬성,2023-02-27
21,IUD9392R,2118126,찬성,2023-02-27
21,K3W33496,2118126,찬성,2023-02-27
21,M2Q9024I,2118126,불참,2023-02-27
21,DBA1057Z,2118126,찬성,2023-02-27
21,CI15627C,2118126,찬성,2023-02-27
21,TRE2429O,2118126,찬성,2023-02-27
21,E6U4345C,2118126,찬성,2023-02-27
21,7BM2933Y,2118126,찬성,2023-02-27
21,9VR65006,2118126,찬성,2023-02-27
21,X7I4680R,2118126,불참,2023-02-27
21,EMC8812P,2118126,찬성,2023-02-27
21,XSP20229,2118126,찬성,2023-02-27
21,T465023H,2118126,찬성,2023-02-27
21,3RW63706,2118126,찬성,2023-02-27
21,RQQ3807K,2118126,찬성,2023-02-27
21,8X15119P,2118126,찬성,2023-02-27
21,CNW5754J,2118126,찬성,2023-02-27
21,3249208I,2118126,찬성,2023-02-27
21,9D939735,2118126,찬성,2023-02-27
21,TST4507I,2118126,찬성,2023-02-27
21,JC14718Q,2118126,찬성,2023-02-27
21,5KV82250,2118126,찬성,2023-02-27
21,L7J93733,2118126,찬성,2023-02-27
21,6YT83269,2118126,찬성,2023-02-27
21,FDC3144T,2118126,찬성,2023-02-27
21,SQ36001H,2118126,찬성,2023-02-27
21,QUO78839,2118126,찬성,2023-02-27
21,6V37131U,2118126,불참,2023-02-27
21,OSV9142K,2118126,찬성,2023-02-27
21,FJK3396E,2118126,찬성,2023-02-27
21,7O71647Z,2118126,찬성,2023-02-27
21,W1Q6753M,2118126,찬성,2023-02-27
21,E1J8836Y,2118126,찬성,2023-02-27
21,6EN68926,2118126,찬성,2023-02-27
21,QHL3248U,2118126,찬성,2023-02-27
21,VHK3402G,2118126,찬성,2023-02-27
21,WVU2479T,2118126,찬성,2023-02-27
21,QTW6852F,2118126,찬성,2023-02-27
21,7XY7109I,2118126,찬성,2023-02-27
21,DAV7257X,2118126,찬성,2023-02-27
21,LT72093S,2118126,찬성,2023-02-27
21,GE71932C,2118126,불참,2023-02-27
21,1MU99298,2118126,불참,2023-02-27
21,17M85910,2118126,찬성,2023-02-27
21,G152611B,2118126,불참,2023-02-27
21,I7R13867,2118126,찬성,2023-02-27
21,G1570880,2118126,찬성,2023-02-27
21,9LD2641Q,2118126,찬성,2023-02-27
21,FOK3459D,2118126,찬성,2023-02-27
21,BT62420K,2118126,찬성,2023-02-27
21,LPB30152,2118126,찬성,2023-02-27
21,MD083627,2118126,불참,2023-02-27
21,TZP9391O,2118126,찬성,2023-02-27
21,B7R2742J,2118126,찬성,2023-02-27
21,ZDP5704Q,2118126,찬성,2023-02-27
21,71J2365L,2118126,찬성,2023-02-27
21,RD42006Y,2118126,찬성,2023-02-27
21,1BX7234U,2118126,찬성,2023-02-27
21,TJW93720,2118126,찬성,2023-02-27
21,9S151177,2118126,찬성,2023-02-27
21,TZ228122,2118126,찬성,2023-02-27
21,9V18755A,2118126,찬성,2023-02-27
21,XA42275R,2118126,찬성,2023-02-27
21,PO64874I,2118126,찬성,2023-02-27
21,LBC8144B,2118126,찬성,2023-02-27
21,FRN1867O,2118126,찬성,2023-02-27
21,RO593601,2118126,찬성,2023-02-27
21,PFG2137X,2118126,찬성,2023-02-27
21,UB114374,2118126,찬성,2023-02-27
21,0YT3774N,2118126,찬성,2023-02-27
21,7JC3239L,2118126,찬성,2023-02-27
21,8KF7223D,2118126,찬성,2023-02-27
21,8P37634C,2118126,찬성,2023-02-27
21,N4R2421C,2118126,찬성,2023-02-27
21,3C23171A,2118126,찬성,2023-02-27
21,GDG1847Z,2118126,찬성,2023-02-27
21,O7R5461J,2118126,찬성,2023-02-27
21,JMY9959W,2118126,찬성,2023-02-27
21,7R156073,2118126,찬성,2023-02-27
21,6AR6743G,2118126,찬성,2023-02-27
21,J2O8643H,2118126,찬성,2023-02-27
21,VCP96419,2118126,찬성,2023-02-27
21,B7D7534L,2118126,찬성,2023-02-27
21,GX22581L,2118126,찬성,2023-02-27
21,SE233396,2118126,찬성,2023-02-27
21,AFH96856,2118126,찬성,2023-02-27
21,B7H6207C,2118126,찬성,2023-02-27
21,1Y73132H,2118126,찬성,2023-02-27
21,LH97552Q,2118126,찬성,2023-02-27
21,TKJ4800F,2118126,찬성,2023-02-27
21,MSY7784L,2118126,찬성,2023-02-27
21,K5F2023J,2118126,찬성,2023-02-27
21,14M56632,2118126,찬성,2023-02-27
21,N9X9673B,2118126,찬성,2023-02-27
21,DPZ7685X,2118126,찬성,2023-02-27
21,6U243644,2118126,찬성,2023-02-27
21,E9R4507P,2118126,찬성,2023-02-27
21,UHB5553T,2118126,찬성,2023-02-27
21,A494529E,2118126,찬성,2023-02-27
21,VRY5522V,2118126,찬성,2023-02-27
21,CAA7713A,2118126,찬성,2023-02-27
21,CZB4125D,2118126,찬성,2023-02-27
21,Z6R3959C,2118126,불참,2023-02-27
21,QUM8288K,2118126,찬성,2023-02-27
21,Q9H5708M,2118126,찬성,2023-02-27
21,MRK4871S,2118126,찬성,2023-02-27
21,BM63269Y,2118126,찬성,2023-02-27
21,YLS4431M,2118126,찬성,2023-02-27
21,MNZ4401T,2118126,찬성,2023-02-27
21,3ZR4438W,2118126,찬성,2023-02-27
21,HSS7466Y,2118126,찬성,2023-02-27
21,16D7652C,2118126,불참,2023-02-27
21,XR24352K,2118126,찬성,2023-02-27
21,9L57027L,2118126,불참,2023-02-27
21,GOC54665,2118126,찬성,2023-02-27
21,5UN9725L,2118126,찬성,2023-02-27
21,C7E79345,2118126,찬성,2023-02-27
21,4019850M,2118126,찬성,2023-02-27
21,UQ282145,2118126,찬성,2023-02-27
21,9YO73104,2118126,찬성,2023-02-27
21,CDL93608,2118126,불참,2023-02-27
21,2UD1340H,2118126,찬성,2023-02-27
21,XJC13432,2118126,찬성,2023-02-27
21,FH777496,2118126,찬성,2023-02-27
21,FYI20317,2118126,찬성,2023-02-27
21,ZYP7962W,2118126,찬성,2023-02-27
21,GX38539O,2118126,찬성,2023-02-27
21,8Q88373R,2118126,찬성,2023-02-27
21,XEF29171,2118126,찬성,2023-02-27
21,FIC9046Z,2118126,찬성,2023-02-27
21,DWK26447,2118126,찬성,2023-02-27
21,KFM1081G,2118126,찬성,2023-02-27
21,4X525582,2118126,찬성,2023-02-27
21,GKD32201,2118126,찬성,2023-02-27
21,G7512472,2118126,찬성,2023-02-27
21,S741317G,2118126,찬성,2023-02-27
21,CCU1009B,2118126,찬성,2023-02-27
21,MU69217P,2118126,찬성,2023-02-27
21,2N793392,2118126,찬성,2023-02-27
21,FGI27280,2118126,찬성,2023-02-27
21,USR7059P,2118126,찬성,2023-02-27
21,7469929V,2118126,찬성,2023-02-27
21,M6H1705E,2118126,찬성,2023-02-27
21,NTT8182Q,2118126,찬성,2023-02-27
21,A3H7195R,2118126,불참,2023-02-27
21,HSW1214Q,2118126,찬성,2023-02-27
21,NZF1659U,2118126,불참,2023-02-27
21,WDS6044S,2118126,찬성,2023-02-27
21,3BC6890E,2118126,찬성,2023-02-27
21,KR14136C,2118126,찬성,2023-02-27
21,5765663F,2118126,찬성,2023-02-27
21,WJL30106,2118126,찬성,2023-02-27
21,KNM3215T,2118126,찬성,2023-02-27
21,M7T9712V,2118126,찬성,2023-02-27
21,UM51067K,2118126,찬성,2023-02-27
21,MY318392,2118126,찬성,2023-02-27
21,4T026790,2118126,찬성,2023-02-27
21,EH27538E,2118126,찬성,2023-02-27
21,WFU14784,2118126,찬성,2023-02-27
21,0WL9321T,2118126,찬성,2023-02-27
21,PZA4062H,2118126,불참,2023-02-27
21,MR210505,2118126,찬성,2023-02-27
21,8348421R,2118126,찬성,2023-02-27
21,H5476989,2118126,찬성,2023-02-27
21,HXT76735,2118126,찬성,2023-02-27
21,0R68099X,2118126,찬성,2023-02-27
21,6RM29022,2118126,찬성,2023-02-27
21,V429892C,2118126,찬성,2023-02-27
21,2385336L,2118126,불참,2023-02-27
21,XBT9550Q,2118126,찬성,2023-02-27
21,ZA54991S,2118126,찬성,2023-02-27
21,MO52543L,2118126,찬성,2023-02-27
21,X1K3667J,2118126,찬성,2023-02-27
21,WMG57662,2118126,찬성,2023-02-27
21,WTR5885Y,2118126,찬성,2023-02-27
21,ICH23251,2118126,찬성,2023-02-27
21,25I8709Q,2118126,찬성,2023-02-27
21,OIA3741M,2118126,찬성,2023-02-27
21,6MO8786S,2118126,찬성,2023-02-27
21,XWX1513T,2118126,찬성,2023-02-27
21,LG63087O,2118126,불참,2023-02-27
21,OW53107J,2118126,찬성,2023-02-27
21,L2I9861C,2118126,찬성,2023-02-27
21,IOW8224X,2118126,찬성,2023-02-27
21,9JF4562W,2118126,찬성,2023-02-27
21,Y7K5946R,2118126,찬성,2023-02-27
21,Z7Y7827F,2118126,찬성,2023-02-27
21,8FC9697X,2118126,찬성,2023-02-27
21,GD131760,2118126,불참,2023-02-27
21,ZRF3039U,2118126,찬성,2023-02-27
21,V0O5343U,2118126,불참,2023-02-27
21,P0F1530P,2118126,찬성,2023-02-27
21,XPP2564T,2118126,찬성,2023-02-27
21,JNL7001A,2103478,기권,2020-12-02
21,GKD32201,2103478,찬성,2020-12-02
21,S741317G,2103478,기권,2020-12-02
21,2N793392,2103478,찬성,2020-12-02
21,1X376850,2103478,찬성,2020-12-02
21,D4L60530,2103478,찬성,2020-12-02
21,M6H1705E,2103478,찬성,2020-12-02
21,NTT8182Q,2103478,찬성,2020-12-02
21,NZF1659U,2103478,불참,2020-12-02
21,WDS6044S,2103478,찬성,2020-12-02
21,GFF1986K,2103478,찬성,2020-12-02
21,WJL30106,2103478,기권,2020-12-02
21,60490713,2103478,찬성,2020-12-02
21,UM51067K,2103478,찬성,2020-12-02
21,HKJ99607,2103478,찬성,2020-12-02
21,WFU14784,2103478,찬성,2020-12-02
21,4L695580,2103478,찬성,2020-12-02
21,V429892C,2103478,찬성,2020-12-02
21,2385336L,2103478,찬성,2020-12-02
21,0W194007,2103478,찬성,2020-12-02
21,IOW1101J,2103478,찬성,2020-12-02
21,OIA3741M,2103478,찬성,2020-12-02
21,PAO22428,2103478,찬성,2020-12-02
21,BLC8630L,2103478,찬성,2020-12-02
21,0767470D,2103478,불참,2020-12-02
21,PEP6922S,2103478,찬성,2020-12-02
21,DAN6731C,2103478,기권,2020-12-02
21,VG24001G,2103478,찬성,2020-12-02
21,I434361W,2103478,찬성,2020-12-02
21,9JF4562W,2103478,찬성,2020-12-02
21,SBK1544B,2103478,찬성,2020-12-02
21,8SV6917G,2103478,불참,2020-12-02
21,ZRF3039U,2103478,찬성,2020-12-02
21,V0O5343U,2103478,찬성,2020-12-02
21,68P7228G,2103478,찬성,2020-12-02
21,7JC3239L,2103478,기권,2020-12-02
21,CNZ51556,2103478,찬성,2020-12-02
21,N4R2421C,2103478,찬성,2020-12-02
21,3C23171A,2103478,찬성,2020-12-02
21,LNR7932L,2103478,불참,2020-12-02
21,O7R5461J,2103478,찬성,2020-12-02
21,J2O8643H,2103478,찬성,2020-12-02
21,GX22581L,2103478,찬성,2020-12-02
21,MSY7784L,2103478,불참,2020-12-02
21,5MD4184K,2103478,찬성,2020-12-02
21,5K93695T,2103478,찬성,2020-12-02
21,DPZ7685X,2103478,찬성,2020-12-02
21,KFS1358P,2103478,찬성,2020-12-02
21,A494529E,2103478,찬성,2020-12-02
21,Z6R3959C,2103478,찬성,2020-12-02
21,UGH6481E,2103478,찬성,2020-12-02
21,Q9H5708M,2103478,찬성,2020-12-02
21,2NV6751W,2103478,찬성,2020-12-02
21,QQP4727N,2103478,찬성,2020-12-02
21,LJK4960Z,2103478,찬성,2020-12-02
21,K3W33496,2103478,찬성,2020-12-02
21,CI15627C,2103478,찬성,2020-12-02
21,21N57758,2103478,찬성,2020-12-02
21,2UD1340H,2103478,찬성,2020-12-02
21,EMC8812P,2103478,찬성,2020-12-02
21,T465023H,2103478,찬성,2020-12-02
21,FH777496,2103478,찬성,2020-12-02
21,7XY7109I,2103478,찬성,2020-12-02
21,JC14718Q,2103478,찬성,2020-12-02
21,5KV82250,2103478,반대,2020-12-02
21,L7J93733,2103478,찬성,2020-12-02
21,6YT83269,2103478,찬성,2020-12-02
21,1MU99298,2103478,찬성,2020-12-02
21,FDC3144T,2103478,찬성,2020-12-02
21,SQ36001H,2103478,찬성,2020-12-02
21,9LD2641Q,2103478,찬성,2020-12-02
21,FOK3459D,2103478,찬성,2020-12-02
21,71J2365L,2103478,기권,2020-12-02
21,6EN68926,2103478,불참,2020-12-02
21,1BX7234U,2103478,찬성,2020-12-02
21,QHL3248U,2103478,찬성,2020-12-02
21,9V18755A,2103478,찬성,2020-12-02
21,W1Q6753M,2103478,찬성,2020-12-02
21,MHK9919B,2103478,불참,2020-12-02
21,E1J8836Y,2103478,찬성,2020-12-02
21,RD42006Y,2103478,찬성,2020-12-02
21,AE685067,2103478,찬성,2020-12-02
21,9S151177,2103478,찬성,2020-12-02
21,TZ228122,2103478,찬성,2020-12-02
21,PO64874I,2103478,찬성,2020-12-02
21,CAA7713A,2103478,찬성,2020-12-02
21,0PK7354M,2103478,찬성,2020-12-02
21,CZB4125D,2103478,찬성,2020-12-02
21,QUM8288K,2103478,찬성,2020-12-02
21,S824682L,2103478,찬성,2020-12-02
21,W4X85128,2103478,기권,2020-12-02
21,CFE3998F,2103478,찬성,2020-12-02
21,JZY9937U,2103478,찬성,2020-12-02
21,MRK4871S,2103478,찬성,2020-12-02
21,YKW37422,2103478,찬성,2020-12-02
21,BM63269Y,2103478,찬성,2020-12-02
21,M7O7878U,2103478,찬성,2020-12-02
21,YLS4431M,2103478,찬성,2020-12-02
21,MNZ4401T,2103478,찬성,2020-12-02
21,3ZR4438W,2103478,불참,2020-12-02
21,HSS7466Y,2103478,찬성,2020-12-02
21,16D7652C,2103478,찬성,2020-12-02
21,KB04377U,2103478,찬성,2020-12-02
21,FU53642G,2103478,찬성,2020-12-02
21,MLH1404S,2103478,찬성,2020-12-02
21,8VY63414,2103478,찬성,2020-12-02
21,XR24352K,2103478,찬성,2020-12-02
21,IUL4848V,2103478,찬성,2020-12-02
21,JEZ3130Q,2103478,찬성,2020-12-02
21,BCQ55105,2103478,찬성,2020-12-02
21,9L57027L,2103478,기권,2020-12-02
21,GOC54665,2103478,찬성,2020-12-02
21,5UN9725L,2103478,찬성,2020-12-02
21,M2Q9024I,2103478,불참,2020-12-02
21,DBA1057Z,2103478,찬성,2020-12-02
21,C7E79345,2103478,찬성,2020-12-02
21,4019850M,2103478,찬성,2020-12-02
21,UQ282145,2103478,찬성,2020-12-02
21,TRE2429O,2103478,찬성,2020-12-02
21,E6U4345C,2103478,찬성,2020-12-02
21,7BM2933Y,2103478,찬성,2020-12-02
21,9VR65006,2103478,찬성,2020-12-02
21,XJC13432,2103478,불참,2020-12-02
21,3RW63706,2103478,찬성,2020-12-02
21,RQQ3807K,2103478,찬성,2020-12-02
21,FYI20317,2103478,찬성,2020-12-02
21,8X15119P,2103478,반대,2020-12-02
21,ZYP7962W,2103478,찬성,2020-12-02
21,CNW5754J,2103478,찬성,2020-12-02
21,GX38539O,2103478,찬성,2020-12-02
21,8Q88373R,2103478,찬성,2020-12-02
21,WVU2479T,2103478,찬성,2020-12-02
21,9D939735,2103478,찬성,2020-12-02
21,QTW6852F,2103478,찬성,2020-12-02
21,TST4507I,2103478,찬성,2020-12-02
21,LT72093S,2103478,찬성,2020-12-02
21,GE71932C,2103478,찬성,2020-12-02
21,G152611B,2103478,찬성,2020-12-02
21,I7R13867,2103478,찬성,2020-12-02
21,QUO78839,2103478,찬성,2020-12-02
21,BT62420K,2103478,찬성,2020-12-02
21,LPB30152,2103478,찬성,2020-12-02
21,MD083627,2103478,찬성,2020-12-02
21,TZP9391O,2103478,반대,2020-12-02
21,6V37131U,2103478,찬성,2020-12-02
21,B7R2742J,2103478,찬성,2020-12-02
21,FJK3396E,2103478,찬성,2020-12-02
21,ZDP5704Q,2103478,찬성,2020-12-02
21,7O71647Z,2103478,찬성,2020-12-02
21,25I8709Q,2103478,찬성,2020-12-02
21,6MO8786S,2103478,반대,2020-12-02
21,XWX1513T,2103478,찬성,2020-12-02
21,CT85313K,2103478,찬성,2020-12-02
21,NQR1206Q,2103478,찬성,2020-12-02
21,LG63087O,2103478,찬성,2020-12-02
21,NAL4555X,2103478,찬성,2020-12-02
21,OW53107J,2103478,찬성,2020-12-02
21,L2I9861C,2103478,기권,2020-12-02
21,WCD5518S,2103478,찬성,2020-12-02
21,SVH3899R,2103478,기권,2020-12-02
21,IOW8224X,2103478,찬성,2020-12-02
21,Y7K5946R,2103478,찬성,2020-12-02
21,Z7Y7827F,2103478,찬성,2020-12-02
21,ATB59635,2103478,찬성,2020-12-02
21,KUO3574J,2103478,찬성,2020-12-02
21,FU87526G,2103478,찬성,2020-12-02
21,S9U45255,2103478,찬성,2020-12-02
21,8FC9697X,2103478,찬성,2020-12-02
21,QKO6165V,2103478,기권,2020-12-02
21,GD131760,2103478,찬성,2020-12-02
21,XPP2564T,2103478,찬성,2020-12-02
21,FRN1867O,2103478,찬성,2020-12-02
21,LQW3652K,2103478,기권,2020-12-02
21,PFG2137X,2103478,기권,2020-12-02
21,UB114374,2103478,기권,2020-12-02
21,GAV6441G,2103478,찬성,2020-12-02
21,0YT3774N,2103478,찬성,2020-12-02
21,40S1959J,2103478,찬성,2020-12-02
21,IL74008M,2103478,찬성,2020-12-02
21,8KF7223D,2103478,찬성,2020-12-02
21,8P37634C,2103478,찬성,2020-12-02
21,GDG1847Z,2103478,찬성,2020-12-02
21,P2N4585G,2103478,찬성,2020-12-02
21,TVF3669B,2103478,찬성,2020-12-02
21,JMY9959W,2103478,찬성,2020-12-02
21,7R156073,2103478,찬성,2020-12-02
21,6AR6743G,2103478,찬성,2020-12-02
21,VCP96419,2103478,찬성,2020-12-02
21,6AU2417B,2103478,찬성,2020-12-02
21,8VJ8533R,2103478,찬성,2020-12-02
21,B7D7534L,2103478,찬성,2020-12-02
21,SE233396,2103478,찬성,2020-12-02
21,AFH96856,2103478,찬성,2020-12-02
21,52P3934K,2103478,찬성,2020-12-02
21,B7H6207C,2103478,반대,2020-12-02
21,6399076T,2103478,찬성,2020-12-02
21,4U29186R,2103478,찬성,2020-12-02
21,F5Y4026Q,2103478,찬성,2020-12-02
21,WHV3448W,2103478,찬성,2020-12-02
21,1Y73132H,2103478,찬성,2020-12-02
21,I0S53762,2103478,불참,2020-12-02
21,LH97552Q,2103478,찬성,2020-12-02
21,TKJ4800F,2103478,찬성,2020-12-02
21,O6D8329R,2103478,찬성,2020-12-02
21,04T3751T,2103478,찬성,2020-12-02
21,EVH1507C,2103478,찬성,2020-12-02
21,K5F2023J,2103478,찬성,2020-12-02
21,N9X9673B,2103478,찬성,2020-12-02
21,TP066860,2103478,불참,2020-12-02
21,6U243644,2103478,찬성,2020-12-02
21,E9R4507P,2103478,기권,2020-12-02
21,UHB5553T,2103478,불참,2020-12-02
21,VRY5522V,2103478,찬성,2020-12-02
21,L7T64271,2103478,찬성,2020-12-02
21,4X525582,2103478,찬성,2020-12-02
21,G7512472,2103478,찬성,2020-12-02
21,3TO11703,2103478,찬성,2020-12-02
21,CCU1009B,2103478,찬성,2020-12-02
21,MU69217P,2103478,찬성,2020-12-02
21,66W6739S,2103478,찬성,2020-12-02
21,LM13674V,2103478,불참,2020-12-02
21,QD25323M,2103478,찬성,2020-12-02
21,DAY6557K,2103478,찬성,2020-12-02
21,GP07421U,2103478,찬성,2020-12-02
21,FGI27280,2103478,찬성,2020-12-02
21,4XG1439M,2103478,찬성,2020-12-02
21,P2N50879,2103478,찬성,2020-12-02
21,A0P4646G,2103478,찬성,2020-12-02
21,A2V51235,2103478,찬성,2020-12-02
21,7I09543O,2103478,찬성,2020-12-02
21,3DK8989T,2103478,기권,2020-12-02
21,7469929V,2103478,찬성,2020-12-02
21,OFE45081,2103478,찬성,2020-12-02
21,A3H7195R,2103478,찬성,2020-12-02
21,ZYH1940A,2103478,찬성,2020-12-02
21,0VU8517U,2103478,찬성,2020-12-02
21,M0A1658U,2103478,찬성,2020-12-02
21,HSW1214Q,2103478,찬성,2020-12-02
21,3BC6890E,2103478,찬성,2020-12-02
21,ZDR63255,2103478,찬성,2020-12-02
21,KR14136C,2103478,찬성,2020-12-02
21,SRP7336N,2103478,찬성,2020-12-02
21,5765663F,2103478,찬성,2020-12-02
21,5KV96424,2103478,찬성,2020-12-02
21,KNM3215T,2103478,찬성,2020-12-02
21,M7T9712V,2103478,찬성,2020-12-02
21,1WE5693J,2103478,찬성,2020-12-02
21,X3170462,2103478,기권,2020-12-02
21,MY318392,2103478,찬성,2020-12-02
21,8FB1535Y,2103478,찬성,2020-12-02
21,4T026790,2103478,찬성,2020-12-02
21,EH27538E,2103478,찬성,2020-12-02
21,SU53086M,2103478,불참,2020-12-02
21,0WL9321T,2103478,찬성,2020-12-02
21,MR210505,2103478,찬성,2020-12-02
21,GF286398,2103478,찬성,2020-12-02
21,8348421R,2103478,불참,2020-12-02
21,H5476989,2103478,찬성,2020-12-02
21,JQA21112,2103478,반대,2020-12-02
21,40E3739H,2103478,찬성,2020-12-02
21,HXT76735,2103478,찬성,2020-12-02
21,RPN2293B,2103478,찬성,2020-12-02
21,0R68099X,2103478,찬성,2020-12-02
21,4A067125,2103478,찬성,2020-12-02
21,IN328264,2103478,찬성,2020-12-02
21,XBT9550Q,2103478,불참,2020-12-02
21,ZA54991S,2103478,찬성,2020-12-02
21,MO52543L,2103478,찬성,2020-12-02
21,0827740Q,2103478,찬성,2020-12-02
21,X1K3667J,2103478,찬성,2020-12-02
21,WMG57662,2103478,찬성,2020-12-02
21,NCP9875N,2103478,찬성,2020-12-02
21,I5I2468R,2103478,찬성,2020-12-02
21,WTR5885Y,2103478,찬성,2020-12-02
21,L5P27909,2103478,기권,2020-12-02
21,3425169D,2103478,찬성,2020-12-02
21,ICH23251,2103478,찬성,2020-12-02
21,USR7059P,2103478,기권,2020-12-02
21,09I2323E,2103478,찬성,2020-12-02
21,ZKU88693,2103478,찬성,2020-12-02
21,PZA4062H,2103478,찬성,2020-12-02
21,D6U6678O,2103478,찬성,2020-12-02
21,P0F1530P,2103478,찬성,2020-12-02
21,RO593601,2103478,찬성,2020-12-02
21,14M56632,2103478,기권,2020-12-02
21,J9S37905,2103478,찬성,2020-12-02
21,O0I2045I,2103478,찬성,2020-12-02
21,9YO73104,2103478,찬성,2020-12-02
21,CDL93608,2103478,찬성,2020-12-02
21,X7I4680R,2103478,찬성,2020-12-02
21,D0C85236,2103478,찬성,2020-12-02
21,XSP20229,2103478,찬성,2020-12-02
21,3249208I,2103478,찬성,2020-12-02
21,XEF29171,2103478,찬성,2020-12-02
21,DAV7257X,2103478,찬성,2020-12-02
21,17M85910,2103478,찬성,2020-12-02
21,G1570880,2103478,찬성,2020-12-02
21,OSV9142K,2103478,찬성,2020-12-02
21,TJW93720,2103478,찬성,2020-12-02
21,XA42275R,2103478,찬성,2020-12-02
21,8KF7223D,2121322,불참,2023-12-20
21,CNZ51556,2121322,기권,2023-12-20
21,3C23171A,2121322,찬성,2023-12-20
21,GDG1847Z,2121322,찬성,2023-12-20
21,P2N4585G,2121322,찬성,2023-12-20
21,6AR6743G,2121322,찬성,2023-12-20
21,VCP96419,2121322,찬성,2023-12-20
21,B7D7534L,2121322,찬성,2023-12-20
21,B7H6207C,2121322,찬성,2023-12-20
21,6399076T,2121322,찬성,2023-12-20
21,4U29186R,2121322,찬성,2023-12-20
21,F5Y4026Q,2121322,불참,2023-12-20
21,WHV3448W,2121322,찬성,2023-12-20
21,6RD62559,2121322,찬성,2023-12-20
21,LH97552Q,2121322,찬성,2023-12-20
21,O6D8329R,2121322,찬성,2023-12-20
21,MSY7784L,2121322,찬성,2023-12-20
21,EVH1507C,2121322,찬성,2023-12-20
21,N9X9673B,2121322,찬성,2023-12-20
21,5MD4184K,2121322,찬성,2023-12-20
21,5K93695T,2121322,불참,2023-12-20
21,J9S37905,2121322,찬성,2023-12-20
21,VRY5522V,2121322,찬성,2023-12-20
21,CAA7713A,2121322,찬성,2023-12-20
21,0PK7354M,2121322,찬성,2023-12-20
21,UGH6481E,2121322,찬성,2023-12-20
21,W4X85128,2121322,찬성,2023-12-20
21,JZY9937U,2121322,불참,2023-12-20
21,YKW37422,2121322,찬성,2023-12-20
21,2NV6751W,2121322,찬성,2023-12-20
21,KB04377U,2121322,찬성,2023-12-20
21,8VY63414,2121322,찬성,2023-12-20
21,QQP4727N,2121322,기권,2023-12-20
21,BCQ55105,2121322,찬성,2023-12-20
21,LJK4960Z,2121322,찬성,2023-12-20
21,IUD9392R,2121322,불참,2023-12-20
21,M2Q9024I,2121322,불참,2023-12-20
21,DBA1057Z,2121322,찬성,2023-12-20
21,UQ282145,2121322,불참,2023-12-20
21,T465023H,2121322,찬성,2023-12-20
21,RQQ3807K,2121322,불참,2023-12-20
21,ZYP7962W,2121322,찬성,2023-12-20
21,CNW5754J,2121322,불참,2023-12-20
21,3249208I,2121322,찬성,2023-12-20
21,GX38539O,2121322,찬성,2023-12-20
21,8Q88373R,2121322,불참,2023-12-20
21,7XY7109I,2121322,불참,2023-12-20
21,JC14718Q,2121322,찬성,2023-12-20
21,LT72093S,2121322,찬성,2023-12-20
21,6YT83269,2121322,불참,2023-12-20
21,FDC3144T,2121322,찬성,2023-12-20
21,I7R13867,2121322,불참,2023-12-20
21,SQ36001H,2121322,불참,2023-12-20
21,9LD2641Q,2121322,찬성,2023-12-20
21,MD083627,2121322,찬성,2023-12-20
21,OSV9142K,2121322,찬성,2023-12-20
21,B7R2742J,2121322,찬성,2023-12-20
21,7O71647Z,2121322,찬성,2023-12-20
21,RD42006Y,2121322,찬성,2023-12-20
21,TJW93720,2121322,찬성,2023-12-20
21,9S151177,2121322,불참,2023-12-20
21,PO64874I,2121322,찬성,2023-12-20
21,YOG1280B,2121322,찬성,2023-12-20
21,NUB4941Z,2121322,찬성,2023-12-20
21,KFM1081G,2121322,찬성,2023-12-20
21,F0I5053J,2121322,불참,2023-12-20
21,G7512472,2121322,찬성,2023-12-20
21,3TO11703,2121322,찬성,2023-12-20
21,MU69217P,2121322,찬성,2023-12-20
21,66W6739S,2121322,찬성,2023-12-20
21,DAY6557K,2121322,찬성,2023-12-20
21,USR7059P,2121322,찬성,2023-12-20
21,P2N50879,2121322,찬성,2023-12-20
21,A0P4646G,2121322,찬성,2023-12-20
21,A2V51235,2121322,찬성,2023-12-20
21,7I09543O,2121322,찬성,2023-12-20
21,OFE45081,2121322,기권,2023-12-20
21,M0A1658U,2121322,찬성,2023-12-20
21,NZF1659U,2121322,찬성,2023-12-20
21,WDS6044S,2121322,찬성,2023-12-20
21,ZDR63255,2121322,불참,2023-12-20
21,5765663F,2121322,찬성,2023-12-20
21,ZKU88693,2121322,찬성,2023-12-20
21,M7T9712V,2121322,찬성,2023-12-20
21,60490713,2121322,찬성,2023-12-20
21,1WE5693J,2121322,불참,2023-12-20
21,X3170462,2121322,불참,2023-12-20
21,8FB1535Y,2121322,찬성,2023-12-20
21,EH27538E,2121322,찬성,2023-12-20
21,WFU14784,2121322,찬성,2023-12-20
21,SU53086M,2121322,찬성,2023-12-20
21,0WL9321T,2121322,불참,2023-12-20
21,MR210505,2121322,불참,2023-12-20
21,4L695580,2121322,찬성,2023-12-20
21,40E3739H,2121322,찬성,2023-12-20
21,RPN2293B,2121322,불참,2023-12-20
21,6RM29022,2121322,찬성,2023-12-20
21,MQU41854,2121322,찬성,2023-12-20
21,V429892C,2121322,찬성,2023-12-20
21,IN328264,2121322,불참,2023-12-20
21,ZA54991S,2121322,찬성,2023-12-20
21,0827740Q,2121322,찬성,2023-12-20
21,0W194007,2121322,찬성,2023-12-20
21,NCP9875N,2121322,불참,2023-12-20
21,I5I2468R,2121322,찬성,2023-12-20
21,3425169D,2121322,찬성,2023-12-20
21,6MO8786S,2121322,찬성,2023-12-20
21,CT85313K,2121322,찬성,2023-12-20
21,BLC8630L,2121322,찬성,2023-12-20
21,NQR1206Q,2121322,찬성,2023-12-20
21,L2I9861C,2121322,찬성,2023-12-20
21,WCD5518S,2121322,찬성,2023-12-20
21,SVH3899R,2121322,찬성,2023-12-20
21,KUO3574J,2121322,찬성,2023-12-20
21,D6U6678O,2121322,찬성,2023-12-20
21,8FC9697X,2121322,찬성,2023-12-20
21,QKO6165V,2121322,불참,2023-12-20
21,GD131760,2121322,찬성,2023-12-20
21,ZRF3039U,2121322,찬성,2023-12-20
21,68P7228G,2121322,찬성,2023-12-20
21,XPP2564T,2121322,찬성,2023-12-20
21,FRN1867O,2121322,불참,2023-12-20
21,GAV6441G,2121322,찬성,2023-12-20
21,0YT3774N,2121322,찬성,2023-12-20
21,40S1959J,2121322,찬성,2023-12-20
21,IL74008M,2121322,찬성,2023-12-20
21,F5U2979W,2121322,찬성,2023-12-20
21,FIC9046Z,2121322,찬성,2023-12-20
21,DWK26447,2121322,찬성,2023-12-20
21,NLR6572J,2121322,찬성,2023-12-20
21,YTA7297R,2121322,찬성,2023-12-20
21,L7T64271,2121322,찬성,2023-12-20
21,4X525582,2121322,찬성,2023-12-20
21,GKD32201,2121322,찬성,2023-12-20
21,S741317G,2121322,불참,2023-12-20
21,CCU1009B,2121322,찬성,2023-12-20
21,2N793392,2121322,찬성,2023-12-20
21,LM13674V,2121322,불참,2023-12-20
21,QD25323M,2121322,찬성,2023-12-20
21,JVB6983V,2121322,찬성,2023-12-20
21,GP07421U,2121322,찬성,2023-12-20
21,FGI27280,2121322,찬성,2023-12-20
21,4XG1439M,2121322,불참,2023-12-20
21,3DK8989T,2121322,찬성,2023-12-20
21,7469929V,2121322,찬성,2023-12-20
21,D4L60530,2121322,찬성,2023-12-20
21,M6H1705E,2121322,찬성,2023-12-20
21,09I2323E,2121322,찬성,2023-12-20
21,NTT8182Q,2121322,찬성,2023-12-20
21,A3H7195R,2121322,찬성,2023-12-20
21,ZYH1940A,2121322,불참,2023-12-20
21,0VU8517U,2121322,불참,2023-12-20
21,HSW1214Q,2121322,불참,2023-12-20
21,3BC6890E,2121322,찬성,2023-12-20
21,KR14136C,2121322,찬성,2023-12-20
21,GFF1986K,2121322,찬성,2023-12-20
21,WJL30106,2121322,찬성,2023-12-20
21,5KV96424,2121322,찬성,2023-12-20
21,KNM3215T,2121322,찬성,2023-12-20
21,UM51067K,2121322,찬성,2023-12-20
21,HKJ99607,2121322,불참,2023-12-20
21,MY318392,2121322,찬성,2023-12-20
21,4T026790,2121322,찬성,2023-12-20
21,PZA4062H,2121322,찬성,2023-12-20
21,GF286398,2121322,찬성,2023-12-20
21,8348421R,2121322,찬성,2023-12-20
21,H5476989,2121322,찬성,2023-12-20
21,JQA21112,2121322,불참,2023-12-20
21,6FS10566,2121322,찬성,2023-12-20
21,HXT76735,2121322,찬성,2023-12-20
21,0R68099X,2121322,찬성,2023-12-20
21,2385336L,2121322,찬성,2023-12-20
21,XBT9550Q,2121322,찬성,2023-12-20
21,MO52543L,2121322,불참,2023-12-20
21,X1K3667J,2121322,불참,2023-12-20
21,WMG57662,2121322,찬성,2023-12-20
21,WTR5885Y,2121322,찬성,2023-12-20
21,IOW1101J,2121322,찬성,2023-12-20
21,25I8709Q,2121322,찬성,2023-12-20
21,OIA3741M,2121322,찬성,2023-12-20
21,XWX1513T,2121322,찬성,2023-12-20
21,LG63087O,2121322,찬성,2023-12-20
21,OW53107J,2121322,불참,2023-12-20
21,PEP6922S,2121322,찬성,2023-12-20
21,DAN6731C,2121322,불참,2023-12-20
21,VG24001G,2121322,찬성,2023-12-20
21,IOW8224X,2121322,찬성,2023-12-20
21,9JF4562W,2121322,불참,2023-12-20
21,Y7K5946R,2121322,찬성,2023-12-20
21,Z7Y7827F,2121322,찬성,2023-12-20
21,ATB59635,2121322,찬성,2023-12-20
21,FU87526G,2121322,찬성,2023-12-20
21,S9U45255,2121322,찬성,2023-12-20
21,8SV6917G,2121322,찬성,2023-12-20
21,V0O5343U,2121322,찬성,2023-12-20
21,P0F1530P,2121322,찬성,2023-12-20
21,LQW3652K,2121322,찬성,2023-12-20
21,RO593601,2121322,불참,2023-12-20
21,PFG2137X,2121322,찬성,2023-12-20
21,UB114374,2121322,찬성,2023-12-20
21,7JC3239L,2121322,찬성,2023-12-20
21,8P37634C,2121322,불참,2023-12-20
21,N4R2421C,2121322,불참,2023-12-20
21,O7R5461J,2121322,찬성,2023-12-20
21,JMY9959W,2121322,불참,2023-12-20
21,7R156073,2121322,찬성,2023-12-20
21,J2O8643H,2121322,찬성,2023-12-20
21,6AU2417B,2121322,찬성,2023-12-20
21,8VJ8533R,2121322,찬성,2023-12-20
21,GX22581L,2121322,찬성,2023-12-20
21,SE233396,2121322,찬성,2023-12-20
21,AFH96856,2121322,찬성,2023-12-20
21,52P3934K,2121322,찬성,2023-12-20
21,1Y73132H,2121322,찬성,2023-12-20
21,I0S53762,2121322,찬성,2023-12-20
21,TKJ4800F,2121322,찬성,2023-12-20
21,04T3751T,2121322,찬성,2023-12-20
21,K5F2023J,2121322,찬성,2023-12-20
21,14M56632,2121322,찬성,2023-12-20
21,DPZ7685X,2121322,찬성,2023-12-20
21,6U243644,2121322,찬성,2023-12-20
21,E9R4507P,2121322,찬성,2023-12-20
21,UHB5553T,2121322,찬성,2023-12-20
21,KFS1358P,2121322,찬성,2023-12-20
21,A494529E,2121322,불참,2023-12-20
21,O0I2045I,2121322,찬성,2023-12-20
21,CZB4125D,2121322,불참,2023-12-20
21,Z6R3959C,2121322,불참,2023-12-20
21,QUM8288K,2121322,불참,2023-12-20
21,S824682L,2121322,찬성,2023-12-20
21,Q9H5708M,2121322,찬성,2023-12-20
21,MRK4871S,2121322,찬성,2023-12-20
21,BM63269Y,2121322,찬성,2023-12-20
21,M7O7878U,2121322,불참,2023-12-20
21,YLS4431M,2121322,찬성,2023-12-20
21,MNZ4401T,2121322,불참,2023-12-20
21,3ZR4438W,2121322,찬성,2023-12-20
21,HSS7466Y,2121322,찬성,2023-12-20
21,16D7652C,2121322,불참,2023-12-20
21,FU53642G,2121322,찬성,2023-12-20
21,MLH1404S,2121322,불참,2023-12-20
21,XR24352K,2121322,찬성,2023-12-20
21,JEZ3130Q,2121322,찬성,2023-12-20
21,9L57027L,2121322,찬성,2023-12-20
21,GOC54665,2121322,찬성,2023-12-20
21,5UN9725L,2121322,불참,2023-12-20
21,K3W33496,2121322,찬성,2023-12-20
21,NCO99988,2121322,찬성,2023-12-20
21,CI15627C,2121322,찬성,2023-12-20
21,C7E79345,2121322,찬성,2023-12-20
21,4019850M,2121322,찬성,2023-12-20
21,9YO73104,2121322,찬성,2023-12-20
21,TRE2429O,2121322,찬성,2023-12-20
21,E6U4345C,2121322,찬성,2023-12-20
21,7BM2933Y,2121322,찬성,2023-12-20
21,CDL93608,2121322,불참,2023-12-20
21,2UD1340H,2121322,찬성,2023-12-20
21,9VR65006,2121322,불참,2023-12-20
21,X7I4680R,2121322,불참,2023-12-20
21,EMC8812P,2121322,찬성,2023-12-20
21,XJC13432,2121322,찬성,2023-12-20
21,XSP20229,2121322,불참,2023-12-20
21,3RW63706,2121322,찬성,2023-12-20
21,FH777496,2121322,찬성,2023-12-20
21,FYI20317,2121322,찬성,2023-12-20
21,8X15119P,2121322,불참,2023-12-20
21,XEF29171,2121322,찬성,2023-12-20
21,WVU2479T,2121322,불참,2023-12-20
21,9D939735,2121322,찬성,2023-12-20
21,QTW6852F,2121322,찬성,2023-12-20
21,TST4507I,2121322,불참,2023-12-20
21,5KV82250,2121322,찬성,2023-12-20
21,L7J93733,2121322,찬성,2023-12-20
21,DAV7257X,2121322,찬성,2023-12-20
21,GE71932C,2121322,찬성,2023-12-20
21,1MU99298,2121322,찬성,2023-12-20
21,17M85910,2121322,찬성,2023-12-20
21,G152611B,2121322,불참,2023-12-20
21,G1570880,2121322,찬성,2023-12-20
21,FOK3459D,2121322,찬성,2023-12-20
21,QUO78839,2121322,찬성,2023-12-20
21,BT62420K,2121322,불참,2023-12-20
21,LPB30152,2121322,찬성,2023-12-20
21,TZP9391O,2121322,찬성,2023-12-20
21,6V37131U,2121322,찬성,2023-12-20
21,FJK3396E,2121322,찬성,2023-12-20
21,ZDP5704Q,2121322,찬성,2023-12-20
21,71J2365L,2121322,찬성,2023-12-20
21,W1Q6753M,2121322,찬성,2023-12-20
21,E1J8836Y,2121322,찬성,2023-12-20
21,6EN68926,2121322,찬성,2023-12-20
21,1BX7234U,2121322,찬성,2023-12-20
21,QHL3248U,2121322,불참,2023-12-20
21,TZ228122,2121322,찬성,2023-12-20
21,9V18755A,2121322,찬성,2023-12-20
21,XA42275R,2121322,찬성,2023-12-20
21,LBC8144B,2121322,찬성,2023-12-20
21,VHK3402G,2121322,불참,2023-12-20
21,F5U2979W,2119185,불참,2022-12-28
21,YOG1280B,2119185,불참,2022-12-28
21,DWK26447,2119185,찬성,2022-12-28
21,NUB4941Z,2119185,불참,2022-12-28
21,NLR6572J,2119185,찬성,2022-12-28
21,YTA7297R,2119185,불참,2022-12-28
21,JNL7001A,2119185,찬성,2022-12-28
21,L7T64271,2119185,찬성,2022-12-28
21,3TO11703,2119185,찬성,2022-12-28
21,CCU1009B,2119185,찬성,2022-12-28
21,MU69217P,2119185,불참,2022-12-28
21,66W6739S,2119185,찬성,2022-12-28
21,LM13674V,2119185,불참,2022-12-28
21,QD25323M,2119185,불참,2022-12-28
21,JVB6983V,2119185,찬성,2022-12-28
21,DAY6557K,2119185,찬성,2022-12-28
21,GP07421U,2119185,불참,2022-12-28
21,FGI27280,2119185,찬성,2022-12-28
21,4XG1439M,2119185,불참,2022-12-28
21,P2N50879,2119185,찬성,2022-12-28
21,A0P4646G,2119185,불참,2022-12-28
21,A2V51235,2119185,찬성,2022-12-28
21,7I09543O,2119185,불참,2022-12-28
21,3DK8989T,2119185,찬성,2022-12-28
21,7469929V,2119185,찬성,2022-12-28
21,D4L60530,2119185,찬성,2022-12-28
21,M6H1705E,2119185,찬성,2022-12-28
21,OFE45081,2119185,불참,2022-12-28
21,09I2323E,2119185,찬성,2022-12-28
21,ZYH1940A,2119185,불참,2022-12-28
21,0VU8517U,2119185,불참,2022-12-28
21,M0A1658U,2119185,불참,2022-12-28
21,WDS6044S,2119185,찬성,2022-12-28
21,3BC6890E,2119185,찬성,2022-12-28
21,ZDR63255,2119185,찬성,2022-12-28
21,KR14136C,2119185,불참,2022-12-28
21,SRP7336N,2119185,불참,2022-12-28
21,GFF1986K,2119185,찬성,2022-12-28
21,ZKU88693,2119185,불참,2022-12-28
21,5KV96424,2119185,찬성,2022-12-28
21,60490713,2119185,찬성,2022-12-28
21,UM51067K,2119185,찬성,2022-12-28
21,HKJ99607,2119185,기권,2022-12-28
21,1WE5693J,2119185,불참,2022-12-28
21,X3170462,2119185,찬성,2022-12-28
21,8FB1535Y,2119185,찬성,2022-12-28
21,4T026790,2119185,불참,2022-12-28
21,SU53086M,2119185,찬성,2022-12-28
21,PZA4062H,2119185,찬성,2022-12-28
21,MR210505,2119185,찬성,2022-12-28
21,GF286398,2119185,찬성,2022-12-28
21,8348421R,2119185,찬성,2022-12-28
21,JQA21112,2119185,찬성,2022-12-28
21,4L695580,2119185,찬성,2022-12-28
21,40E3739H,2119185,찬성,2022-12-28
21,RPN2293B,2119185,불참,2022-12-28
21,0R68099X,2119185,찬성,2022-12-28
21,MQU41854,2119185,찬성,2022-12-28
21,IN328264,2119185,찬성,2022-12-28
21,XBT9550Q,2119185,불참,2022-12-28
21,0827740Q,2119185,불참,2022-12-28
21,0W194007,2119185,기권,2022-12-28
21,X1K3667J,2119185,불참,2022-12-28
21,WMG57662,2119185,찬성,2022-12-28
21,NCP9875N,2119185,찬성,2022-12-28
21,I5I2468R,2119185,찬성,2022-12-28
21,3425169D,2119185,찬성,2022-12-28
21,IOW1101J,2119185,불참,2022-12-28
21,ICH23251,2119185,불참,2022-12-28
21,OIA3741M,2119185,찬성,2022-12-28
21,CT85313K,2119185,찬성,2022-12-28
21,BLC8630L,2119185,찬성,2022-12-28
21,NQR1206Q,2119185,찬성,2022-12-28
21,LG63087O,2119185,불참,2022-12-28
21,PEP6922S,2119185,불참,2022-12-28
21,DAN6731C,2119185,불참,2022-12-28
21,VG24001G,2119185,찬성,2022-12-28
21,L2I9861C,2119185,찬성,2022-12-28
21,WCD5518S,2119185,찬성,2022-12-28
21,SVH3899R,2119185,불참,2022-12-28
21,9JF4562W,2119185,찬성,2022-12-28
21,Y7K5946R,2119185,불참,2022-12-28
21,ATB59635,2119185,찬성,2022-12-28
21,SBK1544B,2119185,불참,2022-12-28
21,KUO3574J,2119185,찬성,2022-12-28
21,D6U6678O,2119185,찬성,2022-12-28
21,FU87526G,2119185,찬성,2022-12-28
21,S9U45255,2119185,불참,2022-12-28
21,8SV6917G,2119185,찬성,2022-12-28
21,QKO6165V,2119185,불참,2022-12-28
21,ZRF3039U,2119185,찬성,2022-12-28
21,V0O5343U,2119185,불참,2022-12-28
21,68P7228G,2119185,찬성,2022-12-28
21,FRN1867O,2119185,불참,2022-12-28
21,LQW3652K,2119185,찬성,2022-12-28
21,UB114374,2119185,찬성,2022-12-28
21,GAV6441G,2119185,찬성,2022-12-28
21,40S1959J,2119185,찬성,2022-12-28
21,IL74008M,2119185,찬성,2022-12-28
21,CNZ51556,2119185,찬성,2022-12-28
21,N4R2421C,2119185,찬성,2022-12-28
21,3C23171A,2119185,찬성,2022-12-28
21,P2N4585G,2119185,찬성,2022-12-28
21,7R156073,2119185,찬성,2022-12-28
21,J2O8643H,2119185,찬성,2022-12-28
21,VCP96419,2119185,불참,2022-12-28
21,6AU2417B,2119185,불참,2022-12-28
21,8VJ8533R,2119185,불참,2022-12-28
21,SE233396,2119185,찬성,2022-12-28
21,AFH96856,2119185,찬성,2022-12-28
21,52P3934K,2119185,찬성,2022-12-28
21,6399076T,2119185,찬성,2022-12-28
21,4U29186R,2119185,찬성,2022-12-28
21,F5Y4026Q,2119185,찬성,2022-12-28
21,WHV3448W,2119185,찬성,2022-12-28
21,6RD62559,2119185,찬성,2022-12-28
21,I0S53762,2119185,불참,2022-12-28
21,TKJ4800F,2119185,찬성,2022-12-28
21,O6D8329R,2119185,불참,2022-12-28
21,04T3751T,2119185,불참,2022-12-28
21,EVH1507C,2119185,찬성,2022-12-28
21,14M56632,2119185,불참,2022-12-28
21,5MD4184K,2119185,불참,2022-12-28
21,5K93695T,2119185,찬성,2022-12-28
21,E9R4507P,2119185,찬성,2022-12-28
21,UHB5553T,2119185,기권,2022-12-28
21,KFS1358P,2119185,찬성,2022-12-28
21,J9S37905,2119185,불참,2022-12-28
21,VRY5522V,2119185,찬성,2022-12-28
21,CAA7713A,2119185,찬성,2022-12-28
21,0PK7354M,2119185,찬성,2022-12-28
21,O0I2045I,2119185,찬성,2022-12-28
21,Z6R3959C,2119185,불참,2022-12-28
21,UGH6481E,2119185,찬성,2022-12-28
21,S824682L,2119185,찬성,2022-12-28
21,W4X85128,2119185,찬성,2022-12-28
21,JZY9937U,2119185,불참,2022-12-28
21,MRK4871S,2119185,찬성,2022-12-28
21,YKW37422,2119185,찬성,2022-12-28
21,2NV6751W,2119185,찬성,2022-12-28
21,M7O7878U,2119185,불참,2022-12-28
21,YLS4431M,2119185,불참,2022-12-28
21,3ZR4438W,2119185,찬성,2022-12-28
21,KB04377U,2119185,찬성,2022-12-28
21,FU53642G,2119185,불참,2022-12-28
21,MLH1404S,2119185,불참,2022-12-28
21,8VY63414,2119185,찬성,2022-12-28
21,XR24352K,2119185,찬성,2022-12-28
21,QQP4727N,2119185,불참,2022-12-28
21,JEZ3130Q,2119185,불참,2022-12-28
21,BCQ55105,2119185,불참,2022-12-28
21,5UN9725L,2119185,찬성,2022-12-28
21,LJK4960Z,2119185,찬성,2022-12-28
21,IUD9392R,2119185,찬성,2022-12-28
21,K3W33496,2119185,불참,2022-12-28
21,M2Q9024I,2119185,찬성,2022-12-28
21,DBA1057Z,2119185,불참,2022-12-28
21,CI15627C,2119185,찬성,2022-12-28
21,4019850M,2119185,불참,2022-12-28
21,UQ282145,2119185,불참,2022-12-28
21,9YO73104,2119185,찬성,2022-12-28
21,TRE2429O,2119185,불참,2022-12-28
21,E6U4345C,2119185,불참,2022-12-28
21,7BM2933Y,2119185,찬성,2022-12-28
21,CDL93608,2119185,불참,2022-12-28
21,2UD1340H,2119185,찬성,2022-12-28
21,9VR65006,2119185,불참,2022-12-28
21,X7I4680R,2119185,찬성,2022-12-28
21,EMC8812P,2119185,찬성,2022-12-28
21,XSP20229,2119185,찬성,2022-12-28
21,T465023H,2119185,불참,2022-12-28
21,3RW63706,2119185,찬성,2022-12-28
21,RQQ3807K,2119185,찬성,2022-12-28
21,8X15119P,2119185,불참,2022-12-28
21,ZYP7962W,2119185,불참,2022-12-28
21,CNW5754J,2119185,찬성,2022-12-28
21,3249208I,2119185,불참,2022-12-28
21,8Q88373R,2119185,불참,2022-12-28
21,XEF29171,2119185,찬성,2022-12-28
21,9D939735,2119185,찬성,2022-12-28
21,QTW6852F,2119185,찬성,2022-12-28
21,7XY7109I,2119185,찬성,2022-12-28
21,TST4507I,2119185,찬성,2022-12-28
21,JC14718Q,2119185,찬성,2022-12-28
21,5KV82250,2119185,찬성,2022-12-28
21,L7J93733,2119185,찬성,2022-12-28
21,GE71932C,2119185,불참,2022-12-28
21,6YT83269,2119185,찬성,2022-12-28
21,FDC3144T,2119185,찬성,2022-12-28
21,SQ36001H,2119185,찬성,2022-12-28
21,G1570880,2119185,불참,2022-12-28
21,FOK3459D,2119185,불참,2022-12-28
21,QUO78839,2119185,찬성,2022-12-28
21,MD083627,2119185,찬성,2022-12-28
21,6V37131U,2119185,불참,2022-12-28
21,OSV9142K,2119185,찬성,2022-12-28
21,B7R2742J,2119185,찬성,2022-12-28
21,FJK3396E,2119185,불참,2022-12-28
21,71J2365L,2119185,찬성,2022-12-28
21,7O71647Z,2119185,찬성,2022-12-28
21,W1Q6753M,2119185,찬성,2022-12-28
21,E1J8836Y,2119185,찬성,2022-12-28
21,RD42006Y,2119185,불참,2022-12-28
21,6EN68926,2119185,찬성,2022-12-28
21,QHL3248U,2119185,불참,2022-12-28
21,TZ228122,2119185,찬성,2022-12-28
21,9V18755A,2119185,찬성,2022-12-28
21,XA42275R,2119185,불참,2022-12-28
21,PO64874I,2119185,불참,2022-12-28
21,VHK3402G,2119185,불참,2022-12-28
21,HSS7466Y,2119185,불참,2022-12-28
21,16D7652C,2119185,찬성,2022-12-28
21,9L57027L,2119185,불참,2022-12-28
21,GOC54665,2119185,불참,2022-12-28
21,C7E79345,2119185,불참,2022-12-28
21,XJC13432,2119185,찬성,2022-12-28
21,FH777496,2119185,찬성,2022-12-28
21,FYI20317,2119185,불참,2022-12-28
21,GX38539O,2119185,찬성,2022-12-28
21,WVU2479T,2119185,불참,2022-12-28
21,DAV7257X,2119185,찬성,2022-12-28
21,LT72093S,2119185,찬성,2022-12-28
21,1MU99298,2119185,불참,2022-12-28
21,17M85910,2119185,찬성,2022-12-28
21,G152611B,2119185,불참,2022-12-28
21,I7R13867,2119185,찬성,2022-12-28
21,9LD2641Q,2119185,불참,2022-12-28
21,BT62420K,2119185,찬성,2022-12-28
21,LPB30152,2119185,찬성,2022-12-28
21,TZP9391O,2119185,불참,2022-12-28
21,ZDP5704Q,2119185,불참,2022-12-28
21,1BX7234U,2119185,찬성,2022-12-28
21,TJW93720,2119185,찬성,2022-12-28
21,9S151177,2119185,찬성,2022-12-28
21,LBC8144B,2119185,찬성,2022-12-28
21,FIC9046Z,2119185,불참,2022-12-28
21,KFM1081G,2119185,찬성,2022-12-28
21,4X525582,2119185,찬성,2022-12-28
21,GKD32201,2119185,찬성,2022-12-28
21,G7512472,2119185,찬성,2022-12-28
21,S741317G,2119185,찬성,2022-12-28
21,2N793392,2119185,불참,2022-12-28
21,USR7059P,2119185,찬성,2022-12-28
21,NTT8182Q,2119185,불참,2022-12-28
21,A3H7195R,2119185,불참,2022-12-28
21,HSW1214Q,2119185,불참,2022-12-28
21,NZF1659U,2119185,불참,2022-12-28
21,5765663F,2119185,불참,2022-12-28
21,WJL30106,2119185,불참,2022-12-28
21,KNM3215T,2119185,불참,2022-12-28
21,M7T9712V,2119185,불참,2022-12-28
21,MY318392,2119185,찬성,2022-12-28
21,EH27538E,2119185,찬성,2022-12-28
21,WFU14784,2119185,불참,2022-12-28
21,0WL9321T,2119185,찬성,2022-12-28
21,H5476989,2119185,찬성,2022-12-28
21,HXT76735,2119185,찬성,2022-12-28
21,6RM29022,2119185,불참,2022-12-28
21,V429892C,2119185,불참,2022-12-28
21,2385336L,2119185,찬성,2022-12-28
21,ZA54991S,2119185,찬성,2022-12-28
21,MO52543L,2119185,찬성,2022-12-28
21,WTR5885Y,2119185,찬성,2022-12-28
21,25I8709Q,2119185,찬성,2022-12-28
21,6MO8786S,2119185,찬성,2022-12-28
21,XWX1513T,2119185,찬성,2022-12-28
21,OW53107J,2119185,찬성,2022-12-28
21,IOW8224X,2119185,찬성,2022-12-28
21,Z7Y7827F,2119185,찬성,2022-12-28
21,8FC9697X,2119185,불참,2022-12-28
21,GD131760,2119185,찬성,2022-12-28
21,P0F1530P,2119185,불참,2022-12-28
21,XPP2564T,2119185,불참,2022-12-28
21,RO593601,2119185,찬성,2022-12-28
21,PFG2137X,2119185,찬성,2022-12-28
21,0YT3774N,2119185,불참,2022-12-28
21,7JC3239L,2119185,찬성,2022-12-28
21,8KF7223D,2119185,불참,2022-12-28
21,8P37634C,2119185,찬성,2022-12-28
21,GDG1847Z,2119185,불참,2022-12-28
21,O7R5461J,2119185,찬성,2022-12-28
21,JMY9959W,2119185,찬성,2022-12-28
21,6AR6743G,2119185,찬성,2022-12-28
21,B7D7534L,2119185,찬성,2022-12-28
21,GX22581L,2119185,찬성,2022-12-28
21,B7H6207C,2119185,찬성,2022-12-28
21,1Y73132H,2119185,찬성,2022-12-28
21,LH97552Q,2119185,찬성,2022-12-28
21,MSY7784L,2119185,불참,2022-12-28
21,K5F2023J,2119185,불참,2022-12-28
21,N9X9673B,2119185,불참,2022-12-28
21,DPZ7685X,2119185,찬성,2022-12-28
21,6U243644,2119185,찬성,2022-12-28
21,A494529E,2119185,찬성,2022-12-28
21,CZB4125D,2119185,불참,2022-12-28
21,QUM8288K,2119185,찬성,2022-12-28
21,Q9H5708M,2119185,불참,2022-12-28
21,BM63269Y,2119185,찬성,2022-12-28
21,MNZ4401T,2119185,찬성,2022-12-28
21,FIC9046Z,2108475,찬성,2021-08-31
21,JNL7001A,2108475,불참,2021-08-31
21,GKD32201,2108475,불참,2021-08-31
21,G7512472,2108475,찬성,2021-08-31
21,S741317G,2108475,반대,2021-08-31
21,CCU1009B,2108475,찬성,2021-08-31
21,MU69217P,2108475,불참,2021-08-31
21,2N793392,2108475,불참,2021-08-31
21,QD25323M,2108475,찬성,2021-08-31
21,DAY6557K,2108475,찬성,2021-08-31
21,GP07421U,2108475,찬성,2021-08-31
21,FGI27280,2108475,찬성,2021-08-31
21,4XG1439M,2108475,불참,2021-08-31
21,A0P4646G,2108475,찬성,2021-08-31
21,7I09543O,2108475,찬성,2021-08-31
21,3DK8989T,2108475,찬성,2021-08-31
21,7469929V,2108475,불참,2021-08-31
21,09I2323E,2108475,불참,2021-08-31
21,A3H7195R,2108475,불참,2021-08-31
21,ZYH1940A,2108475,불참,2021-08-31
21,M0A1658U,2108475,찬성,2021-08-31
21,HSW1214Q,2108475,찬성,2021-08-31
21,NZF1659U,2108475,찬성,2021-08-31
21,WDS6044S,2108475,불참,2021-08-31
21,3BC6890E,2108475,기권,2021-08-31
21,ZDR63255,2108475,찬성,2021-08-31
21,SRP7336N,2108475,불참,2021-08-31
21,5765663F,2108475,불참,2021-08-31
21,GFF1986K,2108475,불참,2021-08-31
21,WJL30106,2108475,불참,2021-08-31
21,5KV96424,2108475,찬성,2021-08-31
21,KNM3215T,2108475,찬성,2021-08-31
21,60490713,2108475,불참,2021-08-31
21,1WE5693J,2108475,찬성,2021-08-31
21,X3170462,2108475,찬성,2021-08-31
21,MY318392,2108475,불참,2021-08-31
21,4T026790,2108475,찬성,2021-08-31
21,WFU14784,2108475,불참,2021-08-31
21,SU53086M,2108475,불참,2021-08-31
21,GF286398,2108475,불참,2021-08-31
21,8348421R,2108475,불참,2021-08-31
21,JQA21112,2108475,기권,2021-08-31
21,4L695580,2108475,찬성,2021-08-31
21,40E3739H,2108475,기권,2021-08-31
21,HXT76735,2108475,불참,2021-08-31
21,RPN2293B,2108475,불참,2021-08-31
21,V429892C,2108475,불참,2021-08-31
21,XBT9550Q,2108475,불참,2021-08-31
21,ZA54991S,2108475,불참,2021-08-31
21,MO52543L,2108475,불참,2021-08-31
21,0827740Q,2108475,찬성,2021-08-31
21,X1K3667J,2108475,불참,2021-08-31
21,I5I2468R,2108475,불참,2021-08-31
21,L5P27909,2108475,불참,2021-08-31
21,IOW1101J,2108475,기권,2021-08-31
21,ICH23251,2108475,불참,2021-08-31
21,25I8709Q,2108475,찬성,2021-08-31
21,6MO8786S,2108475,불참,2021-08-31
21,XWX1513T,2108475,불참,2021-08-31
21,CT85313K,2108475,불참,2021-08-31
21,PAO22428,2108475,찬성,2021-08-31
21,BLC8630L,2108475,찬성,2021-08-31
21,NQR1206Q,2108475,불참,2021-08-31
21,NAL4555X,2108475,불참,2021-08-31
21,PEP6922S,2108475,불참,2021-08-31
21,WCD5518S,2108475,찬성,2021-08-31
21,SVH3899R,2108475,기권,2021-08-31
21,Y7K5946R,2108475,불참,2021-08-31
21,SBK1544B,2108475,찬성,2021-08-31
21,D6U6678O,2108475,기권,2021-08-31
21,S9U45255,2108475,불참,2021-08-31
21,8FC9697X,2108475,불참,2021-08-31
21,QKO6165V,2108475,불참,2021-08-31
21,ZRF3039U,2108475,불참,2021-08-31
21,V0O5343U,2108475,불참,2021-08-31
21,P0F1530P,2108475,불참,2021-08-31
21,FRN1867O,2108475,불참,2021-08-31
21,LQW3652K,2108475,찬성,2021-08-31
21,GAV6441G,2108475,찬성,2021-08-31
21,7JC3239L,2108475,불참,2021-08-31
21,8P37634C,2108475,불참,2021-08-31
21,CNZ51556,2108475,반대,2021-08-31
21,GDG1847Z,2108475,불참,2021-08-31
21,O7R5461J,2108475,불참,2021-08-31
21,TVF3669B,2108475,불참,2021-08-31
21,JMY9959W,2108475,찬성,2021-08-31
21,6AR6743G,2108475,불참,2021-08-31
21,J2O8643H,2108475,찬성,2021-08-31
21,VCP96419,2108475,찬성,2021-08-31
21,8VJ8533R,2108475,불참,2021-08-31
21,B7D7534L,2108475,찬성,2021-08-31
21,SE233396,2108475,기권,2021-08-31
21,52P3934K,2108475,불참,2021-08-31
21,6399076T,2108475,찬성,2021-08-31
21,4U29186R,2108475,찬성,2021-08-31
21,F5Y4026Q,2108475,찬성,2021-08-31
21,WHV3448W,2108475,찬성,2021-08-31
21,I0S53762,2108475,불참,2021-08-31
21,O6D8329R,2108475,찬성,2021-08-31
21,EVH1507C,2108475,찬성,2021-08-31
21,N9X9673B,2108475,불참,2021-08-31
21,5MD4184K,2108475,찬성,2021-08-31
21,5K93695T,2108475,찬성,2021-08-31
21,6U243644,2108475,찬성,2021-08-31
21,UHB5553T,2108475,찬성,2021-08-31
21,KFS1358P,2108475,불참,2021-08-31
21,J9S37905,2108475,불참,2021-08-31
21,A494529E,2108475,찬성,2021-08-31
21,VRY5522V,2108475,불참,2021-08-31
21,0PK7354M,2108475,찬성,2021-08-31
21,S824682L,2108475,찬성,2021-08-31
21,Q9H5708M,2108475,불참,2021-08-31
21,CFE3998F,2108475,불참,2021-08-31
21,JZY9937U,2108475,찬성,2021-08-31
21,MRK4871S,2108475,기권,2021-08-31
21,YKW37422,2108475,불참,2021-08-31
21,2NV6751W,2108475,찬성,2021-08-31
21,BM63269Y,2108475,불참,2021-08-31
21,M7O7878U,2108475,불참,2021-08-31
21,YLS4431M,2108475,기권,2021-08-31
21,3ZR4438W,2108475,불참,2021-08-31
21,16D7652C,2108475,불참,2021-08-31
21,KB04377U,2108475,불참,2021-08-31
21,MLH1404S,2108475,불참,2021-08-31
21,8VY63414,2108475,찬성,2021-08-31
21,XR24352K,2108475,불참,2021-08-31
21,QQP4727N,2108475,불참,2021-08-31
21,IUL4848V,2108475,불참,2021-08-31
21,JEZ3130Q,2108475,찬성,2021-08-31
21,BCQ55105,2108475,찬성,2021-08-31
21,9L57027L,2108475,불참,2021-08-31
21,GOC54665,2108475,찬성,2021-08-31
21,LJK4960Z,2108475,기권,2021-08-31
21,M2Q9024I,2108475,불참,2021-08-31
21,DBA1057Z,2108475,불참,2021-08-31
21,CI15627C,2108475,불참,2021-08-31
21,C7E79345,2108475,불참,2021-08-31
21,4019850M,2108475,찬성,2021-08-31
21,UQ282145,2108475,불참,2021-08-31
21,9YO73104,2108475,불참,2021-08-31
21,TRE2429O,2108475,불참,2021-08-31
21,E6U4345C,2108475,불참,2021-08-31
21,7BM2933Y,2108475,찬성,2021-08-31
21,CDL93608,2108475,찬성,2021-08-31
21,2UD1340H,2108475,찬성,2021-08-31
21,9VR65006,2108475,불참,2021-08-31
21,X7I4680R,2108475,찬성,2021-08-31
21,XJC13432,2108475,찬성,2021-08-31
21,D0C85236,2108475,불참,2021-08-31
21,XSP20229,2108475,찬성,2021-08-31
21,T465023H,2108475,찬성,2021-08-31
21,3RW63706,2108475,불참,2021-08-31
21,FH777496,2108475,찬성,2021-08-31
21,8X15119P,2108475,불참,2021-08-31
21,CNW5754J,2108475,기권,2021-08-31
21,GX38539O,2108475,찬성,2021-08-31
21,9D939735,2108475,불참,2021-08-31
21,QTW6852F,2108475,불참,2021-08-31
21,TST4507I,2108475,찬성,2021-08-31
21,JC14718Q,2108475,찬성,2021-08-31
21,5KV82250,2108475,기권,2021-08-31
21,L7J93733,2108475,불참,2021-08-31
21,LT72093S,2108475,불참,2021-08-31
21,6YT83269,2108475,반대,2021-08-31
21,1MU99298,2108475,찬성,2021-08-31
21,FDC3144T,2108475,반대,2021-08-31
21,17M85910,2108475,찬성,2021-08-31
21,G152611B,2108475,찬성,2021-08-31
21,9LD2641Q,2108475,찬성,2021-08-31
21,FOK3459D,2108475,찬성,2021-08-31
21,QUO78839,2108475,찬성,2021-08-31
21,BT62420K,2108475,찬성,2021-08-31
21,6V37131U,2108475,찬성,2021-08-31
21,OSV9142K,2108475,찬성,2021-08-31
21,FJK3396E,2108475,불참,2021-08-31
21,71J2365L,2108475,반대,2021-08-31
21,7O71647Z,2108475,찬성,2021-08-31
21,MHK9919B,2108475,기권,2021-08-31
21,RD42006Y,2108475,불참,2021-08-31
21,1BX7234U,2108475,찬성,2021-08-31
21,QHL3248U,2108475,불참,2021-08-31
21,AE685067,2108475,찬성,2021-08-31
21,TJW93720,2108475,찬성,2021-08-31
21,TZ228122,2108475,찬성,2021-08-31
21,9V18755A,2108475,찬성,2021-08-31
21,XA42275R,2108475,찬성,2021-08-31
21,PO64874I,2108475,찬성,2021-08-31
21,GX22581L,2108475,불참,2021-08-31
21,AFH96856,2108475,불참,2021-08-31
21,B7H6207C,2108475,불참,2021-08-31
21,1Y73132H,2108475,불참,2021-08-31
21,LH97552Q,2108475,찬성,2021-08-31
21,TKJ4800F,2108475,찬성,2021-08-31
21,04T3751T,2108475,찬성,2021-08-31
21,MSY7784L,2108475,불참,2021-08-31
21,K5F2023J,2108475,찬성,2021-08-31
21,14M56632,2108475,기권,2021-08-31
21,DPZ7685X,2108475,찬성,2021-08-31
21,E9R4507P,2108475,반대,2021-08-31
21,CAA7713A,2108475,기권,2021-08-31
21,O0I2045I,2108475,불참,2021-08-31
21,CZB4125D,2108475,불참,2021-08-31
21,Z6R3959C,2108475,불참,2021-08-31
21,QUM8288K,2108475,찬성,2021-08-31
21,UGH6481E,2108475,찬성,2021-08-31
21,W4X85128,2108475,불참,2021-08-31
21,MNZ4401T,2108475,불참,2021-08-31
21,HSS7466Y,2108475,찬성,2021-08-31
21,FU53642G,2108475,찬성,2021-08-31
21,5UN9725L,2108475,불참,2021-08-31
21,K3W33496,2108475,불참,2021-08-31
21,21N57758,2108475,불참,2021-08-31
21,EMC8812P,2108475,찬성,2021-08-31
21,RQQ3807K,2108475,찬성,2021-08-31
21,FYI20317,2108475,찬성,2021-08-31
21,ZYP7962W,2108475,불참,2021-08-31
21,3249208I,2108475,찬성,2021-08-31
21,8Q88373R,2108475,찬성,2021-08-31
21,XEF29171,2108475,찬성,2021-08-31
21,WVU2479T,2108475,불참,2021-08-31
21,7XY7109I,2108475,불참,2021-08-31
21,DAV7257X,2108475,찬성,2021-08-31
21,GE71932C,2108475,찬성,2021-08-31
21,I7R13867,2108475,찬성,2021-08-31
21,SQ36001H,2108475,불참,2021-08-31
21,G1570880,2108475,찬성,2021-08-31
21,LPB30152,2108475,불참,2021-08-31
21,MD083627,2108475,찬성,2021-08-31
21,TZP9391O,2108475,불참,2021-08-31
21,B7R2742J,2108475,찬성,2021-08-31
21,ZDP5704Q,2108475,불참,2021-08-31
21,W1Q6753M,2108475,찬성,2021-08-31
21,E1J8836Y,2108475,기권,2021-08-31
21,6EN68926,2108475,불참,2021-08-31
21,9S151177,2108475,찬성,2021-08-31
21,L7T64271,2108475,찬성,2021-08-31
21,4X525582,2108475,불참,2021-08-31
21,3TO11703,2108475,찬성,2021-08-31
21,66W6739S,2108475,기권,2021-08-31
21,LM13674V,2108475,불참,2021-08-31
21,USR7059P,2108475,기권,2021-08-31
21,P2N50879,2108475,찬성,2021-08-31
21,A2V51235,2108475,찬성,2021-08-31
21,1X376850,2108475,불참,2021-08-31
21,D4L60530,2108475,불참,2021-08-31
21,M6H1705E,2108475,찬성,2021-08-31
21,OFE45081,2108475,불참,2021-08-31
21,NTT8182Q,2108475,찬성,2021-08-31
21,0VU8517U,2108475,불참,2021-08-31
21,KR14136C,2108475,불참,2021-08-31
21,ZKU88693,2108475,찬성,2021-08-31
21,M7T9712V,2108475,찬성,2021-08-31
21,UM51067K,2108475,찬성,2021-08-31
21,HKJ99607,2108475,찬성,2021-08-31
21,8FB1535Y,2108475,찬성,2021-08-31
21,EH27538E,2108475,기권,2021-08-31
21,0WL9321T,2108475,찬성,2021-08-31
21,PZA4062H,2108475,찬성,2021-08-31
21,MR210505,2108475,찬성,2021-08-31
21,H5476989,2108475,찬성,2021-08-31
21,0R68099X,2108475,찬성,2021-08-31
21,4A067125,2108475,불참,2021-08-31
21,2385336L,2108475,찬성,2021-08-31
21,IN328264,2108475,불참,2021-08-31
21,0W194007,2108475,찬성,2021-08-31
21,WMG57662,2108475,찬성,2021-08-31
21,NCP9875N,2108475,찬성,2021-08-31
21,WTR5885Y,2108475,찬성,2021-08-31
21,3425169D,2108475,찬성,2021-08-31
21,OIA3741M,2108475,불참,2021-08-31
21,0767470D,2108475,불참,2021-08-31
21,LG63087O,2108475,불참,2021-08-31
21,OW53107J,2108475,찬성,2021-08-31
21,DAN6731C,2108475,불참,2021-08-31
21,VG24001G,2108475,불참,2021-08-31
21,L2I9861C,2108475,찬성,2021-08-31
21,I434361W,2108475,찬성,2021-08-31
21,IOW8224X,2108475,불참,2021-08-31
21,9JF4562W,2108475,찬성,2021-08-31
21,Z7Y7827F,2108475,찬성,2021-08-31
21,ATB59635,2108475,찬성,2021-08-31
21,KUO3574J,2108475,찬성,2021-08-31
21,FU87526G,2108475,기권,2021-08-31
21,8SV6917G,2108475,불참,2021-08-31
21,GD131760,2108475,불참,2021-08-31
21,68P7228G,2108475,불참,2021-08-31
21,XPP2564T,2108475,불참,2021-08-31
21,RO593601,2108475,불참,2021-08-31
21,PFG2137X,2108475,반대,2021-08-31
21,UB114374,2108475,불참,2021-08-31
21,0YT3774N,2108475,불참,2021-08-31
21,40S1959J,2108475,찬성,2021-08-31
21,IL74008M,2108475,찬성,2021-08-31
21,8KF7223D,2108475,불참,2021-08-31
21,N4R2421C,2108475,불참,2021-08-31
21,3C23171A,2108475,찬성,2021-08-31
21,P2N4585G,2108475,찬성,2021-08-31
21,7R156073,2108475,불참,2021-08-31
21,6AU2417B,2108475,찬성,2021-08-31
21,NUB4941Z,2124018,찬성,2024-01-09
21,9S151177,2124018,찬성,2024-01-09
21,A0P4646G,2124018,찬성,2024-01-09
21,A2V51235,2124018,찬성,2024-01-09
21,M0A1658U,2124018,찬성,2024-01-09
21,1WE5693J,2124018,불참,2024-01-09
21,X3170462,2124018,불참,2024-01-09
21,8FB1535Y,2124018,찬성,2024-01-09
21,WFU14784,2124018,찬성,2024-01-09
21,JQA21112,2124018,불참,2024-01-09
21,MQU41854,2124018,불참,2024-01-09
21,0827740Q,2124018,찬성,2024-01-09
21,0W194007,2124018,찬성,2024-01-09
21,NCP9875N,2124018,찬성,2024-01-09
21,3425169D,2124018,찬성,2024-01-09
21,CT85313K,2124018,찬성,2024-01-09
21,LG63087O,2124018,찬성,2024-01-09
21,SVH3899R,2124018,찬성,2024-01-09
21,KUO3574J,2124018,찬성,2024-01-09
21,8FC9697X,2124018,찬성,2024-01-09
21,ZRF3039U,2124018,불참,2024-01-09
21,0YT3774N,2124018,찬성,2024-01-09
21,8KF7223D,2124018,찬성,2024-01-09
21,GX22581L,2124018,찬성,2024-01-09
21,52P3934K,2124018,찬성,2024-01-09
21,F5Y4026Q,2124018,찬성,2024-01-09
21,WHV3448W,2124018,찬성,2024-01-09
21,O6D8329R,2124018,찬성,2024-01-09
21,N9X9673B,2124018,불참,2024-01-09
21,CZB4125D,2124018,불참,2024-01-09
21,YKW37422,2124018,찬성,2024-01-09
21,JEZ3130Q,2124018,불참,2024-01-09
21,BCQ55105,2124018,찬성,2024-01-09
21,IUD9392R,2124018,불참,2024-01-09
21,DBA1057Z,2124018,불참,2024-01-09
21,3RW63706,2124018,찬성,2024-01-09
21,CNW5754J,2124018,찬성,2024-01-09
21,8Q88373R,2124018,불참,2024-01-09
21,LT72093S,2124018,찬성,2024-01-09
21,FDC3144T,2124018,찬성,2024-01-09
21,I7R13867,2124018,불참,2024-01-09
21,OSV9142K,2124018,찬성,2024-01-09
21,B7R2742J,2124018,찬성,2024-01-09
21,RD42006Y,2124018,불참,2024-01-09
21,P2N50879,2124018,찬성,2024-01-09
21,F5U2979W,2124018,불참,2024-01-09
21,YOG1280B,2124018,기권,2024-01-09
21,FIC9046Z,2124018,찬성,2024-01-09
21,DWK26447,2124018,찬성,2024-01-09
21,KFM1081G,2124018,찬성,2024-01-09
21,F0I5053J,2124018,찬성,2024-01-09
21,MSO2590I,2124018,찬성,2024-01-09
21,NLR6572J,2124018,찬성,2024-01-09
21,YTA7297R,2124018,불참,2024-01-09
21,L7T64271,2124018,찬성,2024-01-09
21,4X525582,2124018,불참,2024-01-09
21,GKD32201,2124018,찬성,2024-01-09
21,G7512472,2124018,찬성,2024-01-09
21,3TO11703,2124018,찬성,2024-01-09
21,S741317G,2124018,찬성,2024-01-09
21,CCU1009B,2124018,찬성,2024-01-09
21,MU69217P,2124018,찬성,2024-01-09
21,2N793392,2124018,찬성,2024-01-09
21,LM13674V,2124018,찬성,2024-01-09
21,QD25323M,2124018,찬성,2024-01-09
21,JVB6983V,2124018,찬성,2024-01-09
21,DAY6557K,2124018,찬성,2024-01-09
21,GP07421U,2124018,찬성,2024-01-09
21,FGI27280,2124018,불참,2024-01-09
21,USR7059P,2124018,불참,2024-01-09
21,4XG1439M,2124018,찬성,2024-01-09
21,7I09543O,2124018,찬성,2024-01-09
21,3DK8989T,2124018,찬성,2024-01-09
21,7469929V,2124018,찬성,2024-01-09
21,D4L60530,2124018,불참,2024-01-09
21,M6H1705E,2124018,찬성,2024-01-09
21,OFE45081,2124018,찬성,2024-01-09
21,09I2323E,2124018,찬성,2024-01-09
21,NTT8182Q,2124018,찬성,2024-01-09
21,A3H7195R,2124018,찬성,2024-01-09
21,ZYH1940A,2124018,찬성,2024-01-09
21,0VU8517U,2124018,불참,2024-01-09
21,HSW1214Q,2124018,찬성,2024-01-09
21,NZF1659U,2124018,찬성,2024-01-09
21,WDS6044S,2124018,찬성,2024-01-09
21,3BC6890E,2124018,찬성,2024-01-09
21,ZDR63255,2124018,찬성,2024-01-09
21,KR14136C,2124018,찬성,2024-01-09
21,5765663F,2124018,찬성,2024-01-09
21,GFF1986K,2124018,찬성,2024-01-09
21,ZKU88693,2124018,찬성,2024-01-09
21,WJL30106,2124018,찬성,2024-01-09
21,5KV96424,2124018,찬성,2024-01-09
21,KNM3215T,2124018,불참,2024-01-09
21,M7T9712V,2124018,찬성,2024-01-09
21,60490713,2124018,찬성,2024-01-09
21,UM51067K,2124018,찬성,2024-01-09
21,HKJ99607,2124018,찬성,2024-01-09
21,MY318392,2124018,찬성,2024-01-09
21,4T026790,2124018,찬성,2024-01-09
21,EH27538E,2124018,찬성,2024-01-09
21,SU53086M,2124018,찬성,2024-01-09
21,0WL9321T,2124018,찬성,2024-01-09
21,PZA4062H,2124018,찬성,2024-01-09
21,MR210505,2124018,찬성,2024-01-09
21,GF286398,2124018,불참,2024-01-09
21,8348421R,2124018,찬성,2024-01-09
21,H5476989,2124018,불참,2024-01-09
21,4L695580,2124018,찬성,2024-01-09
21,40E3739H,2124018,찬성,2024-01-09
21,6FS10566,2124018,찬성,2024-01-09
21,HXT76735,2124018,찬성,2024-01-09
21,RPN2293B,2124018,찬성,2024-01-09
21,0R68099X,2124018,기권,2024-01-09
21,6RM29022,2124018,찬성,2024-01-09
21,V429892C,2124018,찬성,2024-01-09
21,2385336L,2124018,불참,2024-01-09
21,IN328264,2124018,불참,2024-01-09
21,XBT9550Q,2124018,찬성,2024-01-09
21,ZA54991S,2124018,찬성,2024-01-09
21,MO52543L,2124018,찬성,2024-01-09
21,X1K3667J,2124018,불참,2024-01-09
21,WMG57662,2124018,찬성,2024-01-09
21,I5I2468R,2124018,찬성,2024-01-09
21,WTR5885Y,2124018,찬성,2024-01-09
21,IOW1101J,2124018,불참,2024-01-09
21,25I8709Q,2124018,찬성,2024-01-09
21,OIA3741M,2124018,찬성,2024-01-09
21,6MO8786S,2124018,찬성,2024-01-09
21,XWX1513T,2124018,불참,2024-01-09
21,BLC8630L,2124018,찬성,2024-01-09
21,NQR1206Q,2124018,찬성,2024-01-09
21,OW53107J,2124018,찬성,2024-01-09
21,PEP6922S,2124018,찬성,2024-01-09
21,DAN6731C,2124018,기권,2024-01-09
21,VG24001G,2124018,찬성,2024-01-09
21,L2I9861C,2124018,찬성,2024-01-09
21,WCD5518S,2124018,찬성,2024-01-09
21,IOW8224X,2124018,찬성,2024-01-09
21,9JF4562W,2124018,찬성,2024-01-09
21,Y7K5946R,2124018,찬성,2024-01-09
21,Z7Y7827F,2124018,찬성,2024-01-09
21,ATB59635,2124018,찬성,2024-01-09
21,D6U6678O,2124018,찬성,2024-01-09
21,FU87526G,2124018,찬성,2024-01-09
21,S9U45255,2124018,찬성,2024-01-09
21,8SV6917G,2124018,불참,2024-01-09
21,QKO6165V,2124018,불참,2024-01-09
21,GD131760,2124018,찬성,2024-01-09
21,V0O5343U,2124018,불참,2024-01-09
21,68P7228G,2124018,찬성,2024-01-09
21,P0F1530P,2124018,찬성,2024-01-09
21,XPP2564T,2124018,찬성,2024-01-09
21,FRN1867O,2124018,불참,2024-01-09
21,LQW3652K,2124018,불참,2024-01-09
21,RO593601,2124018,찬성,2024-01-09
21,PFG2137X,2124018,찬성,2024-01-09
21,UB114374,2124018,불참,2024-01-09
21,GAV6441G,2124018,찬성,2024-01-09
21,7JC3239L,2124018,찬성,2024-01-09
21,40S1959J,2124018,불참,2024-01-09
21,IL74008M,2124018,찬성,2024-01-09
21,8P37634C,2124018,찬성,2024-01-09
21,CNZ51556,2124018,찬성,2024-01-09
21,N4R2421C,2124018,찬성,2024-01-09
21,3C23171A,2124018,찬성,2024-01-09
21,GDG1847Z,2124018,찬성,2024-01-09
21,P2N4585G,2124018,찬성,2024-01-09
21,O7R5461J,2124018,불참,2024-01-09
21,JMY9959W,2124018,불참,2024-01-09
21,7R156073,2124018,찬성,2024-01-09
21,6AR6743G,2124018,불참,2024-01-09
21,J2O8643H,2124018,불참,2024-01-09
21,VCP96419,2124018,찬성,2024-01-09
21,6AU2417B,2124018,불참,2024-01-09
21,8VJ8533R,2124018,찬성,2024-01-09
21,B7D7534L,2124018,찬성,2024-01-09
21,SE233396,2124018,불참,2024-01-09
21,AFH96856,2124018,찬성,2024-01-09
21,B7H6207C,2124018,찬성,2024-01-09
21,6399076T,2124018,찬성,2024-01-09
21,4U29186R,2124018,불참,2024-01-09
21,6RD62559,2124018,찬성,2024-01-09
21,1Y73132H,2124018,찬성,2024-01-09
21,I0S53762,2124018,찬성,2024-01-09
21,LH97552Q,2124018,찬성,2024-01-09
21,TKJ4800F,2124018,찬성,2024-01-09
21,04T3751T,2124018,찬성,2024-01-09
21,MSY7784L,2124018,찬성,2024-01-09
21,EVH1507C,2124018,찬성,2024-01-09
21,K5F2023J,2124018,찬성,2024-01-09
21,14M56632,2124018,찬성,2024-01-09
21,5MD4184K,2124018,찬성,2024-01-09
21,5K93695T,2124018,찬성,2024-01-09
21,DPZ7685X,2124018,찬성,2024-01-09
21,6U243644,2124018,찬성,2024-01-09
21,E9R4507P,2124018,찬성,2024-01-09
21,UHB5553T,2124018,불참,2024-01-09
21,KFS1358P,2124018,찬성,2024-01-09
21,J9S37905,2124018,불참,2024-01-09
21,A494529E,2124018,불참,2024-01-09
21,VRY5522V,2124018,찬성,2024-01-09
21,CAA7713A,2124018,찬성,2024-01-09
21,0PK7354M,2124018,찬성,2024-01-09
21,O0I2045I,2124018,찬성,2024-01-09
21,Z6R3959C,2124018,불참,2024-01-09
21,QUM8288K,2124018,불참,2024-01-09
21,UGH6481E,2124018,찬성,2024-01-09
21,S824682L,2124018,찬성,2024-01-09
21,W4X85128,2124018,찬성,2024-01-09
21,Q9H5708M,2124018,불참,2024-01-09
21,JZY9937U,2124018,불참,2024-01-09
21,MRK4871S,2124018,찬성,2024-01-09
21,2NV6751W,2124018,불참,2024-01-09
21,BM63269Y,2124018,찬성,2024-01-09
21,M7O7878U,2124018,불참,2024-01-09
21,YLS4431M,2124018,찬성,2024-01-09
21,MNZ4401T,2124018,불참,2024-01-09
21,3ZR4438W,2124018,찬성,2024-01-09
21,HSS7466Y,2124018,찬성,2024-01-09
21,16D7652C,2124018,불참,2024-01-09
21,KB04377U,2124018,찬성,2024-01-09
21,FU53642G,2124018,찬성,2024-01-09
21,MLH1404S,2124018,불참,2024-01-09
21,8VY63414,2124018,찬성,2024-01-09
21,XR24352K,2124018,찬성,2024-01-09
21,QQP4727N,2124018,불참,2024-01-09
21,9L57027L,2124018,찬성,2024-01-09
21,GOC54665,2124018,불참,2024-01-09
21,5UN9725L,2124018,불참,2024-01-09
21,LJK4960Z,2124018,찬성,2024-01-09
21,K3W33496,2124018,찬성,2024-01-09
21,NCO99988,2124018,찬성,2024-01-09
21,M2Q9024I,2124018,불참,2024-01-09
21,CI15627C,2124018,불참,2024-01-09
21,C7E79345,2124018,불참,2024-01-09
21,4019850M,2124018,찬성,2024-01-09
21,UQ282145,2124018,불참,2024-01-09
21,9YO73104,2124018,찬성,2024-01-09
21,TRE2429O,2124018,불참,2024-01-09
21,E6U4345C,2124018,찬성,2024-01-09
21,7BM2933Y,2124018,찬성,2024-01-09
21,CDL93608,2124018,불참,2024-01-09
21,2UD1340H,2124018,불참,2024-01-09
21,9VR65006,2124018,불참,2024-01-09
21,X7I4680R,2124018,찬성,2024-01-09
21,EMC8812P,2124018,찬성,2024-01-09
21,XJC13432,2124018,찬성,2024-01-09
21,XSP20229,2124018,찬성,2024-01-09
21,T465023H,2124018,기권,2024-01-09
21,RQQ3807K,2124018,불참,2024-01-09
21,FH777496,2124018,찬성,2024-01-09
21,FYI20317,2124018,찬성,2024-01-09
21,8X15119P,2124018,불참,2024-01-09
21,ZYP7962W,2124018,찬성,2024-01-09
21,3249208I,2124018,찬성,2024-01-09
21,GX38539O,2124018,찬성,2024-01-09
21,XEF29171,2124018,찬성,2024-01-09
21,WVU2479T,2124018,불참,2024-01-09
21,9D939735,2124018,불참,2024-01-09
21,QTW6852F,2124018,찬성,2024-01-09
21,7XY7109I,2124018,찬성,2024-01-09
21,TST4507I,2124018,불참,2024-01-09
21,JC14718Q,2124018,찬성,2024-01-09
21,5KV82250,2124018,찬성,2024-01-09
21,L7J93733,2124018,찬성,2024-01-09
21,DAV7257X,2124018,찬성,2024-01-09
21,GE71932C,2124018,찬성,2024-01-09
21,6YT83269,2124018,불참,2024-01-09
21,1MU99298,2124018,찬성,2024-01-09
21,17M85910,2124018,찬성,2024-01-09
21,G152611B,2124018,찬성,2024-01-09
21,SQ36001H,2124018,찬성,2024-01-09
21,G1570880,2124018,찬성,2024-01-09
21,9LD2641Q,2124018,찬성,2024-01-09
21,FOK3459D,2124018,불참,2024-01-09
21,QUO78839,2124018,찬성,2024-01-09
21,BT62420K,2124018,불참,2024-01-09
21,LPB30152,2124018,찬성,2024-01-09
21,MD083627,2124018,찬성,2024-01-09
21,TZP9391O,2124018,찬성,2024-01-09
21,6V37131U,2124018,찬성,2024-01-09
21,FJK3396E,2124018,찬성,2024-01-09
21,ZDP5704Q,2124018,찬성,2024-01-09
21,71J2365L,2124018,찬성,2024-01-09
21,7O71647Z,2124018,찬성,2024-01-09
21,W1Q6753M,2124018,찬성,2024-01-09
21,E1J8836Y,2124018,찬성,2024-01-09
21,6EN68926,2124018,찬성,2024-01-09
21,1BX7234U,2124018,찬성,2024-01-09
21,QHL3248U,2124018,불참,2024-01-09
21,TJW93720,2124018,찬성,2024-01-09
21,TZ228122,2124018,찬성,2024-01-09
21,9V18755A,2124018,찬성,2024-01-09
21,XA42275R,2124018,찬성,2024-01-09
21,PO64874I,2124018,찬성,2024-01-09
21,LBC8144B,2124018,찬성,2024-01-09
21,VHK3402G,2124018,찬성,2024-01-09
21,JNL7001A,2101082,찬성,2020-11-19
21,GKD32201,2101082,찬성,2020-11-19
21,S741317G,2101082,기권,2020-11-19
21,2N793392,2101082,찬성,2020-11-19
21,1X376850,2101082,찬성,2020-11-19
21,D4L60530,2101082,찬성,2020-11-19
21,M6H1705E,2101082,찬성,2020-11-19
21,NTT8182Q,2101082,찬성,2020-11-19
21,NZF1659U,2101082,찬성,2020-11-19
21,WDS6044S,2101082,찬성,2020-11-19
21,GFF1986K,2101082,찬성,2020-11-19
21,WJL30106,2101082,찬성,2020-11-19
21,60490713,2101082,찬성,2020-11-19
21,UM51067K,2101082,찬성,2020-11-19
21,HKJ99607,2101082,찬성,2020-11-19
21,WFU14784,2101082,찬성,2020-11-19
21,H5476989,2101082,찬성,2020-11-19
21,4L695580,2101082,찬성,2020-11-19
21,V429892C,2101082,찬성,2020-11-19
21,2385336L,2101082,찬성,2020-11-19
21,0W194007,2101082,찬성,2020-11-19
21,WTR5885Y,2101082,찬성,2020-11-19
21,IOW1101J,2101082,찬성,2020-11-19
21,OIA3741M,2101082,찬성,2020-11-19
21,PAO22428,2101082,불참,2020-11-19
21,BLC8630L,2101082,불참,2020-11-19
21,0767470D,2101082,불참,2020-11-19
21,PEP6922S,2101082,찬성,2020-11-19
21,DAN6731C,2101082,불참,2020-11-19
21,VG24001G,2101082,찬성,2020-11-19
21,I434361W,2101082,찬성,2020-11-19
21,9JF4562W,2101082,불참,2020-11-19
21,SBK1544B,2101082,찬성,2020-11-19
21,8SV6917G,2101082,불참,2020-11-19
21,ZRF3039U,2101082,찬성,2020-11-19
21,V0O5343U,2101082,찬성,2020-11-19
21,68P7228G,2101082,찬성,2020-11-19
21,7JC3239L,2101082,찬성,2020-11-19
21,CNZ51556,2101082,찬성,2020-11-19
21,N4R2421C,2101082,불참,2020-11-19
21,3C23171A,2101082,찬성,2020-11-19
21,LNR7932L,2101082,불참,2020-11-19
21,O7R5461J,2101082,찬성,2020-11-19
21,J2O8643H,2101082,찬성,2020-11-19
21,VCP96419,2101082,찬성,2020-11-19
21,GX22581L,2101082,찬성,2020-11-19
21,6399076T,2101082,찬성,2020-11-19
21,F5Y4026Q,2101082,찬성,2020-11-19
21,MSY7784L,2101082,찬성,2020-11-19
21,5MD4184K,2101082,찬성,2020-11-19
21,5K93695T,2101082,찬성,2020-11-19
21,DPZ7685X,2101082,찬성,2020-11-19
21,KFS1358P,2101082,찬성,2020-11-19
21,A494529E,2101082,찬성,2020-11-19
21,CZB4125D,2101082,불참,2020-11-19
21,Z6R3959C,2101082,불참,2020-11-19
21,UGH6481E,2101082,찬성,2020-11-19
21,S824682L,2101082,찬성,2020-11-19
21,Q9H5708M,2101082,찬성,2020-11-19
21,2NV6751W,2101082,찬성,2020-11-19
21,QQP4727N,2101082,찬성,2020-11-19
21,LJK4960Z,2101082,찬성,2020-11-19
21,K3W33496,2101082,찬성,2020-11-19
21,CI15627C,2101082,불참,2020-11-19
21,21N57758,2101082,찬성,2020-11-19
21,2UD1340H,2101082,찬성,2020-11-19
21,EMC8812P,2101082,불참,2020-11-19
21,T465023H,2101082,찬성,2020-11-19
21,FH777496,2101082,찬성,2020-11-19
21,7XY7109I,2101082,찬성,2020-11-19
21,TST4507I,2101082,찬성,2020-11-19
21,JC14718Q,2101082,찬성,2020-11-19
21,5KV82250,2101082,찬성,2020-11-19
21,L7J93733,2101082,찬성,2020-11-19
21,6YT83269,2101082,찬성,2020-11-19
21,1MU99298,2101082,찬성,2020-11-19
21,FDC3144T,2101082,찬성,2020-11-19
21,SQ36001H,2101082,찬성,2020-11-19
21,9LD2641Q,2101082,찬성,2020-11-19
21,FOK3459D,2101082,찬성,2020-11-19
21,71J2365L,2101082,찬성,2020-11-19
21,7O71647Z,2101082,찬성,2020-11-19
21,6EN68926,2101082,불참,2020-11-19
21,1BX7234U,2101082,찬성,2020-11-19
21,QHL3248U,2101082,찬성,2020-11-19
21,9V18755A,2101082,찬성,2020-11-19
21,I7R13867,2101082,찬성,2020-11-19
21,G1570880,2101082,찬성,2020-11-19
21,QUO78839,2101082,찬성,2020-11-19
21,BT62420K,2101082,찬성,2020-11-19
21,LPB30152,2101082,찬성,2020-11-19
21,MD083627,2101082,찬성,2020-11-19
21,TZP9391O,2101082,찬성,2020-11-19
21,6V37131U,2101082,찬성,2020-11-19
21,OSV9142K,2101082,찬성,2020-11-19
21,B7R2742J,2101082,찬성,2020-11-19
21,FJK3396E,2101082,찬성,2020-11-19
21,ZDP5704Q,2101082,기권,2020-11-19
21,W1Q6753M,2101082,찬성,2020-11-19
21,MHK9919B,2101082,찬성,2020-11-19
21,E1J8836Y,2101082,찬성,2020-11-19
21,RD42006Y,2101082,불참,2020-11-19
21,AE685067,2101082,찬성,2020-11-19
21,TJW93720,2101082,찬성,2020-11-19
21,9S151177,2101082,찬성,2020-11-19
21,TZ228122,2101082,찬성,2020-11-19
21,XA42275R,2101082,찬성,2020-11-19
21,PO64874I,2101082,찬성,2020-11-19
21,E9R4507P,2101082,찬성,2020-11-19
21,UHB5553T,2101082,찬성,2020-11-19
21,J9S37905,2101082,불참,2020-11-19
21,VRY5522V,2101082,찬성,2020-11-19
21,CAA7713A,2101082,찬성,2020-11-19
21,0PK7354M,2101082,찬성,2020-11-19
21,O0I2045I,2101082,찬성,2020-11-19
21,QUM8288K,2101082,불참,2020-11-19
21,W4X85128,2101082,불참,2020-11-19
21,CFE3998F,2101082,불참,2020-11-19
21,JZY9937U,2101082,찬성,2020-11-19
21,MRK4871S,2101082,불참,2020-11-19
21,YKW37422,2101082,찬성,2020-11-19
21,BM63269Y,2101082,찬성,2020-11-19
21,M7O7878U,2101082,찬성,2020-11-19
21,YLS4431M,2101082,기권,2020-11-19
21,MNZ4401T,2101082,찬성,2020-11-19
21,3ZR4438W,2101082,불참,2020-11-19
21,HSS7466Y,2101082,찬성,2020-11-19
21,16D7652C,2101082,찬성,2020-11-19
21,KB04377U,2101082,불참,2020-11-19
21,FU53642G,2101082,찬성,2020-11-19
21,MLH1404S,2101082,찬성,2020-11-19
21,8VY63414,2101082,찬성,2020-11-19
21,XR24352K,2101082,찬성,2020-11-19
21,IUL4848V,2101082,찬성,2020-11-19
21,JEZ3130Q,2101082,찬성,2020-11-19
21,BCQ55105,2101082,찬성,2020-11-19
21,9L57027L,2101082,찬성,2020-11-19
21,GOC54665,2101082,찬성,2020-11-19
21,5UN9725L,2101082,찬성,2020-11-19
21,M2Q9024I,2101082,찬성,2020-11-19
21,DBA1057Z,2101082,찬성,2020-11-19
21,C7E79345,2101082,찬성,2020-11-19
21,4019850M,2101082,찬성,2020-11-19
21,UQ282145,2101082,찬성,2020-11-19
21,9YO73104,2101082,찬성,2020-11-19
21,TRE2429O,2101082,찬성,2020-11-19
21,E6U4345C,2101082,찬성,2020-11-19
21,7BM2933Y,2101082,찬성,2020-11-19
21,CDL93608,2101082,불참,2020-11-19
21,9VR65006,2101082,찬성,2020-11-19
21,X7I4680R,2101082,찬성,2020-11-19
21,XJC13432,2101082,찬성,2020-11-19
21,D0C85236,2101082,찬성,2020-11-19
21,XSP20229,2101082,찬성,2020-11-19
21,3RW63706,2101082,찬성,2020-11-19
21,RQQ3807K,2101082,찬성,2020-11-19
21,FYI20317,2101082,찬성,2020-11-19
21,8X15119P,2101082,불참,2020-11-19
21,ZYP7962W,2101082,불참,2020-11-19
21,CNW5754J,2101082,찬성,2020-11-19
21,3249208I,2101082,찬성,2020-11-19
21,GX38539O,2101082,찬성,2020-11-19
21,8Q88373R,2101082,불참,2020-11-19
21,XEF29171,2101082,찬성,2020-11-19
21,WVU2479T,2101082,찬성,2020-11-19
21,9D939735,2101082,찬성,2020-11-19
21,QTW6852F,2101082,찬성,2020-11-19
21,DAV7257X,2101082,찬성,2020-11-19
21,LT72093S,2101082,찬성,2020-11-19
21,GE71932C,2101082,찬성,2020-11-19
21,17M85910,2101082,찬성,2020-11-19
21,G152611B,2101082,찬성,2020-11-19
21,3425169D,2101082,찬성,2020-11-19
21,ICH23251,2101082,찬성,2020-11-19
21,25I8709Q,2101082,찬성,2020-11-19
21,6MO8786S,2101082,찬성,2020-11-19
21,XWX1513T,2101082,찬성,2020-11-19
21,CT85313K,2101082,찬성,2020-11-19
21,NQR1206Q,2101082,찬성,2020-11-19
21,LG63087O,2101082,찬성,2020-11-19
21,NAL4555X,2101082,찬성,2020-11-19
21,OW53107J,2101082,찬성,2020-11-19
21,L2I9861C,2101082,불참,2020-11-19
21,WCD5518S,2101082,찬성,2020-11-19
21,SVH3899R,2101082,찬성,2020-11-19
21,IOW8224X,2101082,찬성,2020-11-19
21,Y7K5946R,2101082,찬성,2020-11-19
21,Z7Y7827F,2101082,찬성,2020-11-19
21,ATB59635,2101082,찬성,2020-11-19
21,KUO3574J,2101082,찬성,2020-11-19
21,D6U6678O,2101082,찬성,2020-11-19
21,FU87526G,2101082,찬성,2020-11-19
21,S9U45255,2101082,찬성,2020-11-19
21,8FC9697X,2101082,찬성,2020-11-19
21,QKO6165V,2101082,찬성,2020-11-19
21,GD131760,2101082,찬성,2020-11-19
21,P0F1530P,2101082,불참,2020-11-19
21,XPP2564T,2101082,찬성,2020-11-19
21,FRN1867O,2101082,찬성,2020-11-19
21,LQW3652K,2101082,기권,2020-11-19
21,RO593601,2101082,찬성,2020-11-19
21,PFG2137X,2101082,찬성,2020-11-19
21,UB114374,2101082,찬성,2020-11-19
21,GAV6441G,2101082,찬성,2020-11-19
21,0YT3774N,2101082,찬성,2020-11-19
21,40S1959J,2101082,찬성,2020-11-19
21,IL74008M,2101082,찬성,2020-11-19
21,8KF7223D,2101082,찬성,2020-11-19
21,8P37634C,2101082,찬성,2020-11-19
21,GDG1847Z,2101082,찬성,2020-11-19
21,P2N4585G,2101082,찬성,2020-11-19
21,TVF3669B,2101082,불참,2020-11-19
21,JMY9959W,2101082,찬성,2020-11-19
21,7R156073,2101082,찬성,2020-11-19
21,6AR6743G,2101082,찬성,2020-11-19
21,6AU2417B,2101082,찬성,2020-11-19
21,8VJ8533R,2101082,불참,2020-11-19
21,B7D7534L,2101082,찬성,2020-11-19
21,SE233396,2101082,찬성,2020-11-19
21,AFH96856,2101082,찬성,2020-11-19
21,52P3934K,2101082,찬성,2020-11-19
21,B7H6207C,2101082,찬성,2020-11-19
21,4U29186R,2101082,찬성,2020-11-19
21,WHV3448W,2101082,찬성,2020-11-19
21,1Y73132H,2101082,불참,2020-11-19
21,I0S53762,2101082,불참,2020-11-19
21,LH97552Q,2101082,찬성,2020-11-19
21,TKJ4800F,2101082,찬성,2020-11-19
21,O6D8329R,2101082,찬성,2020-11-19
21,04T3751T,2101082,찬성,2020-11-19
21,EVH1507C,2101082,기권,2020-11-19
21,K5F2023J,2101082,불참,2020-11-19
21,14M56632,2101082,찬성,2020-11-19
21,N9X9673B,2101082,찬성,2020-11-19
21,TP066860,2101082,불참,2020-11-19
21,6U243644,2101082,찬성,2020-11-19
21,L7T64271,2101082,찬성,2020-11-19
21,4X525582,2101082,불참,2020-11-19
21,G7512472,2101082,찬성,2020-11-19
21,3TO11703,2101082,찬성,2020-11-19
21,CCU1009B,2101082,찬성,2020-11-19
21,MU69217P,2101082,불참,2020-11-19
21,66W6739S,2101082,찬성,2020-11-19
21,LM13674V,2101082,찬성,2020-11-19
21,QD25323M,2101082,찬성,2020-11-19
21,DAY6557K,2101082,찬성,2020-11-19
21,GP07421U,2101082,불참,2020-11-19
21,FGI27280,2101082,찬성,2020-11-19
21,USR7059P,2101082,찬성,2020-11-19
21,4XG1439M,2101082,찬성,2020-11-19
21,P2N50879,2101082,찬성,2020-11-19
21,A0P4646G,2101082,찬성,2020-11-19
21,A2V51235,2101082,찬성,2020-11-19
21,7I09543O,2101082,찬성,2020-11-19
21,3DK8989T,2101082,불참,2020-11-19
21,7469929V,2101082,찬성,2020-11-19
21,OFE45081,2101082,찬성,2020-11-19
21,09I2323E,2101082,불참,2020-11-19
21,A3H7195R,2101082,찬성,2020-11-19
21,ZYH1940A,2101082,찬성,2020-11-19
21,0VU8517U,2101082,찬성,2020-11-19
21,M0A1658U,2101082,찬성,2020-11-19
21,HSW1214Q,2101082,찬성,2020-11-19
21,3BC6890E,2101082,찬성,2020-11-19
21,ZDR63255,2101082,찬성,2020-11-19
21,KR14136C,2101082,찬성,2020-11-19
21,SRP7336N,2101082,찬성,2020-11-19
21,5765663F,2101082,찬성,2020-11-19
21,ZKU88693,2101082,찬성,2020-11-19
21,5KV96424,2101082,찬성,2020-11-19
21,KNM3215T,2101082,찬성,2020-11-19
21,M7T9712V,2101082,반대,2020-11-19
21,1WE5693J,2101082,불참,2020-11-19
21,X3170462,2101082,불참,2020-11-19
21,MY318392,2101082,불참,2020-11-19
21,8FB1535Y,2101082,찬성,2020-11-19
21,4T026790,2101082,찬성,2020-11-19
21,EH27538E,2101082,찬성,2020-11-19
21,SU53086M,2101082,찬성,2020-11-19
21,0WL9321T,2101082,찬성,2020-11-19
21,PZA4062H,2101082,찬성,2020-11-19
21,MR210505,2101082,찬성,2020-11-19
21,GF286398,2101082,찬성,2020-11-19
21,8348421R,2101082,찬성,2020-11-19
21,JQA21112,2101082,찬성,2020-11-19
21,40E3739H,2101082,찬성,2020-11-19
21,HXT76735,2101082,찬성,2020-11-19
21,RPN2293B,2101082,찬성,2020-11-19
21,0R68099X,2101082,찬성,2020-11-19
21,4A067125,2101082,찬성,2020-11-19
21,IN328264,2101082,찬성,2020-11-19
21,XBT9550Q,2101082,찬성,2020-11-19
21,ZA54991S,2101082,찬성,2020-11-19
21,MO52543L,2101082,찬성,2020-11-19
21,0827740Q,2101082,찬성,2020-11-19
21,X1K3667J,2101082,찬성,2020-11-19
21,WMG57662,2101082,찬성,2020-11-19
21,NCP9875N,2101082,찬성,2020-11-19
21,I5I2468R,2101082,찬성,2020-11-19
21,L5P27909,2101082,기권,2020-11-19
21,F5U2979W,2112383,찬성,2022-05-29
21,G7512472,2112383,찬성,2022-05-29
21,2N793392,2112383,찬성,2022-05-29
21,LM13674V,2112383,찬성,2022-05-29
21,QD25323M,2112383,찬성,2022-05-29
21,GP07421U,2112383,찬성,2022-05-29
21,FGI27280,2112383,불참,2022-05-29
21,4XG1439M,2112383,찬성,2022-05-29
21,P2N50879,2112383,찬성,2022-05-29
21,A2V51235,2112383,찬성,2022-05-29
21,M6H1705E,2112383,찬성,2022-05-29
21,A3H7195R,2112383,불참,2022-05-29
21,M0A1658U,2112383,불참,2022-05-29
21,WDS6044S,2112383,찬성,2022-05-29
21,3BC6890E,2112383,찬성,2022-05-29
21,ZDR63255,2112383,찬성,2022-05-29
21,GFF1986K,2112383,찬성,2022-05-29
21,WJL30106,2112383,불참,2022-05-29
21,5KV96424,2112383,찬성,2022-05-29
21,HKJ99607,2112383,불참,2022-05-29
21,SU53086M,2112383,불참,2022-05-29
21,MR210505,2112383,불참,2022-05-29
21,GF286398,2112383,불참,2022-05-29
21,H5476989,2112383,찬성,2022-05-29
21,4L695580,2112383,찬성,2022-05-29
21,RPN2293B,2112383,찬성,2022-05-29
21,V429892C,2112383,찬성,2022-05-29
21,IN328264,2112383,찬성,2022-05-29
21,I5I2468R,2112383,불참,2022-05-29
21,WTR5885Y,2112383,찬성,2022-05-29
21,OIA3741M,2112383,찬성,2022-05-29
21,6MO8786S,2112383,찬성,2022-05-29
21,CT85313K,2112383,찬성,2022-05-29
21,NQR1206Q,2112383,찬성,2022-05-29
21,L2I9861C,2112383,기권,2022-05-29
21,WCD5518S,2112383,찬성,2022-05-29
21,SVH3899R,2112383,불참,2022-05-29
21,I434361W,2112383,찬성,2022-05-29
21,IOW8224X,2112383,찬성,2022-05-29
21,ATB59635,2112383,기권,2022-05-29
21,SBK1544B,2112383,기권,2022-05-29
21,KUO3574J,2112383,찬성,2022-05-29
21,D6U6678O,2112383,찬성,2022-05-29
21,S9U45255,2112383,찬성,2022-05-29
21,GD131760,2112383,찬성,2022-05-29
21,V0O5343U,2112383,불참,2022-05-29
21,P0F1530P,2112383,불참,2022-05-29
21,UB114374,2112383,불참,2022-05-29
21,GAV6441G,2112383,찬성,2022-05-29
21,7JC3239L,2112383,불참,2022-05-29
21,IL74008M,2112383,찬성,2022-05-29
21,8KF7223D,2112383,찬성,2022-05-29
21,CNZ51556,2112383,찬성,2022-05-29
21,GDG1847Z,2112383,찬성,2022-05-29
21,O7R5461J,2112383,불참,2022-05-29
21,6AR6743G,2112383,찬성,2022-05-29
21,6AU2417B,2112383,불참,2022-05-29
21,B7D7534L,2112383,찬성,2022-05-29
21,GX22581L,2112383,불참,2022-05-29
21,AFH96856,2112383,찬성,2022-05-29
21,B7H6207C,2112383,찬성,2022-05-29
21,6399076T,2112383,찬성,2022-05-29
21,WHV3448W,2112383,찬성,2022-05-29
21,LH97552Q,2112383,찬성,2022-05-29
21,14M56632,2112383,불참,2022-05-29
21,KFS1358P,2112383,찬성,2022-05-29
21,CAA7713A,2112383,찬성,2022-05-29
21,QUM8288K,2112383,불참,2022-05-29
21,Q9H5708M,2112383,찬성,2022-05-29
21,MRK4871S,2112383,불참,2022-05-29
21,2NV6751W,2112383,찬성,2022-05-29
21,BM63269Y,2112383,불참,2022-05-29
21,M7O7878U,2112383,불참,2022-05-29
21,3ZR4438W,2112383,찬성,2022-05-29
21,16D7652C,2112383,찬성,2022-05-29
21,KB04377U,2112383,불참,2022-05-29
21,XR24352K,2112383,찬성,2022-05-29
21,JEZ3130Q,2112383,불참,2022-05-29
21,GOC54665,2112383,찬성,2022-05-29
21,LJK4960Z,2112383,불참,2022-05-29
21,UQ282145,2112383,불참,2022-05-29
21,7BM2933Y,2112383,찬성,2022-05-29
21,2UD1340H,2112383,기권,2022-05-29
21,9VR65006,2112383,불참,2022-05-29
21,X7I4680R,2112383,불참,2022-05-29
21,EMC8812P,2112383,기권,2022-05-29
21,XJC13432,2112383,불참,2022-05-29
21,XSP20229,2112383,찬성,2022-05-29
21,T465023H,2112383,찬성,2022-05-29
21,3RW63706,2112383,찬성,2022-05-29
21,FYI20317,2112383,불참,2022-05-29
21,8X15119P,2112383,불참,2022-05-29
21,CNW5754J,2112383,찬성,2022-05-29
21,XEF29171,2112383,찬성,2022-05-29
21,TST4507I,2112383,찬성,2022-05-29
21,6YT83269,2112383,찬성,2022-05-29
21,1MU99298,2112383,찬성,2022-05-29
21,FDC3144T,2112383,찬성,2022-05-29
21,I7R13867,2112383,찬성,2022-05-29
21,FOK3459D,2112383,찬성,2022-05-29
21,QUO78839,2112383,불참,2022-05-29
21,BT62420K,2112383,불참,2022-05-29
21,LPB30152,2112383,불참,2022-05-29
21,TZP9391O,2112383,찬성,2022-05-29
21,ZDP5704Q,2112383,찬성,2022-05-29
21,71J2365L,2112383,불참,2022-05-29
21,RD42006Y,2112383,찬성,2022-05-29
21,6EN68926,2112383,찬성,2022-05-29
21,1BX7234U,2112383,찬성,2022-05-29
21,QHL3248U,2112383,찬성,2022-05-29
21,TJW93720,2112383,찬성,2022-05-29
21,9S151177,2112383,찬성,2022-05-29
21,9V18755A,2112383,찬성,2022-05-29
21,XA42275R,2112383,찬성,2022-05-29
21,HSS7466Y,2112383,불참,2022-05-29
21,FU53642G,2112383,불참,2022-05-29
21,MLH1404S,2112383,불참,2022-05-29
21,8VY63414,2112383,불참,2022-05-29
21,QQP4727N,2112383,찬성,2022-05-29
21,BCQ55105,2112383,불참,2022-05-29
21,9L57027L,2112383,기권,2022-05-29
21,5UN9725L,2112383,불참,2022-05-29
21,K3W33496,2112383,찬성,2022-05-29
21,M2Q9024I,2112383,찬성,2022-05-29
21,DBA1057Z,2112383,찬성,2022-05-29
21,CI15627C,2112383,찬성,2022-05-29
21,C7E79345,2112383,불참,2022-05-29
21,4019850M,2112383,찬성,2022-05-29
21,9YO73104,2112383,찬성,2022-05-29
21,TRE2429O,2112383,찬성,2022-05-29
21,E6U4345C,2112383,찬성,2022-05-29
21,CDL93608,2112383,불참,2022-05-29
21,RQQ3807K,2112383,찬성,2022-05-29
21,FH777496,2112383,찬성,2022-05-29
21,ZYP7962W,2112383,불참,2022-05-29
21,3249208I,2112383,찬성,2022-05-29
21,GX38539O,2112383,찬성,2022-05-29
21,8Q88373R,2112383,찬성,2022-05-29
21,WVU2479T,2112383,불참,2022-05-29
21,9D939735,2112383,찬성,2022-05-29
21,QTW6852F,2112383,찬성,2022-05-29
21,7XY7109I,2112383,찬성,2022-05-29
21,JC14718Q,2112383,찬성,2022-05-29
21,5KV82250,2112383,찬성,2022-05-29
21,L7J93733,2112383,찬성,2022-05-29
21,DAV7257X,2112383,찬성,2022-05-29
21,LT72093S,2112383,찬성,2022-05-29
21,GE71932C,2112383,찬성,2022-05-29
21,17M85910,2112383,찬성,2022-05-29
21,G152611B,2112383,불참,2022-05-29
21,SQ36001H,2112383,찬성,2022-05-29
21,G1570880,2112383,찬성,2022-05-29
21,9LD2641Q,2112383,찬성,2022-05-29
21,MD083627,2112383,찬성,2022-05-29
21,6V37131U,2112383,찬성,2022-05-29
21,OSV9142K,2112383,찬성,2022-05-29
21,B7R2742J,2112383,찬성,2022-05-29
21,FJK3396E,2112383,불참,2022-05-29
21,7O71647Z,2112383,찬성,2022-05-29
21,W1Q6753M,2112383,불참,2022-05-29
21,E1J8836Y,2112383,찬성,2022-05-29
21,TZ228122,2112383,찬성,2022-05-29
21,PO64874I,2112383,찬성,2022-05-29
21,VHK3402G,2112383,불참,2022-05-29
21,BLC8630L,2112383,불참,2022-05-29
21,LG63087O,2112383,불참,2022-05-29
21,OW53107J,2112383,찬성,2022-05-29
21,PEP6922S,2112383,찬성,2022-05-29
21,DAN6731C,2112383,기권,2022-05-29
21,VG24001G,2112383,찬성,2022-05-29
21,9JF4562W,2112383,찬성,2022-05-29
21,Y7K5946R,2112383,찬성,2022-05-29
21,Z7Y7827F,2112383,찬성,2022-05-29
21,FU87526G,2112383,찬성,2022-05-29
21,8SV6917G,2112383,기권,2022-05-29
21,8FC9697X,2112383,불참,2022-05-29
21,QKO6165V,2112383,불참,2022-05-29
21,ZRF3039U,2112383,기권,2022-05-29
21,68P7228G,2112383,찬성,2022-05-29
21,XPP2564T,2112383,찬성,2022-05-29
21,FRN1867O,2112383,불참,2022-05-29
21,LQW3652K,2112383,반대,2022-05-29
21,RO593601,2112383,찬성,2022-05-29
21,PFG2137X,2112383,불참,2022-05-29
21,0YT3774N,2112383,찬성,2022-05-29
21,40S1959J,2112383,찬성,2022-05-29
21,8P37634C,2112383,불참,2022-05-29
21,N4R2421C,2112383,불참,2022-05-29
21,3C23171A,2112383,찬성,2022-05-29
21,P2N4585G,2112383,찬성,2022-05-29
21,JMY9959W,2112383,찬성,2022-05-29
21,7R156073,2112383,불참,2022-05-29
21,J2O8643H,2112383,불참,2022-05-29
21,VCP96419,2112383,찬성,2022-05-29
21,8VJ8533R,2112383,찬성,2022-05-29
21,SE233396,2112383,찬성,2022-05-29
21,52P3934K,2112383,찬성,2022-05-29
21,4U29186R,2112383,불참,2022-05-29
21,F5Y4026Q,2112383,찬성,2022-05-29
21,1Y73132H,2112383,찬성,2022-05-29
21,I0S53762,2112383,찬성,2022-05-29
21,TKJ4800F,2112383,찬성,2022-05-29
21,O6D8329R,2112383,불참,2022-05-29
21,04T3751T,2112383,찬성,2022-05-29
21,MSY7784L,2112383,불참,2022-05-29
21,EVH1507C,2112383,찬성,2022-05-29
21,K5F2023J,2112383,찬성,2022-05-29
21,N9X9673B,2112383,불참,2022-05-29
21,5MD4184K,2112383,찬성,2022-05-29
21,5K93695T,2112383,불참,2022-05-29
21,DPZ7685X,2112383,기권,2022-05-29
21,6U243644,2112383,기권,2022-05-29
21,E9R4507P,2112383,찬성,2022-05-29
21,UHB5553T,2112383,찬성,2022-05-29
21,J9S37905,2112383,불참,2022-05-29
21,A494529E,2112383,찬성,2022-05-29
21,VRY5522V,2112383,찬성,2022-05-29
21,0PK7354M,2112383,찬성,2022-05-29
21,O0I2045I,2112383,찬성,2022-05-29
21,CZB4125D,2112383,찬성,2022-05-29
21,Z6R3959C,2112383,찬성,2022-05-29
21,UGH6481E,2112383,찬성,2022-05-29
21,S824682L,2112383,찬성,2022-05-29
21,W4X85128,2112383,기권,2022-05-29
21,JZY9937U,2112383,찬성,2022-05-29
21,YKW37422,2112383,불참,2022-05-29
21,YLS4431M,2112383,불참,2022-05-29
21,MNZ4401T,2112383,찬성,2022-05-29
21,FIC9046Z,2112383,불참,2022-05-29
21,NLR6572J,2112383,찬성,2022-05-29
21,JNL7001A,2112383,기권,2022-05-29
21,L7T64271,2112383,찬성,2022-05-29
21,4X525582,2112383,불참,2022-05-29
21,GKD32201,2112383,찬성,2022-05-29
21,3TO11703,2112383,불참,2022-05-29
21,S741317G,2112383,찬성,2022-05-29
21,CCU1009B,2112383,찬성,2022-05-29
21,MU69217P,2112383,불참,2022-05-29
21,66W6739S,2112383,불참,2022-05-29
21,JVB6983V,2112383,찬성,2022-05-29
21,DAY6557K,2112383,찬성,2022-05-29
21,USR7059P,2112383,기권,2022-05-29
21,A0P4646G,2112383,불참,2022-05-29
21,7I09543O,2112383,찬성,2022-05-29
21,3DK8989T,2112383,불참,2022-05-29
21,7469929V,2112383,찬성,2022-05-29
21,D4L60530,2112383,불참,2022-05-29
21,OFE45081,2112383,불참,2022-05-29
21,09I2323E,2112383,불참,2022-05-29
21,NTT8182Q,2112383,찬성,2022-05-29
21,ZYH1940A,2112383,찬성,2022-05-29
21,0VU8517U,2112383,불참,2022-05-29
21,HSW1214Q,2112383,불참,2022-05-29
21,NZF1659U,2112383,불참,2022-05-29
21,KR14136C,2112383,불참,2022-05-29
21,SRP7336N,2112383,불참,2022-05-29
21,5765663F,2112383,찬성,2022-05-29
21,ZKU88693,2112383,찬성,2022-05-29
21,KNM3215T,2112383,찬성,2022-05-29
21,M7T9712V,2112383,찬성,2022-05-29
21,60490713,2112383,불참,2022-05-29
21,UM51067K,2112383,불참,2022-05-29
21,1WE5693J,2112383,찬성,2022-05-29
21,X3170462,2112383,불참,2022-05-29
21,MY318392,2112383,찬성,2022-05-29
21,8FB1535Y,2112383,찬성,2022-05-29
21,4T026790,2112383,찬성,2022-05-29
21,EH27538E,2112383,찬성,2022-05-29
21,WFU14784,2112383,찬성,2022-05-29
21,0WL9321T,2112383,불참,2022-05-29
21,PZA4062H,2112383,찬성,2022-05-29
21,8348421R,2112383,찬성,2022-05-29
21,JQA21112,2112383,찬성,2022-05-29
21,40E3739H,2112383,찬성,2022-05-29
21,HXT76735,2112383,찬성,2022-05-29
21,0R68099X,2112383,찬성,2022-05-29
21,6RM29022,2112383,찬성,2022-05-29
21,MQU41854,2112383,찬성,2022-05-29
21,2385336L,2112383,찬성,2022-05-29
21,XBT9550Q,2112383,불참,2022-05-29
21,ZA54991S,2112383,찬성,2022-05-29
21,MO52543L,2112383,불참,2022-05-29
21,0827740Q,2112383,찬성,2022-05-29
21,0W194007,2112383,찬성,2022-05-29
21,X1K3667J,2112383,찬성,2022-05-29
21,WMG57662,2112383,찬성,2022-05-29
21,NCP9875N,2112383,찬성,2022-05-29
21,3425169D,2112383,찬성,2022-05-29
21,IOW1101J,2112383,불참,2022-05-29
21,ICH23251,2112383,불참,2022-05-29
21,25I8709Q,2112383,찬성,2022-05-29
21,XWX1513T,2112383,불참,2022-05-29
21,C7E79345,2114213,불참,2021-12-31
21,UQ282145,2114213,불참,2021-12-31
21,2UD1340H,2114213,찬성,2021-12-31
21,9VR65006,2114213,불참,2021-12-31
21,X7I4680R,2114213,찬성,2021-12-31
21,EMC8812P,2114213,찬성,2021-12-31
21,D0C85236,2114213,찬성,2021-12-31
21,XSP20229,2114213,찬성,2021-12-31
21,T465023H,2114213,찬성,2021-12-31
21,7XY7109I,2114213,불참,2021-12-31
21,TST4507I,2114213,찬성,2021-12-31
21,JC14718Q,2114213,찬성,2021-12-31
21,5KV82250,2114213,찬성,2021-12-31
21,L7J93733,2114213,찬성,2021-12-31
21,LT72093S,2114213,찬성,2021-12-31
21,1MU99298,2114213,찬성,2021-12-31
21,FDC3144T,2114213,찬성,2021-12-31
21,G152611B,2114213,찬성,2021-12-31
21,9LD2641Q,2114213,찬성,2021-12-31
21,FOK3459D,2114213,찬성,2021-12-31
21,QUO78839,2114213,불참,2021-12-31
21,LPB30152,2114213,찬성,2021-12-31
21,6V37131U,2114213,찬성,2021-12-31
21,OSV9142K,2114213,불참,2021-12-31
21,ZDP5704Q,2114213,찬성,2021-12-31
21,1BX7234U,2114213,찬성,2021-12-31
21,QHL3248U,2114213,찬성,2021-12-31
21,9S151177,2114213,찬성,2021-12-31
21,9V18755A,2114213,찬성,2021-12-31
21,XA42275R,2114213,찬성,2021-12-31
21,PO64874I,2114213,찬성,2021-12-31
21,FIC9046Z,2114213,불참,2021-12-31
21,JNL7001A,2114213,찬성,2021-12-31
21,GKD32201,2114213,찬성,2021-12-31
21,2N793392,2114213,찬성,2021-12-31
21,QD25323M,2114213,찬성,2021-12-31
21,GP07421U,2114213,찬성,2021-12-31
21,A0P4646G,2114213,찬성,2021-12-31
21,1X376850,2114213,찬성,2021-12-31
21,3DK8989T,2114213,불참,2021-12-31
21,A3H7195R,2114213,찬성,2021-12-31
21,ZDR63255,2114213,찬성,2021-12-31
21,GFF1986K,2114213,찬성,2021-12-31
21,WJL30106,2114213,불참,2021-12-31
21,M7T9712V,2114213,찬성,2021-12-31
21,HKJ99607,2114213,찬성,2021-12-31
21,X3170462,2114213,찬성,2021-12-31
21,MY318392,2114213,찬성,2021-12-31
21,WFU14784,2114213,찬성,2021-12-31
21,JQA21112,2114213,찬성,2021-12-31
21,4L695580,2114213,찬성,2021-12-31
21,40E3739H,2114213,찬성,2021-12-31
21,HXT76735,2114213,찬성,2021-12-31
21,RPN2293B,2114213,찬성,2021-12-31
21,V429892C,2114213,찬성,2021-12-31
21,4A067125,2114213,불참,2021-12-31
21,CT85313K,2114213,찬성,2021-12-31
21,PAO22428,2114213,찬성,2021-12-31
21,BLC8630L,2114213,찬성,2021-12-31
21,LG63087O,2114213,찬성,2021-12-31
21,WCD5518S,2114213,불참,2021-12-31
21,SBK1544B,2114213,불참,2021-12-31
21,KUO3574J,2114213,찬성,2021-12-31
21,S9U45255,2114213,불참,2021-12-31
21,8FC9697X,2114213,찬성,2021-12-31
21,V0O5343U,2114213,찬성,2021-12-31
21,FRN1867O,2114213,찬성,2021-12-31
21,RO593601,2114213,찬성,2021-12-31
21,GAV6441G,2114213,찬성,2021-12-31
21,CNZ51556,2114213,찬성,2021-12-31
21,O7R5461J,2114213,찬성,2021-12-31
21,J2O8643H,2114213,찬성,2021-12-31
21,6AU2417B,2114213,찬성,2021-12-31
21,8VJ8533R,2114213,불참,2021-12-31
21,52P3934K,2114213,찬성,2021-12-31
21,4U29186R,2114213,기권,2021-12-31
21,F5Y4026Q,2114213,불참,2021-12-31
21,1Y73132H,2114213,불참,2021-12-31
21,I0S53762,2114213,불참,2021-12-31
21,14M56632,2114213,불참,2021-12-31
21,N9X9673B,2114213,찬성,2021-12-31
21,5K93695T,2114213,찬성,2021-12-31
21,DPZ7685X,2114213,찬성,2021-12-31
21,KFS1358P,2114213,찬성,2021-12-31
21,VRY5522V,2114213,찬성,2021-12-31
21,W4X85128,2114213,불참,2021-12-31
21,Q9H5708M,2114213,불참,2021-12-31
21,CFE3998F,2114213,찬성,2021-12-31
21,2NV6751W,2114213,찬성,2021-12-31
21,BM63269Y,2114213,불참,2021-12-31
21,XR24352K,2114213,찬성,2021-12-31
21,QQP4727N,2114213,불참,2021-12-31
21,9L57027L,2114213,불참,2021-12-31
21,GOC54665,2114213,불참,2021-12-31
21,LJK4960Z,2114213,찬성,2021-12-31
21,L7T64271,2114213,찬성,2021-12-31
21,4X525582,2114213,불참,2021-12-31
21,G7512472,2114213,찬성,2021-12-31
21,3TO11703,2114213,찬성,2021-12-31
21,S741317G,2114213,찬성,2021-12-31
21,CCU1009B,2114213,찬성,2021-12-31
21,MU69217P,2114213,찬성,2021-12-31
21,66W6739S,2114213,찬성,2021-12-31
21,LM13674V,2114213,찬성,2021-12-31
21,DAY6557K,2114213,불참,2021-12-31
21,FGI27280,2114213,불참,2021-12-31
21,USR7059P,2114213,찬성,2021-12-31
21,4XG1439M,2114213,찬성,2021-12-31
21,P2N50879,2114213,찬성,2021-12-31
21,A2V51235,2114213,찬성,2021-12-31
21,7I09543O,2114213,찬성,2021-12-31
21,7469929V,2114213,찬성,2021-12-31
21,D4L60530,2114213,불참,2021-12-31
21,M6H1705E,2114213,찬성,2021-12-31
21,OFE45081,2114213,찬성,2021-12-31
21,09I2323E,2114213,불참,2021-12-31
21,NTT8182Q,2114213,찬성,2021-12-31
21,ZYH1940A,2114213,찬성,2021-12-31
21,0VU8517U,2114213,불참,2021-12-31
21,M0A1658U,2114213,찬성,2021-12-31
21,HSW1214Q,2114213,불참,2021-12-31
21,NZF1659U,2114213,찬성,2021-12-31
21,WDS6044S,2114213,찬성,2021-12-31
21,3BC6890E,2114213,찬성,2021-12-31
21,KR14136C,2114213,찬성,2021-12-31
21,SRP7336N,2114213,불참,2021-12-31
21,5765663F,2114213,찬성,2021-12-31
21,ZKU88693,2114213,찬성,2021-12-31
21,5KV96424,2114213,찬성,2021-12-31
21,KNM3215T,2114213,찬성,2021-12-31
21,60490713,2114213,찬성,2021-12-31
21,UM51067K,2114213,찬성,2021-12-31
21,1WE5693J,2114213,찬성,2021-12-31
21,8FB1535Y,2114213,찬성,2021-12-31
21,4T026790,2114213,불참,2021-12-31
21,EH27538E,2114213,불참,2021-12-31
21,SU53086M,2114213,불참,2021-12-31
21,0WL9321T,2114213,찬성,2021-12-31
21,PZA4062H,2114213,찬성,2021-12-31
21,MR210505,2114213,불참,2021-12-31
21,GF286398,2114213,찬성,2021-12-31
21,8348421R,2114213,불참,2021-12-31
21,H5476989,2114213,찬성,2021-12-31
21,0R68099X,2114213,찬성,2021-12-31
21,2385336L,2114213,찬성,2021-12-31
21,IN328264,2114213,불참,2021-12-31
21,XBT9550Q,2114213,찬성,2021-12-31
21,ZA54991S,2114213,찬성,2021-12-31
21,MO52543L,2114213,찬성,2021-12-31
21,0827740Q,2114213,찬성,2021-12-31
21,0W194007,2114213,찬성,2021-12-31
21,X1K3667J,2114213,찬성,2021-12-31
21,WMG57662,2114213,찬성,2021-12-31
21,NCP9875N,2114213,찬성,2021-12-31
21,I5I2468R,2114213,찬성,2021-12-31
21,WTR5885Y,2114213,찬성,2021-12-31
21,L5P27909,2114213,불참,2021-12-31
21,3425169D,2114213,찬성,2021-12-31
21,IOW1101J,2114213,찬성,2021-12-31
21,ICH23251,2114213,찬성,2021-12-31
21,25I8709Q,2114213,찬성,2021-12-31
21,OIA3741M,2114213,찬성,2021-12-31
21,6MO8786S,2114213,찬성,2021-12-31
21,XWX1513T,2114213,찬성,2021-12-31
21,NQR1206Q,2114213,찬성,2021-12-31
21,NAL4555X,2114213,불참,2021-12-31
21,OW53107J,2114213,찬성,2021-12-31
21,PEP6922S,2114213,찬성,2021-12-31
21,DAN6731C,2114213,찬성,2021-12-31
21,VG24001G,2114213,불참,2021-12-31
21,L2I9861C,2114213,찬성,2021-12-31
21,SVH3899R,2114213,불참,2021-12-31
21,I434361W,2114213,불참,2021-12-31
21,IOW8224X,2114213,찬성,2021-12-31
21,9JF4562W,2114213,찬성,2021-12-31
21,Y7K5946R,2114213,찬성,2021-12-31
21,Z7Y7827F,2114213,불참,2021-12-31
21,ATB59635,2114213,찬성,2021-12-31
21,D6U6678O,2114213,찬성,2021-12-31
21,FU87526G,2114213,찬성,2021-12-31
21,8SV6917G,2114213,불참,2021-12-31
21,QKO6165V,2114213,찬성,2021-12-31
21,GD131760,2114213,찬성,2021-12-31
21,ZRF3039U,2114213,불참,2021-12-31
21,68P7228G,2114213,찬성,2021-12-31
21,P0F1530P,2114213,불참,2021-12-31
21,XPP2564T,2114213,불참,2021-12-31
21,LQW3652K,2114213,찬성,2021-12-31
21,PFG2137X,2114213,찬성,2021-12-31
21,UB114374,2114213,찬성,2021-12-31
21,0YT3774N,2114213,찬성,2021-12-31
21,7JC3239L,2114213,불참,2021-12-31
21,40S1959J,2114213,찬성,2021-12-31
21,IL74008M,2114213,찬성,2021-12-31
21,8KF7223D,2114213,찬성,2021-12-31
21,8P37634C,2114213,찬성,2021-12-31
21,N4R2421C,2114213,찬성,2021-12-31
21,3C23171A,2114213,찬성,2021-12-31
21,GDG1847Z,2114213,불참,2021-12-31
21,P2N4585G,2114213,찬성,2021-12-31
21,TVF3669B,2114213,찬성,2021-12-31
21,JMY9959W,2114213,찬성,2021-12-31
21,7R156073,2114213,불참,2021-12-31
21,6AR6743G,2114213,찬성,2021-12-31
21,VCP96419,2114213,찬성,2021-12-31
21,B7D7534L,2114213,찬성,2021-12-31
21,GX22581L,2114213,불참,2021-12-31
21,SE233396,2114213,찬성,2021-12-31
21,AFH96856,2114213,찬성,2021-12-31
21,B7H6207C,2114213,찬성,2021-12-31
21,6399076T,2114213,찬성,2021-12-31
21,WHV3448W,2114213,찬성,2021-12-31
21,LH97552Q,2114213,찬성,2021-12-31
21,TKJ4800F,2114213,찬성,2021-12-31
21,O6D8329R,2114213,찬성,2021-12-31
21,04T3751T,2114213,찬성,2021-12-31
21,MSY7784L,2114213,불참,2021-12-31
21,EVH1507C,2114213,찬성,2021-12-31
21,K5F2023J,2114213,찬성,2021-12-31
21,5MD4184K,2114213,찬성,2021-12-31
21,6U243644,2114213,찬성,2021-12-31
21,E9R4507P,2114213,찬성,2021-12-31
21,UHB5553T,2114213,찬성,2021-12-31
21,J9S37905,2114213,찬성,2021-12-31
21,A494529E,2114213,찬성,2021-12-31
21,CAA7713A,2114213,찬성,2021-12-31
21,0PK7354M,2114213,찬성,2021-12-31
21,O0I2045I,2114213,불참,2021-12-31
21,CZB4125D,2114213,찬성,2021-12-31
21,Z6R3959C,2114213,찬성,2021-12-31
21,QUM8288K,2114213,불참,2021-12-31
21,UGH6481E,2114213,찬성,2021-12-31
21,S824682L,2114213,찬성,2021-12-31
21,JZY9937U,2114213,불참,2021-12-31
21,MRK4871S,2114213,찬성,2021-12-31
21,YKW37422,2114213,찬성,2021-12-31
21,M7O7878U,2114213,찬성,2021-12-31
21,YLS4431M,2114213,찬성,2021-12-31
21,MNZ4401T,2114213,찬성,2021-12-31
21,3ZR4438W,2114213,불참,2021-12-31
21,HSS7466Y,2114213,찬성,2021-12-31
21,16D7652C,2114213,불참,2021-12-31
21,KB04377U,2114213,찬성,2021-12-31
21,FU53642G,2114213,찬성,2021-12-31
21,MLH1404S,2114213,불참,2021-12-31
21,8VY63414,2114213,찬성,2021-12-31
21,JEZ3130Q,2114213,불참,2021-12-31
21,BCQ55105,2114213,불참,2021-12-31
21,5UN9725L,2114213,불참,2021-12-31
21,K3W33496,2114213,찬성,2021-12-31
21,M2Q9024I,2114213,찬성,2021-12-31
21,DBA1057Z,2114213,불참,2021-12-31
21,CI15627C,2114213,찬성,2021-12-31
21,21N57758,2114213,불참,2021-12-31
21,4019850M,2114213,찬성,2021-12-31
21,9YO73104,2114213,찬성,2021-12-31
21,TRE2429O,2114213,찬성,2021-12-31
21,E6U4345C,2114213,찬성,2021-12-31
21,7BM2933Y,2114213,찬성,2021-12-31
21,CDL93608,2114213,불참,2021-12-31
21,XJC13432,2114213,불참,2021-12-31
21,3RW63706,2114213,찬성,2021-12-31
21,RQQ3807K,2114213,찬성,2021-12-31
21,FH777496,2114213,찬성,2021-12-31
21,FYI20317,2114213,찬성,2021-12-31
21,8X15119P,2114213,불참,2021-12-31
21,ZYP7962W,2114213,찬성,2021-12-31
21,CNW5754J,2114213,찬성,2021-12-31
21,3249208I,2114213,찬성,2021-12-31
21,GX38539O,2114213,찬성,2021-12-31
21,8Q88373R,2114213,찬성,2021-12-31
21,XEF29171,2114213,찬성,2021-12-31
21,WVU2479T,2114213,찬성,2021-12-31
21,9D939735,2114213,찬성,2021-12-31
21,QTW6852F,2114213,불참,2021-12-31
21,DAV7257X,2114213,찬성,2021-12-31
21,GE71932C,2114213,찬성,2021-12-31
21,6YT83269,2114213,찬성,2021-12-31
21,17M85910,2114213,찬성,2021-12-31
21,I7R13867,2114213,찬성,2021-12-31
21,SQ36001H,2114213,찬성,2021-12-31
21,G1570880,2114213,찬성,2021-12-31
21,BT62420K,2114213,찬성,2021-12-31
21,MD083627,2114213,찬성,2021-12-31
21,TZP9391O,2114213,찬성,2021-12-31
21,B7R2742J,2114213,찬성,2021-12-31
21,FJK3396E,2114213,찬성,2021-12-31
21,71J2365L,2114213,찬성,2021-12-31
21,7O71647Z,2114213,찬성,2021-12-31
21,W1Q6753M,2114213,찬성,2021-12-31
21,E1J8836Y,2114213,찬성,2021-12-31
21,RD42006Y,2114213,찬성,2021-12-31
21,6EN68926,2114213,불참,2021-12-31
21,TJW93720,2114213,찬성,2021-12-31
21,TZ228122,2114213,찬성,2021-12-31
21,F5U2979W,2125801,찬성,2023-12-08
21,YOG1280B,2125801,찬성,2023-12-08
21,FIC9046Z,2125801,찬성,2023-12-08
21,DWK26447,2125801,찬성,2023-12-08
21,NUB4941Z,2125801,찬성,2023-12-08
21,KFM1081G,2125801,찬성,2023-12-08
21,F0I5053J,2125801,찬성,2023-12-08
21,YTA7297R,2125801,찬성,2023-12-08
21,G7512472,2125801,찬성,2023-12-08
21,3TO11703,2125801,불참,2023-12-08
21,CCU1009B,2125801,찬성,2023-12-08
21,MU69217P,2125801,찬성,2023-12-08
21,66W6739S,2125801,찬성,2023-12-08
21,QD25323M,2125801,찬성,2023-12-08
21,DAY6557K,2125801,찬성,2023-12-08
21,USR7059P,2125801,찬성,2023-12-08
21,4XG1439M,2125801,찬성,2023-12-08
21,P2N50879,2125801,불참,2023-12-08
21,A0P4646G,2125801,찬성,2023-12-08
21,A2V51235,2125801,찬성,2023-12-08
21,7I09543O,2125801,찬성,2023-12-08
21,3DK8989T,2125801,찬성,2023-12-08
21,7469929V,2125801,찬성,2023-12-08
21,M6H1705E,2125801,찬성,2023-12-08
21,OFE45081,2125801,찬성,2023-12-08
21,09I2323E,2125801,찬성,2023-12-08
21,ZYH1940A,2125801,불참,2023-12-08
21,HSW1214Q,2125801,찬성,2023-12-08
21,NZF1659U,2125801,불참,2023-12-08
21,WDS6044S,2125801,찬성,2023-12-08
21,3BC6890E,2125801,찬성,2023-12-08
21,ZDR63255,2125801,불참,2023-12-08
21,KR14136C,2125801,기권,2023-12-08
21,5765663F,2125801,찬성,2023-12-08
21,GFF1986K,2125801,찬성,2023-12-08
21,ZKU88693,2125801,찬성,2023-12-08
21,5KV96424,2125801,찬성,2023-12-08
21,M7T9712V,2125801,불참,2023-12-08
21,60490713,2125801,찬성,2023-12-08
21,UM51067K,2125801,찬성,2023-12-08
21,1WE5693J,2125801,찬성,2023-12-08
21,X3170462,2125801,찬성,2023-12-08
21,8FB1535Y,2125801,찬성,2023-12-08
21,4T026790,2125801,불참,2023-12-08
21,EH27538E,2125801,찬성,2023-12-08
21,WFU14784,2125801,찬성,2023-12-08
21,SU53086M,2125801,찬성,2023-12-08
21,0WL9321T,2125801,찬성,2023-12-08
21,PZA4062H,2125801,찬성,2023-12-08
21,MR210505,2125801,불참,2023-12-08
21,8348421R,2125801,찬성,2023-12-08
21,JQA21112,2125801,찬성,2023-12-08
21,4L695580,2125801,찬성,2023-12-08
21,40E3739H,2125801,찬성,2023-12-08
21,HXT76735,2125801,찬성,2023-12-08
21,RPN2293B,2125801,불참,2023-12-08
21,0R68099X,2125801,찬성,2023-12-08
21,6RM29022,2125801,찬성,2023-12-08
21,MQU41854,2125801,찬성,2023-12-08
21,V429892C,2125801,찬성,2023-12-08
21,2385336L,2125801,찬성,2023-12-08
21,IN328264,2125801,불참,2023-12-08
21,XBT9550Q,2125801,불참,2023-12-08
21,ZA54991S,2125801,찬성,2023-12-08
21,MO52543L,2125801,불참,2023-12-08
21,0827740Q,2125801,찬성,2023-12-08
21,0W194007,2125801,찬성,2023-12-08
21,X1K3667J,2125801,찬성,2023-12-08
21,WMG57662,2125801,찬성,2023-12-08
21,NCP9875N,2125801,찬성,2023-12-08
21,I5I2468R,2125801,찬성,2023-12-08
21,3425169D,2125801,찬성,2023-12-08
21,OIA3741M,2125801,찬성,2023-12-08
21,6MO8786S,2125801,찬성,2023-12-08
21,CT85313K,2125801,찬성,2023-12-08
21,BLC8630L,2125801,불참,2023-12-08
21,NQR1206Q,2125801,찬성,2023-12-08
21,L2I9861C,2125801,찬성,2023-12-08
21,WCD5518S,2125801,기권,2023-12-08
21,SVH3899R,2125801,찬성,2023-12-08
21,IOW8224X,2125801,불참,2023-12-08
21,9JF4562W,2125801,찬성,2023-12-08
21,Y7K5946R,2125801,찬성,2023-12-08
21,KUO3574J,2125801,찬성,2023-12-08
21,D6U6678O,2125801,찬성,2023-12-08
21,S9U45255,2125801,찬성,2023-12-08
21,8FC9697X,2125801,불참,2023-12-08
21,QKO6165V,2125801,불참,2023-12-08
21,GD131760,2125801,불참,2023-12-08
21,ZRF3039U,2125801,찬성,2023-12-08
21,V0O5343U,2125801,찬성,2023-12-08
21,68P7228G,2125801,찬성,2023-12-08
21,XPP2564T,2125801,찬성,2023-12-08
21,FRN1867O,2125801,찬성,2023-12-08
21,RO593601,2125801,찬성,2023-12-08
21,GAV6441G,2125801,찬성,2023-12-08
21,0YT3774N,2125801,찬성,2023-12-08
21,40S1959J,2125801,불참,2023-12-08
21,IL74008M,2125801,찬성,2023-12-08
21,8KF7223D,2125801,불참,2023-12-08
21,8P37634C,2125801,찬성,2023-12-08
21,CNZ51556,2125801,찬성,2023-12-08
21,3C23171A,2125801,찬성,2023-12-08
21,GDG1847Z,2125801,찬성,2023-12-08
21,P2N4585G,2125801,찬성,2023-12-08
21,JMY9959W,2125801,불참,2023-12-08
21,7R156073,2125801,찬성,2023-12-08
21,6AR6743G,2125801,불참,2023-12-08
21,J2O8643H,2125801,찬성,2023-12-08
21,VCP96419,2125801,찬성,2023-12-08
21,6AU2417B,2125801,찬성,2023-12-08
21,B7D7534L,2125801,찬성,2023-12-08
21,GX22581L,2125801,찬성,2023-12-08
21,SE233396,2125801,찬성,2023-12-08
21,AFH96856,2125801,찬성,2023-12-08
21,52P3934K,2125801,찬성,2023-12-08
21,B7H6207C,2125801,찬성,2023-12-08
21,6399076T,2125801,찬성,2023-12-08
21,4U29186R,2125801,불참,2023-12-08
21,F5Y4026Q,2125801,불참,2023-12-08
21,WHV3448W,2125801,불참,2023-12-08
21,6RD62559,2125801,찬성,2023-12-08
21,LH97552Q,2125801,찬성,2023-12-08
21,TKJ4800F,2125801,불참,2023-12-08
21,O6D8329R,2125801,찬성,2023-12-08
21,MSY7784L,2125801,불참,2023-12-08
21,EVH1507C,2125801,찬성,2023-12-08
21,K5F2023J,2125801,찬성,2023-12-08
21,14M56632,2125801,찬성,2023-12-08
21,N9X9673B,2125801,불참,2023-12-08
21,5MD4184K,2125801,불참,2023-12-08
21,5K93695T,2125801,불참,2023-12-08
21,DPZ7685X,2125801,찬성,2023-12-08
21,E9R4507P,2125801,찬성,2023-12-08
21,UHB5553T,2125801,찬성,2023-12-08
21,J9S37905,2125801,찬성,2023-12-08
21,A494529E,2125801,찬성,2023-12-08
21,VRY5522V,2125801,찬성,2023-12-08
21,CAA7713A,2125801,찬성,2023-12-08
21,0PK7354M,2125801,찬성,2023-12-08
21,O0I2045I,2125801,찬성,2023-12-08
21,CZB4125D,2125801,불참,2023-12-08
21,Z6R3959C,2125801,불참,2023-12-08
21,UGH6481E,2125801,찬성,2023-12-08
21,W4X85128,2125801,불참,2023-12-08
21,JZY9937U,2125801,불참,2023-12-08
21,MRK4871S,2125801,불참,2023-12-08
21,YKW37422,2125801,찬성,2023-12-08
21,2NV6751W,2125801,찬성,2023-12-08
21,BM63269Y,2125801,찬성,2023-12-08
21,M7O7878U,2125801,찬성,2023-12-08
21,YLS4431M,2125801,찬성,2023-12-08
21,3ZR4438W,2125801,찬성,2023-12-08
21,HSS7466Y,2125801,찬성,2023-12-08
21,KB04377U,2125801,찬성,2023-12-08
21,FU53642G,2125801,찬성,2023-12-08
21,8VY63414,2125801,찬성,2023-12-08
21,QQP4727N,2125801,불참,2023-12-08
21,BCQ55105,2125801,불참,2023-12-08
21,9L57027L,2125801,찬성,2023-12-08
21,GOC54665,2125801,불참,2023-12-08
21,5UN9725L,2125801,불참,2023-12-08
21,LJK4960Z,2125801,찬성,2023-12-08
21,IUD9392R,2125801,불참,2023-12-08
21,NCO99988,2125801,찬성,2023-12-08
21,M2Q9024I,2125801,불참,2023-12-08
21,DBA1057Z,2125801,불참,2023-12-08
21,CI15627C,2125801,찬성,2023-12-08
21,C7E79345,2125801,찬성,2023-12-08
21,UQ282145,2125801,찬성,2023-12-08
21,TRE2429O,2125801,찬성,2023-12-08
21,E6U4345C,2125801,찬성,2023-12-08
21,7BM2933Y,2125801,찬성,2023-12-08
21,CDL93608,2125801,불참,2023-12-08
21,2UD1340H,2125801,찬성,2023-12-08
21,9VR65006,2125801,불참,2023-12-08
21,X7I4680R,2125801,찬성,2023-12-08
21,XJC13432,2125801,찬성,2023-12-08
21,T465023H,2125801,찬성,2023-12-08
21,3RW63706,2125801,찬성,2023-12-08
21,RQQ3807K,2125801,찬성,2023-12-08
21,FH777496,2125801,찬성,2023-12-08
21,8X15119P,2125801,찬성,2023-12-08
21,CNW5754J,2125801,찬성,2023-12-08
21,3249208I,2125801,찬성,2023-12-08
21,GX38539O,2125801,찬성,2023-12-08
21,8Q88373R,2125801,불참,2023-12-08
21,XEF29171,2125801,찬성,2023-12-08
21,WVU2479T,2125801,불참,2023-12-08
21,QTW6852F,2125801,찬성,2023-12-08
21,7XY7109I,2125801,찬성,2023-12-08
21,TST4507I,2125801,찬성,2023-12-08
21,JC14718Q,2125801,찬성,2023-12-08
21,5KV82250,2125801,찬성,2023-12-08
21,L7J93733,2125801,찬성,2023-12-08
21,LT72093S,2125801,찬성,2023-12-08
21,GE71932C,2125801,불참,2023-12-08
21,FDC3144T,2125801,찬성,2023-12-08
21,17M85910,2125801,찬성,2023-12-08
21,I7R13867,2125801,찬성,2023-12-08
21,SQ36001H,2125801,불참,2023-12-08
21,G1570880,2125801,찬성,2023-12-08
21,9LD2641Q,2125801,불참,2023-12-08
21,LPB30152,2125801,찬성,2023-12-08
21,MD083627,2125801,찬성,2023-12-08
21,OSV9142K,2125801,찬성,2023-12-08
21,B7R2742J,2125801,찬성,2023-12-08
21,FJK3396E,2125801,찬성,2023-12-08
21,ZDP5704Q,2125801,찬성,2023-12-08
21,71J2365L,2125801,찬성,2023-12-08
21,7O71647Z,2125801,찬성,2023-12-08
21,W1Q6753M,2125801,찬성,2023-12-08
21,E1J8836Y,2125801,찬성,2023-12-08
21,RD42006Y,2125801,찬성,2023-12-08
21,QHL3248U,2125801,불참,2023-12-08
21,TJW93720,2125801,찬성,2023-12-08
21,9S151177,2125801,불참,2023-12-08
21,TZ228122,2125801,찬성,2023-12-08
21,9V18755A,2125801,찬성,2023-12-08
21,XA42275R,2125801,찬성,2023-12-08
21,PO64874I,2125801,찬성,2023-12-08
21,VHK3402G,2125801,찬성,2023-12-08
21,DAV7257X,2125801,찬성,2023-12-08
21,6YT83269,2125801,찬성,2023-12-08
21,1MU99298,2125801,찬성,2023-12-08
21,G152611B,2125801,불참,2023-12-08
21,FOK3459D,2125801,불참,2023-12-08
21,QUO78839,2125801,기권,2023-12-08
21,BT62420K,2125801,불참,2023-12-08
21,TZP9391O,2125801,찬성,2023-12-08
21,6V37131U,2125801,불참,2023-12-08
21,6EN68926,2125801,찬성,2023-12-08
21,1BX7234U,2125801,기권,2023-12-08
21,LBC8144B,2125801,찬성,2023-12-08
21,NLR6572J,2125801,찬성,2023-12-08
21,L7T64271,2125801,찬성,2023-12-08
21,4X525582,2125801,불참,2023-12-08
21,GKD32201,2125801,찬성,2023-12-08
21,S741317G,2125801,찬성,2023-12-08
21,2N793392,2125801,찬성,2023-12-08
21,LM13674V,2125801,찬성,2023-12-08
21,JVB6983V,2125801,찬성,2023-12-08
21,GP07421U,2125801,찬성,2023-12-08
21,FGI27280,2125801,찬성,2023-12-08
21,D4L60530,2125801,불참,2023-12-08
21,NTT8182Q,2125801,찬성,2023-12-08
21,A3H7195R,2125801,불참,2023-12-08
21,0VU8517U,2125801,찬성,2023-12-08
21,M0A1658U,2125801,찬성,2023-12-08
21,WJL30106,2125801,불참,2023-12-08
21,KNM3215T,2125801,불참,2023-12-08
21,HKJ99607,2125801,불참,2023-12-08
21,MY318392,2125801,찬성,2023-12-08
21,GF286398,2125801,불참,2023-12-08
21,H5476989,2125801,찬성,2023-12-08
21,6FS10566,2125801,찬성,2023-12-08
21,WTR5885Y,2125801,찬성,2023-12-08
21,IOW1101J,2125801,불참,2023-12-08
21,25I8709Q,2125801,찬성,2023-12-08
21,XWX1513T,2125801,찬성,2023-12-08
21,LG63087O,2125801,찬성,2023-12-08
21,OW53107J,2125801,찬성,2023-12-08
21,PEP6922S,2125801,찬성,2023-12-08
21,DAN6731C,2125801,불참,2023-12-08
21,VG24001G,2125801,불참,2023-12-08
21,Z7Y7827F,2125801,찬성,2023-12-08
21,ATB59635,2125801,찬성,2023-12-08
21,FU87526G,2125801,찬성,2023-12-08
21,8SV6917G,2125801,찬성,2023-12-08
21,P0F1530P,2125801,불참,2023-12-08
21,LQW3652K,2125801,찬성,2023-12-08
21,PFG2137X,2125801,찬성,2023-12-08
21,UB114374,2125801,찬성,2023-12-08
21,7JC3239L,2125801,찬성,2023-12-08
21,N4R2421C,2125801,찬성,2023-12-08
21,O7R5461J,2125801,찬성,2023-12-08
21,8VJ8533R,2125801,찬성,2023-12-08
21,1Y73132H,2125801,찬성,2023-12-08
21,I0S53762,2125801,불참,2023-12-08
21,04T3751T,2125801,불참,2023-12-08
21,6U243644,2125801,찬성,2023-12-08
21,KFS1358P,2125801,찬성,2023-12-08
21,QUM8288K,2125801,찬성,2023-12-08
21,S824682L,2125801,찬성,2023-12-08
21,Q9H5708M,2125801,불참,2023-12-08
21,MNZ4401T,2125801,불참,2023-12-08
21,16D7652C,2125801,찬성,2023-12-08
21,MLH1404S,2125801,불참,2023-12-08
21,XR24352K,2125801,찬성,2023-12-08
21,JEZ3130Q,2125801,찬성,2023-12-08
21,K3W33496,2125801,찬성,2023-12-08
21,4019850M,2125801,찬성,2023-12-08
21,9YO73104,2125801,찬성,2023-12-08
21,EMC8812P,2125801,찬성,2023-12-08
21,XSP20229,2125801,불참,2023-12-08
21,FYI20317,2125801,찬성,2023-12-08
21,ZYP7962W,2125801,찬성,2023-12-08
21,9D939735,2125801,찬성,2023-12-08
21,GKD32201,2100137,찬성,2020-07-03
21,3TO11703,2100137,찬성,2020-07-03
21,S741317G,2100137,불참,2020-07-03
21,MU69217P,2100137,불참,2020-07-03
21,2N793392,2100137,찬성,2020-07-03
21,66W6739S,2100137,불참,2020-07-03
21,DAY6557K,2100137,불참,2020-07-03
21,USR7059P,2100137,불참,2020-07-03
21,A0P4646G,2100137,불참,2020-07-03
21,D4L60530,2100137,찬성,2020-07-03
21,M6H1705E,2100137,찬성,2020-07-03
21,OFE45081,2100137,찬성,2020-07-03
21,M0A1658U,2100137,찬성,2020-07-03
21,WDS6044S,2100137,불참,2020-07-03
21,WJL30106,2100137,찬성,2020-07-03
21,M7T9712V,2100137,불참,2020-07-03
21,60490713,2100137,찬성,2020-07-03
21,HKJ99607,2100137,찬성,2020-07-03
21,MY318392,2100137,불참,2020-07-03
21,4T026790,2100137,찬성,2020-07-03
21,EH27538E,2100137,불참,2020-07-03
21,MR210505,2100137,불참,2020-07-03
21,GF286398,2100137,찬성,2020-07-03
21,8348421R,2100137,불참,2020-07-03
21,4L695580,2100137,찬성,2020-07-03
21,V429892C,2100137,찬성,2020-07-03
21,2385336L,2100137,찬성,2020-07-03
21,0827740Q,2100137,찬성,2020-07-03
21,0W194007,2100137,찬성,2020-07-03
21,X1K3667J,2100137,찬성,2020-07-03
21,WTR5885Y,2100137,찬성,2020-07-03
21,L5P27909,2100137,불참,2020-07-03
21,25I8709Q,2100137,찬성,2020-07-03
21,OIA3741M,2100137,찬성,2020-07-03
21,PAO22428,2100137,찬성,2020-07-03
21,BLC8630L,2100137,찬성,2020-07-03
21,LG63087O,2100137,불참,2020-07-03
21,PEP6922S,2100137,찬성,2020-07-03
21,DAN6731C,2100137,불참,2020-07-03
21,VG24001G,2100137,불참,2020-07-03
21,I434361W,2100137,불참,2020-07-03
21,IOW8224X,2100137,찬성,2020-07-03
21,Z7Y7827F,2100137,찬성,2020-07-03
21,FU87526G,2100137,불참,2020-07-03
21,S9U45255,2100137,불참,2020-07-03
21,8SV6917G,2100137,불참,2020-07-03
21,V0O5343U,2100137,찬성,2020-07-03
21,68P7228G,2100137,찬성,2020-07-03
21,XPP2564T,2100137,찬성,2020-07-03
21,CNZ51556,2100137,불참,2020-07-03
21,3C23171A,2100137,찬성,2020-07-03
21,GDG1847Z,2100137,불참,2020-07-03
21,LNR7932L,2100137,찬성,2020-07-03
21,O7R5461J,2100137,찬성,2020-07-03
21,JMY9959W,2100137,찬성,2020-07-03
21,7R156073,2100137,찬성,2020-07-03
21,J2O8643H,2100137,찬성,2020-07-03
21,8VJ8533R,2100137,불참,2020-07-03
21,SE233396,2100137,찬성,2020-07-03
21,B7H6207C,2100137,불참,2020-07-03
21,F5Y4026Q,2100137,찬성,2020-07-03
21,1Y73132H,2100137,불참,2020-07-03
21,LH97552Q,2100137,불참,2020-07-03
21,TKJ4800F,2100137,찬성,2020-07-03
21,MSY7784L,2100137,불참,2020-07-03
21,5MD4184K,2100137,찬성,2020-07-03
21,E9R4507P,2100137,불참,2020-07-03
21,A494529E,2100137,찬성,2020-07-03
21,UGH6481E,2100137,찬성,2020-07-03
21,Q9H5708M,2100137,찬성,2020-07-03
21,MRK4871S,2100137,불참,2020-07-03
21,2NV6751W,2100137,찬성,2020-07-03
21,BM63269Y,2100137,찬성,2020-07-03
21,IUL4848V,2100137,불참,2020-07-03
21,JEZ3130Q,2100137,불참,2020-07-03
21,LJK4960Z,2100137,불참,2020-07-03
21,K3W33496,2100137,찬성,2020-07-03
21,CI15627C,2100137,찬성,2020-07-03
21,21N57758,2100137,찬성,2020-07-03
21,C7E79345,2100137,찬성,2020-07-03
21,D0C85236,2100137,불참,2020-07-03
21,3RW63706,2100137,불참,2020-07-03
21,FH777496,2100137,찬성,2020-07-03
21,FYI20317,2100137,찬성,2020-07-03
21,8Q88373R,2100137,찬성,2020-07-03
21,9D939735,2100137,불참,2020-07-03
21,7XY7109I,2100137,불참,2020-07-03
21,TST4507I,2100137,찬성,2020-07-03
21,5KV82250,2100137,불참,2020-07-03
21,LT72093S,2100137,찬성,2020-07-03
21,6YT83269,2100137,불참,2020-07-03
21,1MU99298,2100137,찬성,2020-07-03
21,FDC3144T,2100137,불참,2020-07-03
21,17M85910,2100137,찬성,2020-07-03
21,SQ36001H,2100137,찬성,2020-07-03
21,9LD2641Q,2100137,찬성,2020-07-03
21,FOK3459D,2100137,찬성,2020-07-03
21,LPB30152,2100137,찬성,2020-07-03
21,ZDP5704Q,2100137,불참,2020-07-03
21,7O71647Z,2100137,찬성,2020-07-03
21,MHK9919B,2100137,불참,2020-07-03
21,RD42006Y,2100137,찬성,2020-07-03
21,1BX7234U,2100137,찬성,2020-07-03
21,9S151177,2100137,불참,2020-07-03
21,TZ228122,2100137,찬성,2020-07-03
21,9V18755A,2100137,찬성,2020-07-03
21,PO64874I,2100137,찬성,2020-07-03
21,XA42275R,2100137,찬성,2020-07-03
21,YKW37422,2100137,불참,2020-07-03
21,M7O7878U,2100137,찬성,2020-07-03
21,YLS4431M,2100137,불참,2020-07-03
21,MNZ4401T,2100137,찬성,2020-07-03
21,3ZR4438W,2100137,찬성,2020-07-03
21,HSS7466Y,2100137,찬성,2020-07-03
21,16D7652C,2100137,찬성,2020-07-03
21,KB04377U,2100137,불참,2020-07-03
21,FU53642G,2100137,찬성,2020-07-03
21,MLH1404S,2100137,찬성,2020-07-03
21,8VY63414,2100137,불참,2020-07-03
21,XR24352K,2100137,찬성,2020-07-03
21,QQP4727N,2100137,불참,2020-07-03
21,BCQ55105,2100137,찬성,2020-07-03
21,9L57027L,2100137,불참,2020-07-03
21,GOC54665,2100137,찬성,2020-07-03
21,5UN9725L,2100137,불참,2020-07-03
21,M2Q9024I,2100137,찬성,2020-07-03
21,DBA1057Z,2100137,찬성,2020-07-03
21,4019850M,2100137,찬성,2020-07-03
21,UQ282145,2100137,찬성,2020-07-03
21,9YO73104,2100137,찬성,2020-07-03
21,TRE2429O,2100137,찬성,2020-07-03
21,E6U4345C,2100137,찬성,2020-07-03
21,7BM2933Y,2100137,찬성,2020-07-03
21,CDL93608,2100137,찬성,2020-07-03
21,2UD1340H,2100137,찬성,2020-07-03
21,9VR65006,2100137,불참,2020-07-03
21,X7I4680R,2100137,불참,2020-07-03
21,EMC8812P,2100137,불참,2020-07-03
21,XJC13432,2100137,불참,2020-07-03
21,XSP20229,2100137,찬성,2020-07-03
21,T465023H,2100137,찬성,2020-07-03
21,RQQ3807K,2100137,찬성,2020-07-03
21,8X15119P,2100137,불참,2020-07-03
21,ZYP7962W,2100137,불참,2020-07-03
21,CNW5754J,2100137,불참,2020-07-03
21,3249208I,2100137,찬성,2020-07-03
21,GX38539O,2100137,찬성,2020-07-03
21,XEF29171,2100137,찬성,2020-07-03
21,WVU2479T,2100137,찬성,2020-07-03
21,QTW6852F,2100137,불참,2020-07-03
21,JC14718Q,2100137,찬성,2020-07-03
21,L7J93733,2100137,불참,2020-07-03
21,DAV7257X,2100137,찬성,2020-07-03
21,GE71932C,2100137,찬성,2020-07-03
21,G152611B,2100137,불참,2020-07-03
21,I7R13867,2100137,찬성,2020-07-03
21,G1570880,2100137,찬성,2020-07-03
21,QUO78839,2100137,찬성,2020-07-03
21,BT62420K,2100137,찬성,2020-07-03
21,MD083627,2100137,찬성,2020-07-03
21,TZP9391O,2100137,불참,2020-07-03
21,6V37131U,2100137,찬성,2020-07-03
21,OSV9142K,2100137,불참,2020-07-03
21,B7R2742J,2100137,찬성,2020-07-03
21,FJK3396E,2100137,찬성,2020-07-03
21,71J2365L,2100137,불참,2020-07-03
21,W1Q6753M,2100137,기권,2020-07-03
21,E1J8836Y,2100137,불참,2020-07-03
21,6EN68926,2100137,불참,2020-07-03
21,QHL3248U,2100137,찬성,2020-07-03
21,AE685067,2100137,찬성,2020-07-03
21,TJW93720,2100137,찬성,2020-07-03
21,L2I9861C,2100137,불참,2020-07-03
21,WCD5518S,2100137,찬성,2020-07-03
21,SVH3899R,2100137,불참,2020-07-03
21,9JF4562W,2100137,찬성,2020-07-03
21,Y7K5946R,2100137,불참,2020-07-03
21,ATB59635,2100137,찬성,2020-07-03
21,SBK1544B,2100137,불참,2020-07-03
21,KUO3574J,2100137,찬성,2020-07-03
21,D6U6678O,2100137,찬성,2020-07-03
21,8FC9697X,2100137,찬성,2020-07-03
21,QKO6165V,2100137,불참,2020-07-03
21,GD131760,2100137,불참,2020-07-03
21,ZRF3039U,2100137,불참,2020-07-03
21,P0F1530P,2100137,불참,2020-07-03
21,FRN1867O,2100137,찬성,2020-07-03
21,LQW3652K,2100137,불참,2020-07-03
21,RO593601,2100137,찬성,2020-07-03
21,PFG2137X,2100137,불참,2020-07-03
21,UB114374,2100137,불참,2020-07-03
21,GAV6441G,2100137,기권,2020-07-03
21,0YT3774N,2100137,찬성,2020-07-03
21,7JC3239L,2100137,불참,2020-07-03
21,40S1959J,2100137,찬성,2020-07-03
21,IL74008M,2100137,찬성,2020-07-03
21,8KF7223D,2100137,찬성,2020-07-03
21,8P37634C,2100137,찬성,2020-07-03
21,N4R2421C,2100137,불참,2020-07-03
21,P2N4585G,2100137,찬성,2020-07-03
21,TVF3669B,2100137,불참,2020-07-03
21,6AR6743G,2100137,불참,2020-07-03
21,VCP96419,2100137,찬성,2020-07-03
21,6AU2417B,2100137,찬성,2020-07-03
21,B7D7534L,2100137,찬성,2020-07-03
21,GX22581L,2100137,불참,2020-07-03
21,AFH96856,2100137,찬성,2020-07-03
21,52P3934K,2100137,불참,2020-07-03
21,6399076T,2100137,찬성,2020-07-03
21,4U29186R,2100137,찬성,2020-07-03
21,WHV3448W,2100137,찬성,2020-07-03
21,I0S53762,2100137,불참,2020-07-03
21,O6D8329R,2100137,찬성,2020-07-03
21,04T3751T,2100137,찬성,2020-07-03
21,EVH1507C,2100137,불참,2020-07-03
21,K5F2023J,2100137,찬성,2020-07-03
21,14M56632,2100137,불참,2020-07-03
21,N9X9673B,2100137,찬성,2020-07-03
21,TP066860,2100137,찬성,2020-07-03
21,5K93695T,2100137,불참,2020-07-03
21,DPZ7685X,2100137,불참,2020-07-03
21,6U243644,2100137,불참,2020-07-03
21,UHB5553T,2100137,찬성,2020-07-03
21,KFS1358P,2100137,찬성,2020-07-03
21,J9S37905,2100137,불참,2020-07-03
21,VRY5522V,2100137,찬성,2020-07-03
21,CAA7713A,2100137,불참,2020-07-03
21,0PK7354M,2100137,찬성,2020-07-03
21,O0I2045I,2100137,찬성,2020-07-03
21,CZB4125D,2100137,불참,2020-07-03
21,Z6R3959C,2100137,불참,2020-07-03
21,QUM8288K,2100137,불참,2020-07-03
21,S824682L,2100137,찬성,2020-07-03
21,W4X85128,2100137,불참,2020-07-03
21,CFE3998F,2100137,불참,2020-07-03
21,JZY9937U,2100137,찬성,2020-07-03
21,JNL7001A,2100137,불참,2020-07-03
21,L7T64271,2100137,불참,2020-07-03
21,4X525582,2100137,불참,2020-07-03
21,G7512472,2100137,찬성,2020-07-03
21,CCU1009B,2100137,찬성,2020-07-03
21,LM13674V,2100137,찬성,2020-07-03
21,QD25323M,2100137,찬성,2020-07-03
21,GP07421U,2100137,찬성,2020-07-03
21,FGI27280,2100137,불참,2020-07-03
21,4XG1439M,2100137,찬성,2020-07-03
21,P2N50879,2100137,불참,2020-07-03
21,A2V51235,2100137,기권,2020-07-03
21,7I09543O,2100137,찬성,2020-07-03
21,1X376850,2100137,불참,2020-07-03
21,3DK8989T,2100137,불참,2020-07-03
21,7469929V,2100137,불참,2020-07-03
21,09I2323E,2100137,찬성,2020-07-03
21,NTT8182Q,2100137,찬성,2020-07-03
21,A3H7195R,2100137,찬성,2020-07-03
21,ZYH1940A,2100137,찬성,2020-07-03
21,0VU8517U,2100137,찬성,2020-07-03
21,HSW1214Q,2100137,불참,2020-07-03
21,NZF1659U,2100137,불참,2020-07-03
21,3BC6890E,2100137,불참,2020-07-03
21,ZDR63255,2100137,찬성,2020-07-03
21,KR14136C,2100137,찬성,2020-07-03
21,SRP7336N,2100137,불참,2020-07-03
21,5765663F,2100137,찬성,2020-07-03
21,GFF1986K,2100137,찬성,2020-07-03
21,ZKU88693,2100137,찬성,2020-07-03
21,5KV96424,2100137,찬성,2020-07-03
21,KNM3215T,2100137,찬성,2020-07-03
21,UM51067K,2100137,찬성,2020-07-03
21,1WE5693J,2100137,찬성,2020-07-03
21,X3170462,2100137,불참,2020-07-03
21,8FB1535Y,2100137,찬성,2020-07-03
21,WFU14784,2100137,불참,2020-07-03
21,SU53086M,2100137,기권,2020-07-03
21,0WL9321T,2100137,찬성,2020-07-03
21,PZA4062H,2100137,찬성,2020-07-03
21,H5476989,2100137,찬성,2020-07-03
21,JQA21112,2100137,불참,2020-07-03
21,40E3739H,2100137,불참,2020-07-03
21,HXT76735,2100137,찬성,2020-07-03
21,RPN2293B,2100137,찬성,2020-07-03
21,0R68099X,2100137,찬성,2020-07-03
21,4A067125,2100137,찬성,2020-07-03
21,IN328264,2100137,찬성,2020-07-03
21,XBT9550Q,2100137,찬성,2020-07-03
21,ZA54991S,2100137,기권,2020-07-03
21,MO52543L,2100137,찬성,2020-07-03
21,WMG57662,2100137,기권,2020-07-03
21,NCP9875N,2100137,기권,2020-07-03
21,I5I2468R,2100137,찬성,2020-07-03
21,3425169D,2100137,찬성,2020-07-03
21,IOW1101J,2100137,불참,2020-07-03
21,ICH23251,2100137,찬성,2020-07-03
21,6MO8786S,2100137,불참,2020-07-03
21,XWX1513T,2100137,찬성,2020-07-03
21,CT85313K,2100137,불참,2020-07-03
21,NQR1206Q,2100137,불참,2020-07-03
21,0767470D,2100137,찬성,2020-07-03
21,NAL4555X,2100137,불참,2020-07-03
21,OW53107J,2100137,찬성,2020-07-03
21,XJC13432,2114762,찬성,2022-02-14
21,D0C85236,2114762,찬성,2022-02-14
21,XSP20229,2114762,찬성,2022-02-14
21,T465023H,2114762,찬성,2022-02-14
21,3RW63706,2114762,찬성,2022-02-14
21,FH777496,2114762,찬성,2022-02-14
21,8X15119P,2114762,불참,2022-02-14
21,ZYP7962W,2114762,찬성,2022-02-14
21,CNW5754J,2114762,불참,2022-02-14
21,3249208I,2114762,찬성,2022-02-14
21,GX38539O,2114762,찬성,2022-02-14
21,9D939735,2114762,불참,2022-02-14
21,QTW6852F,2114762,불참,2022-02-14
21,TST4507I,2114762,찬성,2022-02-14
21,JC14718Q,2114762,찬성,2022-02-14
21,5KV82250,2114762,불참,2022-02-14
21,L7J93733,2114762,찬성,2022-02-14
21,LT72093S,2114762,찬성,2022-02-14
21,6YT83269,2114762,찬성,2022-02-14
21,1MU99298,2114762,찬성,2022-02-14
21,FDC3144T,2114762,불참,2022-02-14
21,17M85910,2114762,찬성,2022-02-14
21,G152611B,2114762,찬성,2022-02-14
21,I7R13867,2114762,찬성,2022-02-14
21,G1570880,2114762,찬성,2022-02-14
21,9LD2641Q,2114762,불참,2022-02-14
21,FOK3459D,2114762,찬성,2022-02-14
21,QUO78839,2114762,불참,2022-02-14
21,LPB30152,2114762,찬성,2022-02-14
21,MD083627,2114762,찬성,2022-02-14
21,6V37131U,2114762,찬성,2022-02-14
21,OSV9142K,2114762,불참,2022-02-14
21,ZDP5704Q,2114762,찬성,2022-02-14
21,71J2365L,2114762,불참,2022-02-14
21,E1J8836Y,2114762,찬성,2022-02-14
21,RD42006Y,2114762,불참,2022-02-14
21,6EN68926,2114762,찬성,2022-02-14
21,1BX7234U,2114762,불참,2022-02-14
21,QHL3248U,2114762,찬성,2022-02-14
21,TJW93720,2114762,찬성,2022-02-14
21,9S151177,2114762,불참,2022-02-14
21,TZ228122,2114762,찬성,2022-02-14
21,9V18755A,2114762,찬성,2022-02-14
21,XA42275R,2114762,찬성,2022-02-14
21,KUO3574J,2114762,찬성,2022-02-14
21,S9U45255,2114762,불참,2022-02-14
21,GD131760,2114762,불참,2022-02-14
21,ZRF3039U,2114762,불참,2022-02-14
21,V0O5343U,2114762,불참,2022-02-14
21,FRN1867O,2114762,찬성,2022-02-14
21,RO593601,2114762,찬성,2022-02-14
21,PFG2137X,2114762,찬성,2022-02-14
21,7JC3239L,2114762,찬성,2022-02-14
21,8P37634C,2114762,찬성,2022-02-14
21,CNZ51556,2114762,찬성,2022-02-14
21,N4R2421C,2114762,찬성,2022-02-14
21,GDG1847Z,2114762,찬성,2022-02-14
21,O7R5461J,2114762,불참,2022-02-14
21,TVF3669B,2114762,찬성,2022-02-14
21,JMY9959W,2114762,찬성,2022-02-14
21,J2O8643H,2114762,찬성,2022-02-14
21,6AU2417B,2114762,찬성,2022-02-14
21,8VJ8533R,2114762,찬성,2022-02-14
21,B7D7534L,2114762,찬성,2022-02-14
21,SE233396,2114762,찬성,2022-02-14
21,AFH96856,2114762,찬성,2022-02-14
21,B7H6207C,2114762,찬성,2022-02-14
21,4U29186R,2114762,찬성,2022-02-14
21,F5Y4026Q,2114762,찬성,2022-02-14
21,WHV3448W,2114762,찬성,2022-02-14
21,LH97552Q,2114762,찬성,2022-02-14
21,O6D8329R,2114762,찬성,2022-02-14
21,EVH1507C,2114762,찬성,2022-02-14
21,N9X9673B,2114762,찬성,2022-02-14
21,5MD4184K,2114762,찬성,2022-02-14
21,5K93695T,2114762,찬성,2022-02-14
21,DPZ7685X,2114762,찬성,2022-02-14
21,UHB5553T,2114762,찬성,2022-02-14
21,KFS1358P,2114762,찬성,2022-02-14
21,A494529E,2114762,찬성,2022-02-14
21,VRY5522V,2114762,찬성,2022-02-14
21,CAA7713A,2114762,찬성,2022-02-14
21,CZB4125D,2114762,불참,2022-02-14
21,QUM8288K,2114762,찬성,2022-02-14
21,Q9H5708M,2114762,찬성,2022-02-14
21,CFE3998F,2114762,불참,2022-02-14
21,YKW37422,2114762,불참,2022-02-14
21,2NV6751W,2114762,찬성,2022-02-14
21,BM63269Y,2114762,불참,2022-02-14
21,M7O7878U,2114762,찬성,2022-02-14
21,YLS4431M,2114762,불참,2022-02-14
21,3ZR4438W,2114762,불참,2022-02-14
21,16D7652C,2114762,찬성,2022-02-14
21,KB04377U,2114762,찬성,2022-02-14
21,XR24352K,2114762,찬성,2022-02-14
21,QQP4727N,2114762,불참,2022-02-14
21,9L57027L,2114762,찬성,2022-02-14
21,GOC54665,2114762,불참,2022-02-14
21,DBA1057Z,2114762,불참,2022-02-14
21,CI15627C,2114762,찬성,2022-02-14
21,C7E79345,2114762,불참,2022-02-14
21,UQ282145,2114762,찬성,2022-02-14
21,9YO73104,2114762,찬성,2022-02-14
21,TRE2429O,2114762,불참,2022-02-14
21,2UD1340H,2114762,불참,2022-02-14
21,9VR65006,2114762,불참,2022-02-14
21,X7I4680R,2114762,찬성,2022-02-14
21,EMC8812P,2114762,찬성,2022-02-14
21,JNL7001A,2114762,찬성,2022-02-14
21,GKD32201,2114762,찬성,2022-02-14
21,S741317G,2114762,찬성,2022-02-14
21,CCU1009B,2114762,찬성,2022-02-14
21,2N793392,2114762,찬성,2022-02-14
21,QD25323M,2114762,찬성,2022-02-14
21,GP07421U,2114762,찬성,2022-02-14
21,USR7059P,2114762,불참,2022-02-14
21,4XG1439M,2114762,찬성,2022-02-14
21,P2N50879,2114762,찬성,2022-02-14
21,7I09543O,2114762,찬성,2022-02-14
21,1X376850,2114762,불참,2022-02-14
21,D4L60530,2114762,찬성,2022-02-14
21,A3H7195R,2114762,찬성,2022-02-14
21,ZYH1940A,2114762,찬성,2022-02-14
21,0VU8517U,2114762,불참,2022-02-14
21,M0A1658U,2114762,찬성,2022-02-14
21,HSW1214Q,2114762,찬성,2022-02-14
21,ZDR63255,2114762,찬성,2022-02-14
21,SRP7336N,2114762,불참,2022-02-14
21,5765663F,2114762,찬성,2022-02-14
21,GFF1986K,2114762,찬성,2022-02-14
21,WJL30106,2114762,불참,2022-02-14
21,5KV96424,2114762,찬성,2022-02-14
21,M7T9712V,2114762,불참,2022-02-14
21,60490713,2114762,찬성,2022-02-14
21,HKJ99607,2114762,찬성,2022-02-14
21,X3170462,2114762,불참,2022-02-14
21,MY318392,2114762,찬성,2022-02-14
21,4T026790,2114762,찬성,2022-02-14
21,WFU14784,2114762,찬성,2022-02-14
21,SU53086M,2114762,불참,2022-02-14
21,MR210505,2114762,불참,2022-02-14
21,GF286398,2114762,찬성,2022-02-14
21,JQA21112,2114762,불참,2022-02-14
21,4L695580,2114762,찬성,2022-02-14
21,HXT76735,2114762,불참,2022-02-14
21,RPN2293B,2114762,찬성,2022-02-14
21,V429892C,2114762,찬성,2022-02-14
21,4A067125,2114762,불참,2022-02-14
21,2385336L,2114762,찬성,2022-02-14
21,XBT9550Q,2114762,찬성,2022-02-14
21,ZA54991S,2114762,불참,2022-02-14
21,MO52543L,2114762,찬성,2022-02-14
21,0827740Q,2114762,찬성,2022-02-14
21,X1K3667J,2114762,찬성,2022-02-14
21,NCP9875N,2114762,기권,2022-02-14
21,I5I2468R,2114762,찬성,2022-02-14
21,L5P27909,2114762,불참,2022-02-14
21,6MO8786S,2114762,찬성,2022-02-14
21,XWX1513T,2114762,찬성,2022-02-14
21,CT85313K,2114762,불참,2022-02-14
21,PAO22428,2114762,불참,2022-02-14
21,NQR1206Q,2114762,찬성,2022-02-14
21,LG63087O,2114762,불참,2022-02-14
21,PEP6922S,2114762,찬성,2022-02-14
21,DAN6731C,2114762,찬성,2022-02-14
21,L2I9861C,2114762,찬성,2022-02-14
21,WCD5518S,2114762,찬성,2022-02-14
21,SVH3899R,2114762,찬성,2022-02-14
21,9JF4562W,2114762,불참,2022-02-14
21,Y7K5946R,2114762,불참,2022-02-14
21,Z7Y7827F,2114762,찬성,2022-02-14
21,SBK1544B,2114762,불참,2022-02-14
21,FIC9046Z,2114762,찬성,2022-02-14
21,L7T64271,2114762,찬성,2022-02-14
21,4X525582,2114762,불참,2022-02-14
21,G7512472,2114762,찬성,2022-02-14
21,3TO11703,2114762,찬성,2022-02-14
21,MU69217P,2114762,찬성,2022-02-14
21,66W6739S,2114762,찬성,2022-02-14
21,LM13674V,2114762,찬성,2022-02-14
21,DAY6557K,2114762,찬성,2022-02-14
21,FGI27280,2114762,찬성,2022-02-14
21,A0P4646G,2114762,찬성,2022-02-14
21,A2V51235,2114762,찬성,2022-02-14
21,3DK8989T,2114762,불참,2022-02-14
21,7469929V,2114762,찬성,2022-02-14
21,M6H1705E,2114762,찬성,2022-02-14
21,OFE45081,2114762,찬성,2022-02-14
21,09I2323E,2114762,찬성,2022-02-14
21,NTT8182Q,2114762,찬성,2022-02-14
21,NZF1659U,2114762,찬성,2022-02-14
21,WDS6044S,2114762,찬성,2022-02-14
21,3BC6890E,2114762,불참,2022-02-14
21,KR14136C,2114762,찬성,2022-02-14
21,ZKU88693,2114762,찬성,2022-02-14
21,KNM3215T,2114762,불참,2022-02-14
21,UM51067K,2114762,찬성,2022-02-14
21,1WE5693J,2114762,찬성,2022-02-14
21,8FB1535Y,2114762,찬성,2022-02-14
21,EH27538E,2114762,찬성,2022-02-14
21,0WL9321T,2114762,불참,2022-02-14
21,PZA4062H,2114762,찬성,2022-02-14
21,8348421R,2114762,불참,2022-02-14
21,H5476989,2114762,찬성,2022-02-14
21,40E3739H,2114762,불참,2022-02-14
21,0R68099X,2114762,찬성,2022-02-14
21,IN328264,2114762,찬성,2022-02-14
21,0W194007,2114762,찬성,2022-02-14
21,WMG57662,2114762,찬성,2022-02-14
21,WTR5885Y,2114762,불참,2022-02-14
21,3425169D,2114762,찬성,2022-02-14
21,IOW1101J,2114762,불참,2022-02-14
21,ICH23251,2114762,찬성,2022-02-14
21,25I8709Q,2114762,찬성,2022-02-14
21,OIA3741M,2114762,찬성,2022-02-14
21,BLC8630L,2114762,찬성,2022-02-14
21,NAL4555X,2114762,불참,2022-02-14
21,OW53107J,2114762,찬성,2022-02-14
21,VG24001G,2114762,찬성,2022-02-14
21,I434361W,2114762,찬성,2022-02-14
21,IOW8224X,2114762,찬성,2022-02-14
21,ATB59635,2114762,찬성,2022-02-14
21,D6U6678O,2114762,찬성,2022-02-14
21,FU87526G,2114762,찬성,2022-02-14
21,8SV6917G,2114762,찬성,2022-02-14
21,8FC9697X,2114762,찬성,2022-02-14
21,QKO6165V,2114762,찬성,2022-02-14
21,68P7228G,2114762,찬성,2022-02-14
21,P0F1530P,2114762,찬성,2022-02-14
21,XPP2564T,2114762,불참,2022-02-14
21,LQW3652K,2114762,불참,2022-02-14
21,UB114374,2114762,불참,2022-02-14
21,GAV6441G,2114762,기권,2022-02-14
21,0YT3774N,2114762,불참,2022-02-14
21,40S1959J,2114762,불참,2022-02-14
21,IL74008M,2114762,찬성,2022-02-14
21,8KF7223D,2114762,찬성,2022-02-14
21,3C23171A,2114762,찬성,2022-02-14
21,P2N4585G,2114762,찬성,2022-02-14
21,7R156073,2114762,불참,2022-02-14
21,6AR6743G,2114762,찬성,2022-02-14
21,VCP96419,2114762,찬성,2022-02-14
21,GX22581L,2114762,불참,2022-02-14
21,52P3934K,2114762,불참,2022-02-14
21,6399076T,2114762,찬성,2022-02-14
21,1Y73132H,2114762,찬성,2022-02-14
21,I0S53762,2114762,불참,2022-02-14
21,TKJ4800F,2114762,찬성,2022-02-14
21,04T3751T,2114762,찬성,2022-02-14
21,MSY7784L,2114762,찬성,2022-02-14
21,K5F2023J,2114762,불참,2022-02-14
21,14M56632,2114762,불참,2022-02-14
21,6U243644,2114762,찬성,2022-02-14
21,E9R4507P,2114762,불참,2022-02-14
21,J9S37905,2114762,찬성,2022-02-14
21,0PK7354M,2114762,불참,2022-02-14
21,O0I2045I,2114762,찬성,2022-02-14
21,Z6R3959C,2114762,찬성,2022-02-14
21,UGH6481E,2114762,찬성,2022-02-14
21,S824682L,2114762,찬성,2022-02-14
21,W4X85128,2114762,찬성,2022-02-14
21,JZY9937U,2114762,불참,2022-02-14
21,MRK4871S,2114762,찬성,2022-02-14
21,MNZ4401T,2114762,찬성,2022-02-14
21,HSS7466Y,2114762,찬성,2022-02-14
21,FU53642G,2114762,찬성,2022-02-14
21,MLH1404S,2114762,찬성,2022-02-14
21,8VY63414,2114762,찬성,2022-02-14
21,JEZ3130Q,2114762,찬성,2022-02-14
21,BCQ55105,2114762,불참,2022-02-14
21,5UN9725L,2114762,불참,2022-02-14
21,LJK4960Z,2114762,찬성,2022-02-14
21,K3W33496,2114762,찬성,2022-02-14
21,M2Q9024I,2114762,찬성,2022-02-14
21,21N57758,2114762,불참,2022-02-14
21,4019850M,2114762,찬성,2022-02-14
21,E6U4345C,2114762,찬성,2022-02-14
21,7BM2933Y,2114762,찬성,2022-02-14
21,CDL93608,2114762,찬성,2022-02-14
21,RQQ3807K,2114762,불참,2022-02-14
21,FYI20317,2114762,찬성,2022-02-14
21,8Q88373R,2114762,찬성,2022-02-14
21,XEF29171,2114762,찬성,2022-02-14
21,WVU2479T,2114762,불참,2022-02-14
21,7XY7109I,2114762,찬성,2022-02-14
21,DAV7257X,2114762,찬성,2022-02-14
21,GE71932C,2114762,반대,2022-02-14
21,SQ36001H,2114762,찬성,2022-02-14
21,BT62420K,2114762,불참,2022-02-14
21,TZP9391O,2114762,불참,2022-02-14
21,B7R2742J,2114762,찬성,2022-02-14
21,FJK3396E,2114762,찬성,2022-02-14
21,7O71647Z,2114762,찬성,2022-02-14
21,W1Q6753M,2114762,찬성,2022-02-14
21,PO64874I,2114762,찬성,2022-02-14
21,JNL7001A,2106039,찬성,2020-12-02
21,71J2365L,2106039,찬성,2020-12-02
21,S741317G,2106039,찬성,2020-12-02
21,2N793392,2106039,찬성,2020-12-02
21,1X376850,2106039,찬성,2020-12-02
21,D4L60530,2106039,찬성,2020-12-02
21,WDS6044S,2106039,불참,2020-12-02
21,GFF1986K,2106039,찬성,2020-12-02
21,WJL30106,2106039,찬성,2020-12-02
21,60490713,2106039,찬성,2020-12-02
21,4L695580,2106039,찬성,2020-12-02
21,V429892C,2106039,찬성,2020-12-02
21,2385336L,2106039,찬성,2020-12-02
21,IOW1101J,2106039,찬성,2020-12-02
21,PAO22428,2106039,찬성,2020-12-02
21,0767470D,2106039,불참,2020-12-02
21,DAN6731C,2106039,찬성,2020-12-02
21,VG24001G,2106039,찬성,2020-12-02
21,I434361W,2106039,찬성,2020-12-02
21,9JF4562W,2106039,찬성,2020-12-02
21,8SV6917G,2106039,불참,2020-12-02
21,ZRF3039U,2106039,찬성,2020-12-02
21,V0O5343U,2106039,찬성,2020-12-02
21,68P7228G,2106039,찬성,2020-12-02
21,CNZ51556,2106039,찬성,2020-12-02
21,N4R2421C,2106039,불참,2020-12-02
21,LNR7932L,2106039,불참,2020-12-02
21,J2O8643H,2106039,찬성,2020-12-02
21,GX22581L,2106039,찬성,2020-12-02
21,MSY7784L,2106039,불참,2020-12-02
21,5MD4184K,2106039,찬성,2020-12-02
21,5K93695T,2106039,찬성,2020-12-02
21,KFS1358P,2106039,찬성,2020-12-02
21,Q9H5708M,2106039,찬성,2020-12-02
21,2NV6751W,2106039,찬성,2020-12-02
21,LJK4960Z,2106039,찬성,2020-12-02
21,CI15627C,2106039,찬성,2020-12-02
21,21N57758,2106039,찬성,2020-12-02
21,T465023H,2106039,찬성,2020-12-02
21,6YT83269,2106039,찬성,2020-12-02
21,FDC3144T,2106039,찬성,2020-12-02
21,SQ36001H,2106039,찬성,2020-12-02
21,FOK3459D,2106039,찬성,2020-12-02
21,GKD32201,2106039,찬성,2020-12-02
21,L7T64271,2106039,찬성,2020-12-02
21,4X525582,2106039,찬성,2020-12-02
21,G7512472,2106039,찬성,2020-12-02
21,3TO11703,2106039,찬성,2020-12-02
21,CCU1009B,2106039,찬성,2020-12-02
21,MU69217P,2106039,찬성,2020-12-02
21,66W6739S,2106039,찬성,2020-12-02
21,LM13674V,2106039,불참,2020-12-02
21,QD25323M,2106039,찬성,2020-12-02
21,DAY6557K,2106039,찬성,2020-12-02
21,GP07421U,2106039,찬성,2020-12-02
21,FGI27280,2106039,찬성,2020-12-02
21,4XG1439M,2106039,찬성,2020-12-02
21,P2N50879,2106039,찬성,2020-12-02
21,A0P4646G,2106039,찬성,2020-12-02
21,A2V51235,2106039,찬성,2020-12-02
21,7I09543O,2106039,찬성,2020-12-02
21,3DK8989T,2106039,불참,2020-12-02
21,7469929V,2106039,찬성,2020-12-02
21,M6H1705E,2106039,찬성,2020-12-02
21,OFE45081,2106039,찬성,2020-12-02
21,09I2323E,2106039,불참,2020-12-02
21,NTT8182Q,2106039,찬성,2020-12-02
21,A3H7195R,2106039,찬성,2020-12-02
21,ZYH1940A,2106039,찬성,2020-12-02
21,0VU8517U,2106039,찬성,2020-12-02
21,M0A1658U,2106039,찬성,2020-12-02
21,HSW1214Q,2106039,찬성,2020-12-02
21,NZF1659U,2106039,불참,2020-12-02
21,3BC6890E,2106039,기권,2020-12-02
21,ZDR63255,2106039,찬성,2020-12-02
21,KR14136C,2106039,찬성,2020-12-02
21,SRP7336N,2106039,찬성,2020-12-02
21,5765663F,2106039,찬성,2020-12-02
21,5KV96424,2106039,찬성,2020-12-02
21,KNM3215T,2106039,찬성,2020-12-02
21,M7T9712V,2106039,찬성,2020-12-02
21,UM51067K,2106039,찬성,2020-12-02
21,HKJ99607,2106039,찬성,2020-12-02
21,1WE5693J,2106039,불참,2020-12-02
21,X3170462,2106039,찬성,2020-12-02
21,MY318392,2106039,불참,2020-12-02
21,8FB1535Y,2106039,찬성,2020-12-02
21,4T026790,2106039,찬성,2020-12-02
21,EH27538E,2106039,찬성,2020-12-02
21,WFU14784,2106039,찬성,2020-12-02
21,SU53086M,2106039,불참,2020-12-02
21,0WL9321T,2106039,찬성,2020-12-02
21,PZA4062H,2106039,찬성,2020-12-02
21,MR210505,2106039,찬성,2020-12-02
21,GF286398,2106039,찬성,2020-12-02
21,8348421R,2106039,불참,2020-12-02
21,H5476989,2106039,찬성,2020-12-02
21,JQA21112,2106039,찬성,2020-12-02
21,40E3739H,2106039,찬성,2020-12-02
21,HXT76735,2106039,찬성,2020-12-02
21,RPN2293B,2106039,찬성,2020-12-02
21,0R68099X,2106039,찬성,2020-12-02
21,4A067125,2106039,찬성,2020-12-02
21,IN328264,2106039,찬성,2020-12-02
21,XBT9550Q,2106039,불참,2020-12-02
21,ZA54991S,2106039,찬성,2020-12-02
21,MO52543L,2106039,찬성,2020-12-02
21,0827740Q,2106039,찬성,2020-12-02
21,0W194007,2106039,찬성,2020-12-02
21,X1K3667J,2106039,찬성,2020-12-02
21,WMG57662,2106039,찬성,2020-12-02
21,NCP9875N,2106039,찬성,2020-12-02
21,I5I2468R,2106039,찬성,2020-12-02
21,WTR5885Y,2106039,찬성,2020-12-02
21,L5P27909,2106039,기권,2020-12-02
21,3425169D,2106039,찬성,2020-12-02
21,ICH23251,2106039,찬성,2020-12-02
21,25I8709Q,2106039,찬성,2020-12-02
21,OIA3741M,2106039,찬성,2020-12-02
21,6MO8786S,2106039,찬성,2020-12-02
21,XWX1513T,2106039,찬성,2020-12-02
21,CT85313K,2106039,찬성,2020-12-02
21,BLC8630L,2106039,찬성,2020-12-02
21,NQR1206Q,2106039,찬성,2020-12-02
21,LG63087O,2106039,찬성,2020-12-02
21,NAL4555X,2106039,찬성,2020-12-02
21,OW53107J,2106039,찬성,2020-12-02
21,PEP6922S,2106039,찬성,2020-12-02
21,L2I9861C,2106039,찬성,2020-12-02
21,WCD5518S,2106039,찬성,2020-12-02
21,SVH3899R,2106039,찬성,2020-12-02
21,IOW8224X,2106039,찬성,2020-12-02
21,Y7K5946R,2106039,찬성,2020-12-02
21,Z7Y7827F,2106039,찬성,2020-12-02
21,ATB59635,2106039,찬성,2020-12-02
21,SBK1544B,2106039,찬성,2020-12-02
21,KUO3574J,2106039,찬성,2020-12-02
21,D6U6678O,2106039,찬성,2020-12-02
21,FU87526G,2106039,찬성,2020-12-02
21,S9U45255,2106039,찬성,2020-12-02
21,8FC9697X,2106039,찬성,2020-12-02
21,QKO6165V,2106039,찬성,2020-12-02
21,GD131760,2106039,찬성,2020-12-02
21,P0F1530P,2106039,불참,2020-12-02
21,XPP2564T,2106039,찬성,2020-12-02
21,FRN1867O,2106039,찬성,2020-12-02
21,LQW3652K,2106039,반대,2020-12-02
21,PFG2137X,2106039,찬성,2020-12-02
21,UB114374,2106039,찬성,2020-12-02
21,GAV6441G,2106039,찬성,2020-12-02
21,0YT3774N,2106039,찬성,2020-12-02
21,7JC3239L,2106039,찬성,2020-12-02
21,40S1959J,2106039,찬성,2020-12-02
21,IL74008M,2106039,찬성,2020-12-02
21,8KF7223D,2106039,찬성,2020-12-02
21,8P37634C,2106039,찬성,2020-12-02
21,3C23171A,2106039,찬성,2020-12-02
21,GDG1847Z,2106039,찬성,2020-12-02
21,P2N4585G,2106039,찬성,2020-12-02
21,O7R5461J,2106039,찬성,2020-12-02
21,TVF3669B,2106039,불참,2020-12-02
21,JMY9959W,2106039,찬성,2020-12-02
21,7R156073,2106039,찬성,2020-12-02
21,6AR6743G,2106039,찬성,2020-12-02
21,VCP96419,2106039,찬성,2020-12-02
21,6AU2417B,2106039,찬성,2020-12-02
21,8VJ8533R,2106039,찬성,2020-12-02
21,B7D7534L,2106039,찬성,2020-12-02
21,SE233396,2106039,찬성,2020-12-02
21,AFH96856,2106039,찬성,2020-12-02
21,52P3934K,2106039,찬성,2020-12-02
21,B7H6207C,2106039,찬성,2020-12-02
21,6399076T,2106039,찬성,2020-12-02
21,4U29186R,2106039,찬성,2020-12-02
21,F5Y4026Q,2106039,찬성,2020-12-02
21,WHV3448W,2106039,찬성,2020-12-02
21,1Y73132H,2106039,불참,2020-12-02
21,I0S53762,2106039,찬성,2020-12-02
21,LH97552Q,2106039,찬성,2020-12-02
21,TKJ4800F,2106039,찬성,2020-12-02
21,O6D8329R,2106039,찬성,2020-12-02
21,04T3751T,2106039,찬성,2020-12-02
21,EVH1507C,2106039,찬성,2020-12-02
21,K5F2023J,2106039,찬성,2020-12-02
21,N9X9673B,2106039,불참,2020-12-02
21,TP066860,2106039,불참,2020-12-02
21,DPZ7685X,2106039,찬성,2020-12-02
21,6U243644,2106039,찬성,2020-12-02
21,E9R4507P,2106039,기권,2020-12-02
21,UHB5553T,2106039,찬성,2020-12-02
21,A494529E,2106039,찬성,2020-12-02
21,VRY5522V,2106039,찬성,2020-12-02
21,CAA7713A,2106039,찬성,2020-12-02
21,0PK7354M,2106039,찬성,2020-12-02
21,CZB4125D,2106039,찬성,2020-12-02
21,Z6R3959C,2106039,찬성,2020-12-02
21,QUM8288K,2106039,찬성,2020-12-02
21,UGH6481E,2106039,찬성,2020-12-02
21,S824682L,2106039,찬성,2020-12-02
21,W4X85128,2106039,찬성,2020-12-02
21,CFE3998F,2106039,불참,2020-12-02
21,JZY9937U,2106039,찬성,2020-12-02
21,MRK4871S,2106039,찬성,2020-12-02
21,YKW37422,2106039,찬성,2020-12-02
21,BM63269Y,2106039,불참,2020-12-02
21,M7O7878U,2106039,찬성,2020-12-02
21,YLS4431M,2106039,찬성,2020-12-02
21,MNZ4401T,2106039,찬성,2020-12-02
21,3ZR4438W,2106039,불참,2020-12-02
21,HSS7466Y,2106039,찬성,2020-12-02
21,16D7652C,2106039,찬성,2020-12-02
21,KB04377U,2106039,찬성,2020-12-02
21,FU53642G,2106039,찬성,2020-12-02
21,MLH1404S,2106039,찬성,2020-12-02
21,8VY63414,2106039,기권,2020-12-02
21,XR24352K,2106039,찬성,2020-12-02
21,QQP4727N,2106039,기권,2020-12-02
21,IUL4848V,2106039,찬성,2020-12-02
21,JEZ3130Q,2106039,찬성,2020-12-02
21,BCQ55105,2106039,찬성,2020-12-02
21,9L57027L,2106039,찬성,2020-12-02
21,GOC54665,2106039,찬성,2020-12-02
21,5UN9725L,2106039,찬성,2020-12-02
21,K3W33496,2106039,찬성,2020-12-02
21,M2Q9024I,2106039,불참,2020-12-02
21,DBA1057Z,2106039,찬성,2020-12-02
21,C7E79345,2106039,찬성,2020-12-02
21,4019850M,2106039,찬성,2020-12-02
21,UQ282145,2106039,찬성,2020-12-02
21,9YO73104,2106039,찬성,2020-12-02
21,TRE2429O,2106039,찬성,2020-12-02
21,E6U4345C,2106039,찬성,2020-12-02
21,7BM2933Y,2106039,찬성,2020-12-02
21,CDL93608,2106039,찬성,2020-12-02
21,2UD1340H,2106039,찬성,2020-12-02
21,9VR65006,2106039,찬성,2020-12-02
21,X7I4680R,2106039,찬성,2020-12-02
21,EMC8812P,2106039,기권,2020-12-02
21,XJC13432,2106039,찬성,2020-12-02
21,XSP20229,2106039,찬성,2020-12-02
21,3RW63706,2106039,찬성,2020-12-02
21,RQQ3807K,2106039,찬성,2020-12-02
21,FH777496,2106039,찬성,2020-12-02
21,FYI20317,2106039,찬성,2020-12-02
21,8X15119P,2106039,불참,2020-12-02
21,ZYP7962W,2106039,찬성,2020-12-02
21,CNW5754J,2106039,찬성,2020-12-02
21,3249208I,2106039,찬성,2020-12-02
21,GX38539O,2106039,찬성,2020-12-02
21,8Q88373R,2106039,찬성,2020-12-02
21,WVU2479T,2106039,찬성,2020-12-02
21,9D939735,2106039,찬성,2020-12-02
21,QTW6852F,2106039,찬성,2020-12-02
21,7XY7109I,2106039,찬성,2020-12-02
21,TST4507I,2106039,찬성,2020-12-02
21,JC14718Q,2106039,찬성,2020-12-02
21,5KV82250,2106039,찬성,2020-12-02
21,L7J93733,2106039,찬성,2020-12-02
21,LT72093S,2106039,찬성,2020-12-02
21,GE71932C,2106039,찬성,2020-12-02
21,1MU99298,2106039,기권,2020-12-02
21,G152611B,2106039,찬성,2020-12-02
21,I7R13867,2106039,찬성,2020-12-02
21,9LD2641Q,2106039,찬성,2020-12-02
21,QUO78839,2106039,찬성,2020-12-02
21,BT62420K,2106039,찬성,2020-12-02
21,LPB30152,2106039,찬성,2020-12-02
21,MD083627,2106039,찬성,2020-12-02
21,TZP9391O,2106039,찬성,2020-12-02
21,6V37131U,2106039,찬성,2020-12-02
21,OSV9142K,2106039,찬성,2020-12-02
21,B7R2742J,2106039,찬성,2020-12-02
21,FJK3396E,2106039,찬성,2020-12-02
21,ZDP5704Q,2106039,찬성,2020-12-02
21,7O71647Z,2106039,찬성,2020-12-02
21,W1Q6753M,2106039,찬성,2020-12-02
21,MHK9919B,2106039,찬성,2020-12-02
21,E1J8836Y,2106039,찬성,2020-12-02
21,RD42006Y,2106039,불참,2020-12-02
21,6EN68926,2106039,찬성,2020-12-02
21,1BX7234U,2106039,찬성,2020-12-02
21,QHL3248U,2106039,찬성,2020-12-02
21,AE685067,2106039,찬성,2020-12-02
21,9S151177,2106039,찬성,2020-12-02
21,TZ228122,2106039,찬성,2020-12-02
21,9V18755A,2106039,찬성,2020-12-02
21,PO64874I,2106039,찬성,2020-12-02
21,USR7059P,2106039,찬성,2020-12-02
21,ZKU88693,2106039,불참,2020-12-02
21,RO593601,2106039,찬성,2020-12-02
21,14M56632,2106039,찬성,2020-12-02
21,J9S37905,2106039,찬성,2020-12-02
21,O0I2045I,2106039,찬성,2020-12-02
21,XA42275R,2106039,찬성,2020-12-02
21,XEF29171,2106039,찬성,2020-12-02
21,DAV7257X,2106039,찬성,2020-12-02
21,17M85910,2106039,찬성,2020-12-02
21,G1570880,2106039,찬성,2020-12-02
21,TJW93720,2106039,찬성,2020-12-02
21,D0C85236,2106039,찬성,2020-12-02
21,F5U2979W,2103001,찬성,2023-12-20
21,YOG1280B,2103001,찬성,2023-12-20
21,FIC9046Z,2103001,찬성,2023-12-20
21,DWK26447,2103001,찬성,2023-12-20
21,NUB4941Z,2103001,찬성,2023-12-20
21,KFM1081G,2103001,불참,2023-12-20
21,F0I5053J,2103001,불참,2023-12-20
21,YTA7297R,2103001,찬성,2023-12-20
21,G7512472,2103001,찬성,2023-12-20
21,3TO11703,2103001,찬성,2023-12-20
21,MU69217P,2103001,찬성,2023-12-20
21,66W6739S,2103001,찬성,2023-12-20
21,QD25323M,2103001,찬성,2023-12-20
21,DAY6557K,2103001,찬성,2023-12-20
21,USR7059P,2103001,찬성,2023-12-20
21,4XG1439M,2103001,찬성,2023-12-20
21,P2N50879,2103001,불참,2023-12-20
21,A0P4646G,2103001,찬성,2023-12-20
21,A2V51235,2103001,찬성,2023-12-20
21,7I09543O,2103001,불참,2023-12-20
21,3DK8989T,2103001,찬성,2023-12-20
21,7469929V,2103001,찬성,2023-12-20
21,OFE45081,2103001,찬성,2023-12-20
21,09I2323E,2103001,찬성,2023-12-20
21,M0A1658U,2103001,찬성,2023-12-20
21,HSW1214Q,2103001,찬성,2023-12-20
21,NZF1659U,2103001,불참,2023-12-20
21,WDS6044S,2103001,찬성,2023-12-20
21,3BC6890E,2103001,찬성,2023-12-20
21,ZDR63255,2103001,불참,2023-12-20
21,KR14136C,2103001,불참,2023-12-20
21,5765663F,2103001,찬성,2023-12-20
21,GFF1986K,2103001,찬성,2023-12-20
21,ZKU88693,2103001,불참,2023-12-20
21,5KV96424,2103001,찬성,2023-12-20
21,M7T9712V,2103001,찬성,2023-12-20
21,60490713,2103001,불참,2023-12-20
21,UM51067K,2103001,찬성,2023-12-20
21,1WE5693J,2103001,불참,2023-12-20
21,X3170462,2103001,불참,2023-12-20
21,8FB1535Y,2103001,찬성,2023-12-20
21,4T026790,2103001,기권,2023-12-20
21,EH27538E,2103001,찬성,2023-12-20
21,WFU14784,2103001,찬성,2023-12-20
21,SU53086M,2103001,찬성,2023-12-20
21,0WL9321T,2103001,불참,2023-12-20
21,PZA4062H,2103001,찬성,2023-12-20
21,MR210505,2103001,불참,2023-12-20
21,8348421R,2103001,찬성,2023-12-20
21,JQA21112,2103001,불참,2023-12-20
21,4L695580,2103001,찬성,2023-12-20
21,40E3739H,2103001,찬성,2023-12-20
21,HXT76735,2103001,찬성,2023-12-20
21,RPN2293B,2103001,찬성,2023-12-20
21,0R68099X,2103001,찬성,2023-12-20
21,6RM29022,2103001,찬성,2023-12-20
21,MQU41854,2103001,불참,2023-12-20
21,V429892C,2103001,불참,2023-12-20
21,IN328264,2103001,불참,2023-12-20
21,XBT9550Q,2103001,불참,2023-12-20
21,ZA54991S,2103001,찬성,2023-12-20
21,0827740Q,2103001,찬성,2023-12-20
21,0W194007,2103001,찬성,2023-12-20
21,X1K3667J,2103001,불참,2023-12-20
21,WMG57662,2103001,찬성,2023-12-20
21,NCP9875N,2103001,불참,2023-12-20
21,I5I2468R,2103001,찬성,2023-12-20
21,3425169D,2103001,찬성,2023-12-20
21,OIA3741M,2103001,찬성,2023-12-20
21,6MO8786S,2103001,찬성,2023-12-20
21,CT85313K,2103001,찬성,2023-12-20
21,BLC8630L,2103001,찬성,2023-12-20
21,NQR1206Q,2103001,찬성,2023-12-20
21,L2I9861C,2103001,찬성,2023-12-20
21,WCD5518S,2103001,불참,2023-12-20
21,SVH3899R,2103001,찬성,2023-12-20
21,IOW8224X,2103001,찬성,2023-12-20
21,9JF4562W,2103001,찬성,2023-12-20
21,Y7K5946R,2103001,찬성,2023-12-20
21,KUO3574J,2103001,찬성,2023-12-20
21,D6U6678O,2103001,찬성,2023-12-20
21,8SV6917G,2103001,찬성,2023-12-20
21,8FC9697X,2103001,불참,2023-12-20
21,QKO6165V,2103001,불참,2023-12-20
21,GD131760,2103001,찬성,2023-12-20
21,ZRF3039U,2103001,찬성,2023-12-20
21,V0O5343U,2103001,찬성,2023-12-20
21,68P7228G,2103001,찬성,2023-12-20
21,XPP2564T,2103001,불참,2023-12-20
21,FRN1867O,2103001,찬성,2023-12-20
21,RO593601,2103001,불참,2023-12-20
21,PFG2137X,2103001,불참,2023-12-20
21,GAV6441G,2103001,찬성,2023-12-20
21,0YT3774N,2103001,불참,2023-12-20
21,40S1959J,2103001,불참,2023-12-20
21,IL74008M,2103001,찬성,2023-12-20
21,8KF7223D,2103001,불참,2023-12-20
21,8P37634C,2103001,불참,2023-12-20
21,CNZ51556,2103001,찬성,2023-12-20
21,3C23171A,2103001,찬성,2023-12-20
21,GDG1847Z,2103001,찬성,2023-12-20
21,P2N4585G,2103001,찬성,2023-12-20
21,JMY9959W,2103001,불참,2023-12-20
21,7R156073,2103001,찬성,2023-12-20
21,6AR6743G,2103001,불참,2023-12-20
21,J2O8643H,2103001,찬성,2023-12-20
21,VCP96419,2103001,불참,2023-12-20
21,6AU2417B,2103001,찬성,2023-12-20
21,B7D7534L,2103001,찬성,2023-12-20
21,GX22581L,2103001,불참,2023-12-20
21,SE233396,2103001,찬성,2023-12-20
21,AFH96856,2103001,불참,2023-12-20
21,52P3934K,2103001,찬성,2023-12-20
21,B7H6207C,2103001,찬성,2023-12-20
21,6399076T,2103001,찬성,2023-12-20
21,4U29186R,2103001,불참,2023-12-20
21,F5Y4026Q,2103001,찬성,2023-12-20
21,WHV3448W,2103001,찬성,2023-12-20
21,6RD62559,2103001,찬성,2023-12-20
21,LH97552Q,2103001,찬성,2023-12-20
21,TKJ4800F,2103001,불참,2023-12-20
21,O6D8329R,2103001,불참,2023-12-20
21,MSY7784L,2103001,불참,2023-12-20
21,EVH1507C,2103001,찬성,2023-12-20
21,K5F2023J,2103001,불참,2023-12-20
21,14M56632,2103001,찬성,2023-12-20
21,N9X9673B,2103001,불참,2023-12-20
21,5MD4184K,2103001,찬성,2023-12-20
21,5K93695T,2103001,찬성,2023-12-20
21,DPZ7685X,2103001,찬성,2023-12-20
21,E9R4507P,2103001,찬성,2023-12-20
21,UHB5553T,2103001,찬성,2023-12-20
21,J9S37905,2103001,불참,2023-12-20
21,A494529E,2103001,불참,2023-12-20
21,VRY5522V,2103001,불참,2023-12-20
21,CAA7713A,2103001,찬성,2023-12-20
21,0PK7354M,2103001,찬성,2023-12-20
21,O0I2045I,2103001,찬성,2023-12-20
21,CZB4125D,2103001,불참,2023-12-20
21,Z6R3959C,2103001,불참,2023-12-20
21,UGH6481E,2103001,찬성,2023-12-20
21,W4X85128,2103001,불참,2023-12-20
21,Q9H5708M,2103001,불참,2023-12-20
21,JZY9937U,2103001,불참,2023-12-20
21,MRK4871S,2103001,불참,2023-12-20
21,YKW37422,2103001,찬성,2023-12-20
21,2NV6751W,2103001,불참,2023-12-20
21,BM63269Y,2103001,불참,2023-12-20
21,M7O7878U,2103001,찬성,2023-12-20
21,3ZR4438W,2103001,찬성,2023-12-20
21,HSS7466Y,2103001,찬성,2023-12-20
21,KB04377U,2103001,찬성,2023-12-20
21,FU53642G,2103001,찬성,2023-12-20
21,8VY63414,2103001,찬성,2023-12-20
21,QQP4727N,2103001,불참,2023-12-20
21,BCQ55105,2103001,찬성,2023-12-20
21,5UN9725L,2103001,불참,2023-12-20
21,LJK4960Z,2103001,찬성,2023-12-20
21,IUD9392R,2103001,불참,2023-12-20
21,NCO99988,2103001,찬성,2023-12-20
21,M2Q9024I,2103001,불참,2023-12-20
21,DBA1057Z,2103001,찬성,2023-12-20
21,CI15627C,2103001,불참,2023-12-20
21,C7E79345,2103001,불참,2023-12-20
21,UQ282145,2103001,불참,2023-12-20
21,TRE2429O,2103001,불참,2023-12-20
21,E6U4345C,2103001,찬성,2023-12-20
21,7BM2933Y,2103001,찬성,2023-12-20
21,CDL93608,2103001,불참,2023-12-20
21,X7I4680R,2103001,불참,2023-12-20
21,XJC13432,2103001,불참,2023-12-20
21,T465023H,2103001,찬성,2023-12-20
21,3RW63706,2103001,찬성,2023-12-20
21,RQQ3807K,2103001,찬성,2023-12-20
21,FH777496,2103001,찬성,2023-12-20
21,8X15119P,2103001,찬성,2023-12-20
21,ZYP7962W,2103001,찬성,2023-12-20
21,CNW5754J,2103001,찬성,2023-12-20
21,3249208I,2103001,불참,2023-12-20
21,GX38539O,2103001,찬성,2023-12-20
21,8Q88373R,2103001,불참,2023-12-20
21,XEF29171,2103001,찬성,2023-12-20
21,WVU2479T,2103001,불참,2023-12-20
21,QTW6852F,2103001,불참,2023-12-20
21,7XY7109I,2103001,찬성,2023-12-20
21,TST4507I,2103001,불참,2023-12-20
21,JC14718Q,2103001,찬성,2023-12-20
21,L7J93733,2103001,찬성,2023-12-20
21,LT72093S,2103001,불참,2023-12-20
21,GE71932C,2103001,불참,2023-12-20
21,6YT83269,2103001,불참,2023-12-20
21,FDC3144T,2103001,찬성,2023-12-20
21,17M85910,2103001,찬성,2023-12-20
21,I7R13867,2103001,찬성,2023-12-20
21,SQ36001H,2103001,불참,2023-12-20
21,G1570880,2103001,찬성,2023-12-20
21,9LD2641Q,2103001,불참,2023-12-20
21,LPB30152,2103001,찬성,2023-12-20
21,MD083627,2103001,찬성,2023-12-20
21,OSV9142K,2103001,찬성,2023-12-20
21,B7R2742J,2103001,찬성,2023-12-20
21,FJK3396E,2103001,찬성,2023-12-20
21,ZDP5704Q,2103001,찬성,2023-12-20
21,7O71647Z,2103001,불참,2023-12-20
21,W1Q6753M,2103001,찬성,2023-12-20
21,E1J8836Y,2103001,찬성,2023-12-20
21,RD42006Y,2103001,불참,2023-12-20
21,QHL3248U,2103001,불참,2023-12-20
21,TJW93720,2103001,찬성,2023-12-20
21,9S151177,2103001,불참,2023-12-20
21,9V18755A,2103001,찬성,2023-12-20
21,XA42275R,2103001,찬성,2023-12-20
21,PO64874I,2103001,불참,2023-12-20
21,VHK3402G,2103001,찬성,2023-12-20
21,2UD1340H,2103001,찬성,2023-12-20
21,9VR65006,2103001,불참,2023-12-20
21,EMC8812P,2103001,찬성,2023-12-20
21,XSP20229,2103001,찬성,2023-12-20
21,FYI20317,2103001,찬성,2023-12-20
21,9D939735,2103001,찬성,2023-12-20
21,5KV82250,2103001,찬성,2023-12-20
21,DAV7257X,2103001,찬성,2023-12-20
21,1MU99298,2103001,찬성,2023-12-20
21,G152611B,2103001,불참,2023-12-20
21,FOK3459D,2103001,불참,2023-12-20
21,QUO78839,2103001,찬성,2023-12-20
21,BT62420K,2103001,불참,2023-12-20
21,TZP9391O,2103001,찬성,2023-12-20
21,6V37131U,2103001,불참,2023-12-20
21,71J2365L,2103001,불참,2023-12-20
21,6EN68926,2103001,불참,2023-12-20
21,1BX7234U,2103001,불참,2023-12-20
21,TZ228122,2103001,불참,2023-12-20
21,LBC8144B,2103001,찬성,2023-12-20
21,NLR6572J,2103001,찬성,2023-12-20
21,L7T64271,2103001,찬성,2023-12-20
21,4X525582,2103001,찬성,2023-12-20
21,GKD32201,2103001,찬성,2023-12-20
21,S741317G,2103001,찬성,2023-12-20
21,CCU1009B,2103001,찬성,2023-12-20
21,2N793392,2103001,찬성,2023-12-20
21,LM13674V,2103001,불참,2023-12-20
21,JVB6983V,2103001,찬성,2023-12-20
21,GP07421U,2103001,찬성,2023-12-20
21,FGI27280,2103001,찬성,2023-12-20
21,D4L60530,2103001,찬성,2023-12-20
21,M6H1705E,2103001,찬성,2023-12-20
21,NTT8182Q,2103001,찬성,2023-12-20
21,A3H7195R,2103001,불참,2023-12-20
21,ZYH1940A,2103001,불참,2023-12-20
21,0VU8517U,2103001,불참,2023-12-20
21,WJL30106,2103001,불참,2023-12-20
21,KNM3215T,2103001,불참,2023-12-20
21,HKJ99607,2103001,불참,2023-12-20
21,MY318392,2103001,찬성,2023-12-20
21,GF286398,2103001,찬성,2023-12-20
21,H5476989,2103001,찬성,2023-12-20
21,6FS10566,2103001,찬성,2023-12-20
21,2385336L,2103001,찬성,2023-12-20
21,MO52543L,2103001,불참,2023-12-20
21,WTR5885Y,2103001,찬성,2023-12-20
21,IOW1101J,2103001,찬성,2023-12-20
21,25I8709Q,2103001,찬성,2023-12-20
21,XWX1513T,2103001,불참,2023-12-20
21,LG63087O,2103001,찬성,2023-12-20
21,OW53107J,2103001,불참,2023-12-20
21,PEP6922S,2103001,찬성,2023-12-20
21,DAN6731C,2103001,찬성,2023-12-20
21,VG24001G,2103001,불참,2023-12-20
21,Z7Y7827F,2103001,불참,2023-12-20
21,ATB59635,2103001,불참,2023-12-20
21,FU87526G,2103001,찬성,2023-12-20
21,S9U45255,2103001,찬성,2023-12-20
21,P0F1530P,2103001,불참,2023-12-20
21,LQW3652K,2103001,찬성,2023-12-20
21,UB114374,2103001,찬성,2023-12-20
21,7JC3239L,2103001,찬성,2023-12-20
21,N4R2421C,2103001,찬성,2023-12-20
21,O7R5461J,2103001,찬성,2023-12-20
21,8VJ8533R,2103001,찬성,2023-12-20
21,1Y73132H,2103001,찬성,2023-12-20
21,I0S53762,2103001,찬성,2023-12-20
21,04T3751T,2103001,찬성,2023-12-20
21,6U243644,2103001,찬성,2023-12-20
21,KFS1358P,2103001,찬성,2023-12-20
21,QUM8288K,2103001,불참,2023-12-20
21,S824682L,2103001,찬성,2023-12-20
21,YLS4431M,2103001,불참,2023-12-20
21,MNZ4401T,2103001,불참,2023-12-20
21,16D7652C,2103001,불참,2023-12-20
21,MLH1404S,2103001,불참,2023-12-20
21,XR24352K,2103001,찬성,2023-12-20
21,JEZ3130Q,2103001,찬성,2023-12-20
21,9L57027L,2103001,불참,2023-12-20
21,GOC54665,2103001,불참,2023-12-20
21,K3W33496,2103001,찬성,2023-12-20
21,4019850M,2103001,찬성,2023-12-20
21,9YO73104,2103001,찬성,2023-12-20
21,DWK26447,2123495,찬성,2023-07-27
21,9S151177,2123495,찬성,2023-07-27
21,66W6739S,2123495,찬성,2023-07-27
21,DAY6557K,2123495,찬성,2023-07-27
21,USR7059P,2123495,불참,2023-07-27
21,P2N50879,2123495,찬성,2023-07-27
21,A0P4646G,2123495,찬성,2023-07-27
21,A2V51235,2123495,찬성,2023-07-27
21,7469929V,2123495,불참,2023-07-27
21,OFE45081,2123495,찬성,2023-07-27
21,M7T9712V,2123495,불참,2023-07-27
21,1WE5693J,2123495,찬성,2023-07-27
21,MY318392,2123495,찬성,2023-07-27
21,SU53086M,2123495,찬성,2023-07-27
21,RPN2293B,2123495,불참,2023-07-27
21,MQU41854,2123495,기권,2023-07-27
21,ZA54991S,2123495,찬성,2023-07-27
21,0827740Q,2123495,찬성,2023-07-27
21,0W194007,2123495,찬성,2023-07-27
21,NCP9875N,2123495,찬성,2023-07-27
21,I5I2468R,2123495,찬성,2023-07-27
21,3425169D,2123495,찬성,2023-07-27
21,CT85313K,2123495,찬성,2023-07-27
21,KUO3574J,2123495,찬성,2023-07-27
21,8FC9697X,2123495,찬성,2023-07-27
21,ZRF3039U,2123495,찬성,2023-07-27
21,68P7228G,2123495,찬성,2023-07-27
21,P0F1530P,2123495,찬성,2023-07-27
21,0YT3774N,2123495,찬성,2023-07-27
21,8KF7223D,2123495,불참,2023-07-27
21,CNZ51556,2123495,찬성,2023-07-27
21,P2N4585G,2123495,찬성,2023-07-27
21,VCP96419,2123495,찬성,2023-07-27
21,8VJ8533R,2123495,찬성,2023-07-27
21,52P3934K,2123495,찬성,2023-07-27
21,WHV3448W,2123495,찬성,2023-07-27
21,04T3751T,2123495,찬성,2023-07-27
21,N9X9673B,2123495,찬성,2023-07-27
21,YKW37422,2123495,불참,2023-07-27
21,FU53642G,2123495,찬성,2023-07-27
21,MLH1404S,2123495,찬성,2023-07-27
21,IUD9392R,2123495,불참,2023-07-27
21,DBA1057Z,2123495,불참,2023-07-27
21,CI15627C,2123495,불참,2023-07-27
21,TRE2429O,2123495,찬성,2023-07-27
21,9VR65006,2123495,찬성,2023-07-27
21,T465023H,2123495,찬성,2023-07-27
21,ZYP7962W,2123495,찬성,2023-07-27
21,CNW5754J,2123495,찬성,2023-07-27
21,8Q88373R,2123495,찬성,2023-07-27
21,LT72093S,2123495,찬성,2023-07-27
21,FDC3144T,2123495,찬성,2023-07-27
21,OSV9142K,2123495,찬성,2023-07-27
21,B7R2742J,2123495,찬성,2023-07-27
21,71J2365L,2123495,찬성,2023-07-27
21,TJW93720,2123495,찬성,2023-07-27
21,S741317G,2123495,찬성,2023-07-27
21,F5U2979W,2123495,찬성,2023-07-27
21,YOG1280B,2123495,찬성,2023-07-27
21,FIC9046Z,2123495,찬성,2023-07-27
21,NUB4941Z,2123495,찬성,2023-07-27
21,KFM1081G,2123495,찬성,2023-07-27
21,NLR6572J,2123495,찬성,2023-07-27
21,YTA7297R,2123495,찬성,2023-07-27
21,L7T64271,2123495,찬성,2023-07-27
21,4X525582,2123495,불참,2023-07-27
21,GKD32201,2123495,찬성,2023-07-27
21,G7512472,2123495,찬성,2023-07-27
21,3TO11703,2123495,찬성,2023-07-27
21,CCU1009B,2123495,찬성,2023-07-27
21,MU69217P,2123495,찬성,2023-07-27
21,2N793392,2123495,찬성,2023-07-27
21,LM13674V,2123495,찬성,2023-07-27
21,QD25323M,2123495,찬성,2023-07-27
21,JVB6983V,2123495,찬성,2023-07-27
21,GP07421U,2123495,찬성,2023-07-27
21,FGI27280,2123495,찬성,2023-07-27
21,4XG1439M,2123495,찬성,2023-07-27
21,7I09543O,2123495,찬성,2023-07-27
21,3DK8989T,2123495,찬성,2023-07-27
21,D4L60530,2123495,찬성,2023-07-27
21,M6H1705E,2123495,찬성,2023-07-27
21,09I2323E,2123495,찬성,2023-07-27
21,NTT8182Q,2123495,찬성,2023-07-27
21,A3H7195R,2123495,찬성,2023-07-27
21,ZYH1940A,2123495,찬성,2023-07-27
21,0VU8517U,2123495,찬성,2023-07-27
21,M0A1658U,2123495,찬성,2023-07-27
21,HSW1214Q,2123495,찬성,2023-07-27
21,NZF1659U,2123495,찬성,2023-07-27
21,WDS6044S,2123495,불참,2023-07-27
21,3BC6890E,2123495,찬성,2023-07-27
21,ZDR63255,2123495,찬성,2023-07-27
21,KR14136C,2123495,찬성,2023-07-27
21,SRP7336N,2123495,찬성,2023-07-27
21,5765663F,2123495,찬성,2023-07-27
21,GFF1986K,2123495,찬성,2023-07-27
21,ZKU88693,2123495,불참,2023-07-27
21,WJL30106,2123495,찬성,2023-07-27
21,5KV96424,2123495,찬성,2023-07-27
21,KNM3215T,2123495,불참,2023-07-27
21,60490713,2123495,찬성,2023-07-27
21,UM51067K,2123495,찬성,2023-07-27
21,HKJ99607,2123495,찬성,2023-07-27
21,X3170462,2123495,불참,2023-07-27
21,8FB1535Y,2123495,찬성,2023-07-27
21,4T026790,2123495,찬성,2023-07-27
21,EH27538E,2123495,찬성,2023-07-27
21,WFU14784,2123495,찬성,2023-07-27
21,0WL9321T,2123495,찬성,2023-07-27
21,PZA4062H,2123495,찬성,2023-07-27
21,MR210505,2123495,찬성,2023-07-27
21,GF286398,2123495,찬성,2023-07-27
21,8348421R,2123495,찬성,2023-07-27
21,H5476989,2123495,찬성,2023-07-27
21,JQA21112,2123495,불참,2023-07-27
21,4L695580,2123495,찬성,2023-07-27
21,40E3739H,2123495,찬성,2023-07-27
21,6FS10566,2123495,찬성,2023-07-27
21,HXT76735,2123495,찬성,2023-07-27
21,0R68099X,2123495,찬성,2023-07-27
21,6RM29022,2123495,찬성,2023-07-27
21,V429892C,2123495,찬성,2023-07-27
21,2385336L,2123495,찬성,2023-07-27
21,IN328264,2123495,찬성,2023-07-27
21,XBT9550Q,2123495,찬성,2023-07-27
21,MO52543L,2123495,찬성,2023-07-27
21,X1K3667J,2123495,찬성,2023-07-27
21,WMG57662,2123495,찬성,2023-07-27
21,WTR5885Y,2123495,찬성,2023-07-27
21,IOW1101J,2123495,찬성,2023-07-27
21,ICH23251,2123495,찬성,2023-07-27
21,25I8709Q,2123495,찬성,2023-07-27
21,OIA3741M,2123495,찬성,2023-07-27
21,6MO8786S,2123495,불참,2023-07-27
21,XWX1513T,2123495,찬성,2023-07-27
21,BLC8630L,2123495,불참,2023-07-27
21,NQR1206Q,2123495,찬성,2023-07-27
21,LG63087O,2123495,불참,2023-07-27
21,OW53107J,2123495,찬성,2023-07-27
21,PEP6922S,2123495,찬성,2023-07-27
21,DAN6731C,2123495,찬성,2023-07-27
21,VG24001G,2123495,찬성,2023-07-27
21,L2I9861C,2123495,찬성,2023-07-27
21,WCD5518S,2123495,불참,2023-07-27
21,SVH3899R,2123495,찬성,2023-07-27
21,IOW8224X,2123495,찬성,2023-07-27
21,9JF4562W,2123495,찬성,2023-07-27
21,Y7K5946R,2123495,찬성,2023-07-27
21,Z7Y7827F,2123495,찬성,2023-07-27
21,ATB59635,2123495,찬성,2023-07-27
21,SBK1544B,2123495,불참,2023-07-27
21,D6U6678O,2123495,찬성,2023-07-27
21,FU87526G,2123495,불참,2023-07-27
21,S9U45255,2123495,찬성,2023-07-27
21,8SV6917G,2123495,찬성,2023-07-27
21,QKO6165V,2123495,불참,2023-07-27
21,GD131760,2123495,찬성,2023-07-27
21,V0O5343U,2123495,찬성,2023-07-27
21,XPP2564T,2123495,찬성,2023-07-27
21,FRN1867O,2123495,찬성,2023-07-27
21,LQW3652K,2123495,찬성,2023-07-27
21,RO593601,2123495,찬성,2023-07-27
21,PFG2137X,2123495,찬성,2023-07-27
21,UB114374,2123495,찬성,2023-07-27
21,GAV6441G,2123495,찬성,2023-07-27
21,7JC3239L,2123495,찬성,2023-07-27
21,40S1959J,2123495,찬성,2023-07-27
21,IL74008M,2123495,찬성,2023-07-27
21,8P37634C,2123495,찬성,2023-07-27
21,N4R2421C,2123495,찬성,2023-07-27
21,3C23171A,2123495,찬성,2023-07-27
21,GDG1847Z,2123495,찬성,2023-07-27
21,O7R5461J,2123495,찬성,2023-07-27
21,JMY9959W,2123495,불참,2023-07-27
21,7R156073,2123495,찬성,2023-07-27
21,6AR6743G,2123495,불참,2023-07-27
21,J2O8643H,2123495,찬성,2023-07-27
21,6AU2417B,2123495,불참,2023-07-27
21,B7D7534L,2123495,찬성,2023-07-27
21,GX22581L,2123495,불참,2023-07-27
21,SE233396,2123495,불참,2023-07-27
21,AFH96856,2123495,찬성,2023-07-27
21,B7H6207C,2123495,찬성,2023-07-27
21,6399076T,2123495,찬성,2023-07-27
21,4U29186R,2123495,찬성,2023-07-27
21,F5Y4026Q,2123495,찬성,2023-07-27
21,6RD62559,2123495,찬성,2023-07-27
21,1Y73132H,2123495,찬성,2023-07-27
21,I0S53762,2123495,찬성,2023-07-27
21,LH97552Q,2123495,찬성,2023-07-27
21,TKJ4800F,2123495,찬성,2023-07-27
21,O6D8329R,2123495,찬성,2023-07-27
21,MSY7784L,2123495,찬성,2023-07-27
21,EVH1507C,2123495,찬성,2023-07-27
21,K5F2023J,2123495,찬성,2023-07-27
21,14M56632,2123495,불참,2023-07-27
21,5MD4184K,2123495,찬성,2023-07-27
21,5K93695T,2123495,찬성,2023-07-27
21,DPZ7685X,2123495,찬성,2023-07-27
21,6U243644,2123495,찬성,2023-07-27
21,E9R4507P,2123495,찬성,2023-07-27
21,UHB5553T,2123495,찬성,2023-07-27
21,KFS1358P,2123495,찬성,2023-07-27
21,J9S37905,2123495,찬성,2023-07-27
21,A494529E,2123495,찬성,2023-07-27
21,VRY5522V,2123495,찬성,2023-07-27
21,CAA7713A,2123495,찬성,2023-07-27
21,0PK7354M,2123495,찬성,2023-07-27
21,O0I2045I,2123495,찬성,2023-07-27
21,CZB4125D,2123495,찬성,2023-07-27
21,Z6R3959C,2123495,찬성,2023-07-27
21,QUM8288K,2123495,찬성,2023-07-27
21,UGH6481E,2123495,찬성,2023-07-27
21,S824682L,2123495,찬성,2023-07-27
21,W4X85128,2123495,찬성,2023-07-27
21,Q9H5708M,2123495,불참,2023-07-27
21,JZY9937U,2123495,찬성,2023-07-27
21,MRK4871S,2123495,찬성,2023-07-27
21,2NV6751W,2123495,찬성,2023-07-27
21,BM63269Y,2123495,찬성,2023-07-27
21,M7O7878U,2123495,찬성,2023-07-27
21,YLS4431M,2123495,찬성,2023-07-27
21,MNZ4401T,2123495,불참,2023-07-27
21,3ZR4438W,2123495,찬성,2023-07-27
21,HSS7466Y,2123495,찬성,2023-07-27
21,16D7652C,2123495,찬성,2023-07-27
21,KB04377U,2123495,찬성,2023-07-27
21,8VY63414,2123495,찬성,2023-07-27
21,XR24352K,2123495,찬성,2023-07-27
21,QQP4727N,2123495,찬성,2023-07-27
21,JEZ3130Q,2123495,불참,2023-07-27
21,BCQ55105,2123495,찬성,2023-07-27
21,9L57027L,2123495,찬성,2023-07-27
21,GOC54665,2123495,불참,2023-07-27
21,5UN9725L,2123495,찬성,2023-07-27
21,LJK4960Z,2123495,찬성,2023-07-27
21,K3W33496,2123495,찬성,2023-07-27
21,M2Q9024I,2123495,찬성,2023-07-27
21,C7E79345,2123495,찬성,2023-07-27
21,4019850M,2123495,찬성,2023-07-27
21,UQ282145,2123495,찬성,2023-07-27
21,9YO73104,2123495,찬성,2023-07-27
21,E6U4345C,2123495,찬성,2023-07-27
21,7BM2933Y,2123495,찬성,2023-07-27
21,CDL93608,2123495,찬성,2023-07-27
21,2UD1340H,2123495,찬성,2023-07-27
21,X7I4680R,2123495,찬성,2023-07-27
21,EMC8812P,2123495,찬성,2023-07-27
21,XJC13432,2123495,불참,2023-07-27
21,XSP20229,2123495,찬성,2023-07-27
21,3RW63706,2123495,찬성,2023-07-27
21,RQQ3807K,2123495,찬성,2023-07-27
21,FH777496,2123495,찬성,2023-07-27
21,FYI20317,2123495,찬성,2023-07-27
21,8X15119P,2123495,찬성,2023-07-27
21,3249208I,2123495,찬성,2023-07-27
21,GX38539O,2123495,찬성,2023-07-27
21,XEF29171,2123495,찬성,2023-07-27
21,WVU2479T,2123495,찬성,2023-07-27
21,9D939735,2123495,찬성,2023-07-27
21,QTW6852F,2123495,불참,2023-07-27
21,7XY7109I,2123495,찬성,2023-07-27
21,TST4507I,2123495,찬성,2023-07-27
21,JC14718Q,2123495,찬성,2023-07-27
21,5KV82250,2123495,찬성,2023-07-27
21,L7J93733,2123495,찬성,2023-07-27
21,DAV7257X,2123495,찬성,2023-07-27
21,GE71932C,2123495,찬성,2023-07-27
21,6YT83269,2123495,찬성,2023-07-27
21,1MU99298,2123495,찬성,2023-07-27
21,17M85910,2123495,찬성,2023-07-27
21,G152611B,2123495,불참,2023-07-27
21,I7R13867,2123495,찬성,2023-07-27
21,SQ36001H,2123495,찬성,2023-07-27
21,G1570880,2123495,찬성,2023-07-27
21,9LD2641Q,2123495,찬성,2023-07-27
21,FOK3459D,2123495,찬성,2023-07-27
21,QUO78839,2123495,찬성,2023-07-27
21,BT62420K,2123495,불참,2023-07-27
21,LPB30152,2123495,찬성,2023-07-27
21,MD083627,2123495,찬성,2023-07-27
21,TZP9391O,2123495,불참,2023-07-27
21,6V37131U,2123495,찬성,2023-07-27
21,FJK3396E,2123495,찬성,2023-07-27
21,ZDP5704Q,2123495,찬성,2023-07-27
21,7O71647Z,2123495,찬성,2023-07-27
21,W1Q6753M,2123495,불참,2023-07-27
21,E1J8836Y,2123495,찬성,2023-07-27
21,RD42006Y,2123495,찬성,2023-07-27
21,6EN68926,2123495,찬성,2023-07-27
21,1BX7234U,2123495,찬성,2023-07-27
21,QHL3248U,2123495,찬성,2023-07-27
21,TZ228122,2123495,찬성,2023-07-27
21,9V18755A,2123495,찬성,2023-07-27
21,XA42275R,2123495,찬성,2023-07-27
21,PO64874I,2123495,찬성,2023-07-27
21,LBC8144B,2123495,기권,2023-07-27
21,VHK3402G,2123495,불참,2023-07-27
21,FIC9046Z,2113810,불참,2021-12-09
21,JNL7001A,2113810,찬성,2021-12-09
21,L7T64271,2113810,찬성,2021-12-09
21,GKD32201,2113810,찬성,2021-12-09
21,G7512472,2113810,불참,2021-12-09
21,3TO11703,2113810,불참,2021-12-09
21,S741317G,2113810,불참,2021-12-09
21,CCU1009B,2113810,찬성,2021-12-09
21,MU69217P,2113810,불참,2021-12-09
21,2N793392,2113810,찬성,2021-12-09
21,66W6739S,2113810,불참,2021-12-09
21,QD25323M,2113810,찬성,2021-12-09
21,DAY6557K,2113810,찬성,2021-12-09
21,GP07421U,2113810,찬성,2021-12-09
21,FGI27280,2113810,찬성,2021-12-09
21,USR7059P,2113810,불참,2021-12-09
21,4XG1439M,2113810,찬성,2021-12-09
21,7I09543O,2113810,찬성,2021-12-09
21,7469929V,2113810,불참,2021-12-09
21,D4L60530,2113810,불참,2021-12-09
21,M6H1705E,2113810,찬성,2021-12-09
21,OFE45081,2113810,불참,2021-12-09
21,A3H7195R,2113810,찬성,2021-12-09
21,ZYH1940A,2113810,찬성,2021-12-09
21,M0A1658U,2113810,찬성,2021-12-09
21,NZF1659U,2113810,불참,2021-12-09
21,WDS6044S,2113810,불참,2021-12-09
21,3BC6890E,2113810,찬성,2021-12-09
21,ZDR63255,2113810,찬성,2021-12-09
21,KR14136C,2113810,불참,2021-12-09
21,SRP7336N,2113810,불참,2021-12-09
21,GFF1986K,2113810,찬성,2021-12-09
21,WJL30106,2113810,찬성,2021-12-09
21,5KV96424,2113810,찬성,2021-12-09
21,M7T9712V,2113810,불참,2021-12-09
21,60490713,2113810,찬성,2021-12-09
21,HKJ99607,2113810,찬성,2021-12-09
21,1WE5693J,2113810,불참,2021-12-09
21,MY318392,2113810,찬성,2021-12-09
21,4T026790,2113810,불참,2021-12-09
21,EH27538E,2113810,찬성,2021-12-09
21,WFU14784,2113810,불참,2021-12-09
21,SU53086M,2113810,불참,2021-12-09
21,PZA4062H,2113810,찬성,2021-12-09
21,MR210505,2113810,불참,2021-12-09
21,GF286398,2113810,찬성,2021-12-09
21,H5476989,2113810,찬성,2021-12-09
21,JQA21112,2113810,찬성,2021-12-09
21,4L695580,2113810,불참,2021-12-09
21,HXT76735,2113810,찬성,2021-12-09
21,RPN2293B,2113810,불참,2021-12-09
21,0R68099X,2113810,찬성,2021-12-09
21,V429892C,2113810,찬성,2021-12-09
21,4A067125,2113810,불참,2021-12-09
21,XBT9550Q,2113810,찬성,2021-12-09
21,MO52543L,2113810,찬성,2021-12-09
21,0827740Q,2113810,찬성,2021-12-09
21,0W194007,2113810,찬성,2021-12-09
21,X1K3667J,2113810,불참,2021-12-09
21,I5I2468R,2113810,찬성,2021-12-09
21,WTR5885Y,2113810,불참,2021-12-09
21,L5P27909,2113810,불참,2021-12-09
21,IOW1101J,2113810,불참,2021-12-09
21,ICH23251,2113810,찬성,2021-12-09
21,25I8709Q,2113810,불참,2021-12-09
21,6MO8786S,2113810,불참,2021-12-09
21,XWX1513T,2113810,불참,2021-12-09
21,CT85313K,2113810,찬성,2021-12-09
21,PAO22428,2113810,불참,2021-12-09
21,BLC8630L,2113810,불참,2021-12-09
21,NQR1206Q,2113810,불참,2021-12-09
21,LG63087O,2113810,찬성,2021-12-09
21,PEP6922S,2113810,불참,2021-12-09
21,VG24001G,2113810,찬성,2021-12-09
21,L2I9861C,2113810,불참,2021-12-09
21,WCD5518S,2113810,불참,2021-12-09
21,SVH3899R,2113810,불참,2021-12-09
21,I434361W,2113810,찬성,2021-12-09
21,IOW8224X,2113810,찬성,2021-12-09
21,9JF4562W,2113810,찬성,2021-12-09
21,Y7K5946R,2113810,불참,2021-12-09
21,Z7Y7827F,2113810,찬성,2021-12-09
21,KUO3574J,2113810,찬성,2021-12-09
21,D6U6678O,2113810,찬성,2021-12-09
21,FU87526G,2113810,찬성,2021-12-09
21,S9U45255,2113810,불참,2021-12-09
21,8FC9697X,2113810,찬성,2021-12-09
21,GD131760,2113810,불참,2021-12-09
21,ZRF3039U,2113810,불참,2021-12-09
21,V0O5343U,2113810,불참,2021-12-09
21,P0F1530P,2113810,불참,2021-12-09
21,XPP2564T,2113810,불참,2021-12-09
21,FRN1867O,2113810,찬성,2021-12-09
21,LQW3652K,2113810,불참,2021-12-09
21,RO593601,2113810,찬성,2021-12-09
21,PFG2137X,2113810,찬성,2021-12-09
21,UB114374,2113810,찬성,2021-12-09
21,GAV6441G,2113810,찬성,2021-12-09
21,7JC3239L,2113810,찬성,2021-12-09
21,8P37634C,2113810,찬성,2021-12-09
21,CNZ51556,2113810,찬성,2021-12-09
21,GDG1847Z,2113810,불참,2021-12-09
21,P2N4585G,2113810,찬성,2021-12-09
21,O7R5461J,2113810,찬성,2021-12-09
21,JMY9959W,2113810,찬성,2021-12-09
21,6AR6743G,2113810,찬성,2021-12-09
21,J2O8643H,2113810,찬성,2021-12-09
21,VCP96419,2113810,찬성,2021-12-09
21,6AU2417B,2113810,불참,2021-12-09
21,8VJ8533R,2113810,불참,2021-12-09
21,B7D7534L,2113810,찬성,2021-12-09
21,SE233396,2113810,찬성,2021-12-09
21,B7H6207C,2113810,찬성,2021-12-09
21,6399076T,2113810,찬성,2021-12-09
21,4U29186R,2113810,불참,2021-12-09
21,F5Y4026Q,2113810,불참,2021-12-09
21,1Y73132H,2113810,찬성,2021-12-09
21,I0S53762,2113810,찬성,2021-12-09
21,LH97552Q,2113810,찬성,2021-12-09
21,TKJ4800F,2113810,찬성,2021-12-09
21,O6D8329R,2113810,찬성,2021-12-09
21,MSY7784L,2113810,불참,2021-12-09
21,EVH1507C,2113810,찬성,2021-12-09
21,K5F2023J,2113810,불참,2021-12-09
21,N9X9673B,2113810,불참,2021-12-09
21,5MD4184K,2113810,찬성,2021-12-09
21,5K93695T,2113810,반대,2021-12-09
21,6U243644,2113810,찬성,2021-12-09
21,E9R4507P,2113810,불참,2021-12-09
21,UHB5553T,2113810,찬성,2021-12-09
21,KFS1358P,2113810,찬성,2021-12-09
21,J9S37905,2113810,찬성,2021-12-09
21,A494529E,2113810,불참,2021-12-09
21,VRY5522V,2113810,찬성,2021-12-09
21,CAA7713A,2113810,불참,2021-12-09
21,0PK7354M,2113810,찬성,2021-12-09
21,Z6R3959C,2113810,불참,2021-12-09
21,UGH6481E,2113810,찬성,2021-12-09
21,W4X85128,2113810,불참,2021-12-09
21,Q9H5708M,2113810,찬성,2021-12-09
21,CFE3998F,2113810,불참,2021-12-09
21,MRK4871S,2113810,불참,2021-12-09
21,YKW37422,2113810,불참,2021-12-09
21,2NV6751W,2113810,찬성,2021-12-09
21,BM63269Y,2113810,불참,2021-12-09
21,M7O7878U,2113810,찬성,2021-12-09
21,YLS4431M,2113810,불참,2021-12-09
21,MNZ4401T,2113810,불참,2021-12-09
21,3ZR4438W,2113810,불참,2021-12-09
21,16D7652C,2113810,찬성,2021-12-09
21,MLH1404S,2113810,불참,2021-12-09
21,8VY63414,2113810,찬성,2021-12-09
21,XR24352K,2113810,찬성,2021-12-09
21,BCQ55105,2113810,불참,2021-12-09
21,GOC54665,2113810,찬성,2021-12-09
21,5UN9725L,2113810,불참,2021-12-09
21,K3W33496,2113810,찬성,2021-12-09
21,M2Q9024I,2113810,불참,2021-12-09
21,DBA1057Z,2113810,불참,2021-12-09
21,CI15627C,2113810,불참,2021-12-09
21,C7E79345,2113810,불참,2021-12-09
21,4019850M,2113810,찬성,2021-12-09
21,UQ282145,2113810,불참,2021-12-09
21,9YO73104,2113810,불참,2021-12-09
21,TRE2429O,2113810,불참,2021-12-09
21,E6U4345C,2113810,찬성,2021-12-09
21,7BM2933Y,2113810,찬성,2021-12-09
21,CDL93608,2113810,불참,2021-12-09
21,2UD1340H,2113810,찬성,2021-12-09
21,9VR65006,2113810,불참,2021-12-09
21,X7I4680R,2113810,찬성,2021-12-09
21,XJC13432,2113810,불참,2021-12-09
21,D0C85236,2113810,불참,2021-12-09
21,XSP20229,2113810,찬성,2021-12-09
21,T465023H,2113810,불참,2021-12-09
21,3RW63706,2113810,찬성,2021-12-09
21,FH777496,2113810,찬성,2021-12-09
21,8X15119P,2113810,불참,2021-12-09
21,ZYP7962W,2113810,불참,2021-12-09
21,CNW5754J,2113810,불참,2021-12-09
21,GX38539O,2113810,찬성,2021-12-09
21,8Q88373R,2113810,불참,2021-12-09
21,9D939735,2113810,찬성,2021-12-09
21,QTW6852F,2113810,불참,2021-12-09
21,TST4507I,2113810,찬성,2021-12-09
21,JC14718Q,2113810,찬성,2021-12-09
21,5KV82250,2113810,찬성,2021-12-09
21,L7J93733,2113810,찬성,2021-12-09
21,LT72093S,2113810,찬성,2021-12-09
21,GE71932C,2113810,찬성,2021-12-09
21,6YT83269,2113810,불참,2021-12-09
21,1MU99298,2113810,찬성,2021-12-09
21,FDC3144T,2113810,찬성,2021-12-09
21,17M85910,2113810,찬성,2021-12-09
21,G152611B,2113810,불참,2021-12-09
21,I7R13867,2113810,찬성,2021-12-09
21,G1570880,2113810,불참,2021-12-09
21,9LD2641Q,2113810,찬성,2021-12-09
21,FOK3459D,2113810,찬성,2021-12-09
21,QUO78839,2113810,찬성,2021-12-09
21,LPB30152,2113810,찬성,2021-12-09
21,MD083627,2113810,찬성,2021-12-09
21,6V37131U,2113810,기권,2021-12-09
21,OSV9142K,2113810,불참,2021-12-09
21,FJK3396E,2113810,불참,2021-12-09
21,ZDP5704Q,2113810,찬성,2021-12-09
21,71J2365L,2113810,불참,2021-12-09
21,W1Q6753M,2113810,찬성,2021-12-09
21,E1J8836Y,2113810,불참,2021-12-09
21,RD42006Y,2113810,불참,2021-12-09
21,6EN68926,2113810,불참,2021-12-09
21,1BX7234U,2113810,찬성,2021-12-09
21,QHL3248U,2113810,찬성,2021-12-09
21,TJW93720,2113810,찬성,2021-12-09
21,9S151177,2113810,불참,2021-12-09
21,TZ228122,2113810,불참,2021-12-09
21,9V18755A,2113810,찬성,2021-12-09
21,XA42275R,2113810,불참,2021-12-09
21,PO64874I,2113810,불참,2021-12-09
21,RQQ3807K,2113810,불참,2021-12-09
21,FYI20317,2113810,찬성,2021-12-09
21,3249208I,2113810,찬성,2021-12-09
21,XEF29171,2113810,찬성,2021-12-09
21,WVU2479T,2113810,불참,2021-12-09
21,7XY7109I,2113810,찬성,2021-12-09
21,DAV7257X,2113810,찬성,2021-12-09
21,SQ36001H,2113810,불참,2021-12-09
21,BT62420K,2113810,찬성,2021-12-09
21,TZP9391O,2113810,찬성,2021-12-09
21,B7R2742J,2113810,찬성,2021-12-09
21,7O71647Z,2113810,불참,2021-12-09
21,4X525582,2113810,불참,2021-12-09
21,LM13674V,2113810,찬성,2021-12-09
21,P2N50879,2113810,찬성,2021-12-09
21,A0P4646G,2113810,찬성,2021-12-09
21,A2V51235,2113810,찬성,2021-12-09
21,1X376850,2113810,찬성,2021-12-09
21,3DK8989T,2113810,불참,2021-12-09
21,09I2323E,2113810,불참,2021-12-09
21,NTT8182Q,2113810,찬성,2021-12-09
21,0VU8517U,2113810,불참,2021-12-09
21,HSW1214Q,2113810,찬성,2021-12-09
21,5765663F,2113810,찬성,2021-12-09
21,ZKU88693,2113810,찬성,2021-12-09
21,KNM3215T,2113810,찬성,2021-12-09
21,UM51067K,2113810,찬성,2021-12-09
21,X3170462,2113810,불참,2021-12-09
21,8FB1535Y,2113810,찬성,2021-12-09
21,0WL9321T,2113810,불참,2021-12-09
21,8348421R,2113810,불참,2021-12-09
21,40E3739H,2113810,찬성,2021-12-09
21,2385336L,2113810,찬성,2021-12-09
21,IN328264,2113810,찬성,2021-12-09
21,ZA54991S,2113810,찬성,2021-12-09
21,WMG57662,2113810,불참,2021-12-09
21,NCP9875N,2113810,찬성,2021-12-09
21,3425169D,2113810,찬성,2021-12-09
21,OIA3741M,2113810,찬성,2021-12-09
21,NAL4555X,2113810,불참,2021-12-09
21,OW53107J,2113810,찬성,2021-12-09
21,DAN6731C,2113810,불참,2021-12-09
21,ATB59635,2113810,찬성,2021-12-09
21,SBK1544B,2113810,불참,2021-12-09
21,8SV6917G,2113810,불참,2021-12-09
21,QKO6165V,2113810,찬성,2021-12-09
21,68P7228G,2113810,찬성,2021-12-09
21,0YT3774N,2113810,찬성,2021-12-09
21,40S1959J,2113810,찬성,2021-12-09
21,IL74008M,2113810,찬성,2021-12-09
21,8KF7223D,2113810,찬성,2021-12-09
21,N4R2421C,2113810,불참,2021-12-09
21,3C23171A,2113810,불참,2021-12-09
21,TVF3669B,2113810,불참,2021-12-09
21,7R156073,2113810,불참,2021-12-09
21,GX22581L,2113810,찬성,2021-12-09
21,AFH96856,2113810,찬성,2021-12-09
21,52P3934K,2113810,불참,2021-12-09
21,WHV3448W,2113810,찬성,2021-12-09
21,04T3751T,2113810,불참,2021-12-09
21,14M56632,2113810,불참,2021-12-09
21,DPZ7685X,2113810,찬성,2021-12-09
21,O0I2045I,2113810,불참,2021-12-09
21,CZB4125D,2113810,불참,2021-12-09
21,QUM8288K,2113810,불참,2021-12-09
21,S824682L,2113810,찬성,2021-12-09
21,JZY9937U,2113810,찬성,2021-12-09
21,HSS7466Y,2113810,찬성,2021-12-09
21,KB04377U,2113810,찬성,2021-12-09
21,FU53642G,2113810,찬성,2021-12-09
21,QQP4727N,2113810,찬성,2021-12-09
21,JEZ3130Q,2113810,불참,2021-12-09
21,9L57027L,2113810,불참,2021-12-09
21,LJK4960Z,2113810,찬성,2021-12-09
21,21N57758,2113810,불참,2021-12-09
21,EMC8812P,2113810,찬성,2021-12-09
21,X7I4680R,2111502,찬성,2022-01-11
21,EMC8812P,2111502,기권,2022-01-11
21,D0C85236,2111502,불참,2022-01-11
21,T465023H,2111502,찬성,2022-01-11
21,TST4507I,2111502,찬성,2022-01-11
21,JC14718Q,2111502,찬성,2022-01-11
21,5KV82250,2111502,불참,2022-01-11
21,L7J93733,2111502,찬성,2022-01-11
21,LT72093S,2111502,찬성,2022-01-11
21,1MU99298,2111502,찬성,2022-01-11
21,FDC3144T,2111502,찬성,2022-01-11
21,G152611B,2111502,찬성,2022-01-11
21,9LD2641Q,2111502,찬성,2022-01-11
21,FOK3459D,2111502,찬성,2022-01-11
21,QUO78839,2111502,찬성,2022-01-11
21,LPB30152,2111502,불참,2022-01-11
21,6V37131U,2111502,찬성,2022-01-11
21,OSV9142K,2111502,불참,2022-01-11
21,ZDP5704Q,2111502,찬성,2022-01-11
21,1BX7234U,2111502,찬성,2022-01-11
21,QHL3248U,2111502,찬성,2022-01-11
21,9S151177,2111502,찬성,2022-01-11
21,9V18755A,2111502,찬성,2022-01-11
21,XA42275R,2111502,찬성,2022-01-11
21,PO64874I,2111502,찬성,2022-01-11
21,FIC9046Z,2111502,불참,2022-01-11
21,JNL7001A,2111502,기권,2022-01-11
21,GKD32201,2111502,불참,2022-01-11
21,2N793392,2111502,찬성,2022-01-11
21,QD25323M,2111502,찬성,2022-01-11
21,GP07421U,2111502,찬성,2022-01-11
21,1X376850,2111502,찬성,2022-01-11
21,3DK8989T,2111502,불참,2022-01-11
21,A3H7195R,2111502,찬성,2022-01-11
21,ZDR63255,2111502,찬성,2022-01-11
21,GFF1986K,2111502,찬성,2022-01-11
21,WJL30106,2111502,찬성,2022-01-11
21,M7T9712V,2111502,기권,2022-01-11
21,HKJ99607,2111502,찬성,2022-01-11
21,X3170462,2111502,불참,2022-01-11
21,MY318392,2111502,찬성,2022-01-11
21,WFU14784,2111502,불참,2022-01-11
21,JQA21112,2111502,불참,2022-01-11
21,4L695580,2111502,찬성,2022-01-11
21,40E3739H,2111502,찬성,2022-01-11
21,HXT76735,2111502,찬성,2022-01-11
21,RPN2293B,2111502,찬성,2022-01-11
21,V429892C,2111502,불참,2022-01-11
21,4A067125,2111502,불참,2022-01-11
21,CT85313K,2111502,찬성,2022-01-11
21,PAO22428,2111502,찬성,2022-01-11
21,BLC8630L,2111502,찬성,2022-01-11
21,LG63087O,2111502,불참,2022-01-11
21,WCD5518S,2111502,찬성,2022-01-11
21,SBK1544B,2111502,불참,2022-01-11
21,KUO3574J,2111502,찬성,2022-01-11
21,S9U45255,2111502,불참,2022-01-11
21,8FC9697X,2111502,찬성,2022-01-11
21,V0O5343U,2111502,불참,2022-01-11
21,FRN1867O,2111502,찬성,2022-01-11
21,RO593601,2111502,찬성,2022-01-11
21,GAV6441G,2111502,찬성,2022-01-11
21,CNZ51556,2111502,찬성,2022-01-11
21,O7R5461J,2111502,찬성,2022-01-11
21,J2O8643H,2111502,찬성,2022-01-11
21,6AU2417B,2111502,불참,2022-01-11
21,52P3934K,2111502,찬성,2022-01-11
21,4U29186R,2111502,찬성,2022-01-11
21,F5Y4026Q,2111502,찬성,2022-01-11
21,1Y73132H,2111502,찬성,2022-01-11
21,I0S53762,2111502,불참,2022-01-11
21,14M56632,2111502,불참,2022-01-11
21,N9X9673B,2111502,찬성,2022-01-11
21,5K93695T,2111502,찬성,2022-01-11
21,DPZ7685X,2111502,찬성,2022-01-11
21,KFS1358P,2111502,찬성,2022-01-11
21,VRY5522V,2111502,찬성,2022-01-11
21,W4X85128,2111502,불참,2022-01-11
21,Q9H5708M,2111502,찬성,2022-01-11
21,CFE3998F,2111502,불참,2022-01-11
21,2NV6751W,2111502,불참,2022-01-11
21,BM63269Y,2111502,불참,2022-01-11
21,XR24352K,2111502,찬성,2022-01-11
21,QQP4727N,2111502,찬성,2022-01-11
21,9L57027L,2111502,기권,2022-01-11
21,GOC54665,2111502,불참,2022-01-11
21,LJK4960Z,2111502,찬성,2022-01-11
21,2UD1340H,2111502,불참,2022-01-11
21,9VR65006,2111502,찬성,2022-01-11
21,L7T64271,2111502,찬성,2022-01-11
21,4X525582,2111502,찬성,2022-01-11
21,G7512472,2111502,찬성,2022-01-11
21,3TO11703,2111502,찬성,2022-01-11
21,S741317G,2111502,찬성,2022-01-11
21,CCU1009B,2111502,찬성,2022-01-11
21,MU69217P,2111502,찬성,2022-01-11
21,66W6739S,2111502,불참,2022-01-11
21,LM13674V,2111502,불참,2022-01-11
21,DAY6557K,2111502,찬성,2022-01-11
21,FGI27280,2111502,찬성,2022-01-11
21,USR7059P,2111502,기권,2022-01-11
21,4XG1439M,2111502,찬성,2022-01-11
21,P2N50879,2111502,찬성,2022-01-11
21,A0P4646G,2111502,찬성,2022-01-11
21,A2V51235,2111502,찬성,2022-01-11
21,7I09543O,2111502,찬성,2022-01-11
21,7469929V,2111502,찬성,2022-01-11
21,D4L60530,2111502,찬성,2022-01-11
21,M6H1705E,2111502,찬성,2022-01-11
21,OFE45081,2111502,찬성,2022-01-11
21,09I2323E,2111502,찬성,2022-01-11
21,NTT8182Q,2111502,찬성,2022-01-11
21,ZYH1940A,2111502,불참,2022-01-11
21,0VU8517U,2111502,불참,2022-01-11
21,M0A1658U,2111502,찬성,2022-01-11
21,HSW1214Q,2111502,기권,2022-01-11
21,NZF1659U,2111502,찬성,2022-01-11
21,WDS6044S,2111502,찬성,2022-01-11
21,3BC6890E,2111502,기권,2022-01-11
21,KR14136C,2111502,찬성,2022-01-11
21,SRP7336N,2111502,불참,2022-01-11
21,5765663F,2111502,찬성,2022-01-11
21,ZKU88693,2111502,찬성,2022-01-11
21,5KV96424,2111502,찬성,2022-01-11
21,KNM3215T,2111502,찬성,2022-01-11
21,60490713,2111502,찬성,2022-01-11
21,UM51067K,2111502,찬성,2022-01-11
21,1WE5693J,2111502,불참,2022-01-11
21,8FB1535Y,2111502,찬성,2022-01-11
21,4T026790,2111502,찬성,2022-01-11
21,EH27538E,2111502,기권,2022-01-11
21,SU53086M,2111502,불참,2022-01-11
21,0WL9321T,2111502,찬성,2022-01-11
21,PZA4062H,2111502,찬성,2022-01-11
21,MR210505,2111502,불참,2022-01-11
21,GF286398,2111502,불참,2022-01-11
21,8348421R,2111502,찬성,2022-01-11
21,H5476989,2111502,찬성,2022-01-11
21,0R68099X,2111502,찬성,2022-01-11
21,2385336L,2111502,찬성,2022-01-11
21,IN328264,2111502,찬성,2022-01-11
21,XBT9550Q,2111502,기권,2022-01-11
21,ZA54991S,2111502,찬성,2022-01-11
21,MO52543L,2111502,찬성,2022-01-11
21,0827740Q,2111502,찬성,2022-01-11
21,0W194007,2111502,찬성,2022-01-11
21,X1K3667J,2111502,찬성,2022-01-11
21,WMG57662,2111502,찬성,2022-01-11
21,NCP9875N,2111502,찬성,2022-01-11
21,I5I2468R,2111502,찬성,2022-01-11
21,WTR5885Y,2111502,찬성,2022-01-11
21,L5P27909,2111502,불참,2022-01-11
21,3425169D,2111502,찬성,2022-01-11
21,IOW1101J,2111502,불참,2022-01-11
21,ICH23251,2111502,찬성,2022-01-11
21,25I8709Q,2111502,찬성,2022-01-11
21,OIA3741M,2111502,찬성,2022-01-11
21,6MO8786S,2111502,기권,2022-01-11
21,XWX1513T,2111502,찬성,2022-01-11
21,NQR1206Q,2111502,찬성,2022-01-11
21,NAL4555X,2111502,불참,2022-01-11
21,OW53107J,2111502,찬성,2022-01-11
21,PEP6922S,2111502,찬성,2022-01-11
21,VG24001G,2111502,찬성,2022-01-11
21,L2I9861C,2111502,찬성,2022-01-11
21,I434361W,2111502,찬성,2022-01-11
21,IOW8224X,2111502,찬성,2022-01-11
21,9JF4562W,2111502,찬성,2022-01-11
21,Y7K5946R,2111502,찬성,2022-01-11
21,Z7Y7827F,2111502,찬성,2022-01-11
21,D6U6678O,2111502,찬성,2022-01-11
21,FU87526G,2111502,반대,2022-01-11
21,8SV6917G,2111502,불참,2022-01-11
21,QKO6165V,2111502,찬성,2022-01-11
21,GD131760,2111502,찬성,2022-01-11
21,ZRF3039U,2111502,불참,2022-01-11
21,68P7228G,2111502,찬성,2022-01-11
21,P0F1530P,2111502,불참,2022-01-11
21,XPP2564T,2111502,불참,2022-01-11
21,PFG2137X,2111502,기권,2022-01-11
21,UB114374,2111502,불참,2022-01-11
21,0YT3774N,2111502,찬성,2022-01-11
21,7JC3239L,2111502,불참,2022-01-11
21,40S1959J,2111502,찬성,2022-01-11
21,IL74008M,2111502,찬성,2022-01-11
21,8KF7223D,2111502,불참,2022-01-11
21,8P37634C,2111502,찬성,2022-01-11
21,N4R2421C,2111502,불참,2022-01-11
21,3C23171A,2111502,찬성,2022-01-11
21,GDG1847Z,2111502,불참,2022-01-11
21,P2N4585G,2111502,찬성,2022-01-11
21,TVF3669B,2111502,찬성,2022-01-11
21,JMY9959W,2111502,찬성,2022-01-11
21,7R156073,2111502,불참,2022-01-11
21,6AR6743G,2111502,찬성,2022-01-11
21,VCP96419,2111502,찬성,2022-01-11
21,8VJ8533R,2111502,찬성,2022-01-11
21,B7D7534L,2111502,찬성,2022-01-11
21,GX22581L,2111502,찬성,2022-01-11
21,SE233396,2111502,찬성,2022-01-11
21,AFH96856,2111502,찬성,2022-01-11
21,B7H6207C,2111502,찬성,2022-01-11
21,6399076T,2111502,찬성,2022-01-11
21,WHV3448W,2111502,불참,2022-01-11
21,LH97552Q,2111502,찬성,2022-01-11
21,TKJ4800F,2111502,찬성,2022-01-11
21,O6D8329R,2111502,찬성,2022-01-11
21,04T3751T,2111502,불참,2022-01-11
21,MSY7784L,2111502,찬성,2022-01-11
21,EVH1507C,2111502,찬성,2022-01-11
21,K5F2023J,2111502,찬성,2022-01-11
21,5MD4184K,2111502,찬성,2022-01-11
21,6U243644,2111502,찬성,2022-01-11
21,E9R4507P,2111502,찬성,2022-01-11
21,UHB5553T,2111502,찬성,2022-01-11
21,A494529E,2111502,찬성,2022-01-11
21,CAA7713A,2111502,찬성,2022-01-11
21,0PK7354M,2111502,찬성,2022-01-11
21,CZB4125D,2111502,불참,2022-01-11
21,Z6R3959C,2111502,불참,2022-01-11
21,QUM8288K,2111502,불참,2022-01-11
21,UGH6481E,2111502,찬성,2022-01-11
21,JZY9937U,2111502,찬성,2022-01-11
21,MRK4871S,2111502,불참,2022-01-11
21,YKW37422,2111502,불참,2022-01-11
21,M7O7878U,2111502,찬성,2022-01-11
21,YLS4431M,2111502,기권,2022-01-11
21,MNZ4401T,2111502,불참,2022-01-11
21,3ZR4438W,2111502,불참,2022-01-11
21,HSS7466Y,2111502,불참,2022-01-11
21,16D7652C,2111502,불참,2022-01-11
21,KB04377U,2111502,찬성,2022-01-11
21,FU53642G,2111502,찬성,2022-01-11
21,MLH1404S,2111502,불참,2022-01-11
21,8VY63414,2111502,찬성,2022-01-11
21,JEZ3130Q,2111502,찬성,2022-01-11
21,BCQ55105,2111502,찬성,2022-01-11
21,5UN9725L,2111502,불참,2022-01-11
21,K3W33496,2111502,불참,2022-01-11
21,M2Q9024I,2111502,찬성,2022-01-11
21,DBA1057Z,2111502,불참,2022-01-11
21,CI15627C,2111502,찬성,2022-01-11
21,21N57758,2111502,찬성,2022-01-11
21,C7E79345,2111502,불참,2022-01-11
21,4019850M,2111502,찬성,2022-01-11
21,UQ282145,2111502,불참,2022-01-11
21,9YO73104,2111502,찬성,2022-01-11
21,TRE2429O,2111502,불참,2022-01-11
21,E6U4345C,2111502,찬성,2022-01-11
21,7BM2933Y,2111502,찬성,2022-01-11
21,CDL93608,2111502,불참,2022-01-11
21,XJC13432,2111502,불참,2022-01-11
21,XSP20229,2111502,찬성,2022-01-11
21,3RW63706,2111502,찬성,2022-01-11
21,RQQ3807K,2111502,찬성,2022-01-11
21,FH777496,2111502,찬성,2022-01-11
21,FYI20317,2111502,불참,2022-01-11
21,8X15119P,2111502,불참,2022-01-11
21,ZYP7962W,2111502,불참,2022-01-11
21,CNW5754J,2111502,찬성,2022-01-11
21,3249208I,2111502,찬성,2022-01-11
21,GX38539O,2111502,찬성,2022-01-11
21,8Q88373R,2111502,불참,2022-01-11
21,WVU2479T,2111502,찬성,2022-01-11
21,9D939735,2111502,찬성,2022-01-11
21,QTW6852F,2111502,불참,2022-01-11
21,7XY7109I,2111502,찬성,2022-01-11
21,DAV7257X,2111502,찬성,2022-01-11
21,GE71932C,2111502,찬성,2022-01-11
21,6YT83269,2111502,불참,2022-01-11
21,17M85910,2111502,찬성,2022-01-11
21,I7R13867,2111502,찬성,2022-01-11
21,G1570880,2111502,찬성,2022-01-11
21,BT62420K,2111502,찬성,2022-01-11
21,MD083627,2111502,불참,2022-01-11
21,TZP9391O,2111502,찬성,2022-01-11
21,B7R2742J,2111502,찬성,2022-01-11
21,FJK3396E,2111502,찬성,2022-01-11
21,71J2365L,2111502,불참,2022-01-11
21,7O71647Z,2111502,찬성,2022-01-11
21,W1Q6753M,2111502,찬성,2022-01-11
21,E1J8836Y,2111502,찬성,2022-01-11
21,RD42006Y,2111502,불참,2022-01-11
21,6EN68926,2111502,불참,2022-01-11
21,TJW93720,2111502,찬성,2022-01-11
21,TZ228122,2111502,찬성,2022-01-11
21,DAN6731C,2111502,불참,2022-01-11
21,SVH3899R,2111502,찬성,2022-01-11
21,ATB59635,2111502,찬성,2022-01-11
21,LQW3652K,2111502,불참,2022-01-11
21,SQ36001H,2111502,찬성,2022-01-11
21,O0I2045I,2111502,찬성,2022-01-11
21,S824682L,2111502,찬성,2022-01-11
21,XEF29171,2111502,찬성,2022-01-11
21,J9S37905,2111502,불참,2022-01-11
21,2N793392,2104249,찬성,2021-06-29
21,WJL30106,2104249,불참,2021-06-29
21,WFU14784,2104249,찬성,2021-06-29
21,ZA54991S,2104249,찬성,2021-06-29
21,CAA7713A,2104249,찬성,2021-06-29
21,6V37131U,2104249,찬성,2021-06-29
21,9L57027L,2104249,찬성,2021-06-29
21,X7I4680R,2104249,찬성,2021-06-29
21,FDC3144T,2104249,찬성,2021-06-29
21,BT62420K,2104249,찬성,2021-06-29
21,Q9H5708M,2104249,불참,2021-06-29
21,FIC9046Z,2104249,불참,2021-06-29
21,JNL7001A,2104249,찬성,2021-06-29
21,L7T64271,2104249,찬성,2021-06-29
21,4X525582,2104249,불참,2021-06-29
21,GKD32201,2104249,찬성,2021-06-29
21,G7512472,2104249,찬성,2021-06-29
21,3TO11703,2104249,찬성,2021-06-29
21,S741317G,2104249,찬성,2021-06-29
21,CCU1009B,2104249,불참,2021-06-29
21,66W6739S,2104249,기권,2021-06-29
21,LM13674V,2104249,찬성,2021-06-29
21,QD25323M,2104249,찬성,2021-06-29
21,DAY6557K,2104249,찬성,2021-06-29
21,GP07421U,2104249,찬성,2021-06-29
21,FGI27280,2104249,찬성,2021-06-29
21,USR7059P,2104249,찬성,2021-06-29
21,4XG1439M,2104249,찬성,2021-06-29
21,P2N50879,2104249,찬성,2021-06-29
21,A0P4646G,2104249,불참,2021-06-29
21,A2V51235,2104249,찬성,2021-06-29
21,7I09543O,2104249,불참,2021-06-29
21,1X376850,2104249,불참,2021-06-29
21,3DK8989T,2104249,찬성,2021-06-29
21,7469929V,2104249,찬성,2021-06-29
21,D4L60530,2104249,찬성,2021-06-29
21,M6H1705E,2104249,찬성,2021-06-29
21,OFE45081,2104249,찬성,2021-06-29
21,09I2323E,2104249,불참,2021-06-29
21,NTT8182Q,2104249,찬성,2021-06-29
21,A3H7195R,2104249,찬성,2021-06-29
21,ZYH1940A,2104249,불참,2021-06-29
21,0VU8517U,2104249,불참,2021-06-29
21,M0A1658U,2104249,불참,2021-06-29
21,HSW1214Q,2104249,찬성,2021-06-29
21,WDS6044S,2104249,찬성,2021-06-29
21,3BC6890E,2104249,찬성,2021-06-29
21,ZDR63255,2104249,찬성,2021-06-29
21,KR14136C,2104249,불참,2021-06-29
21,SRP7336N,2104249,불참,2021-06-29
21,5765663F,2104249,찬성,2021-06-29
21,GFF1986K,2104249,찬성,2021-06-29
21,5KV96424,2104249,찬성,2021-06-29
21,KNM3215T,2104249,찬성,2021-06-29
21,M7T9712V,2104249,불참,2021-06-29
21,60490713,2104249,찬성,2021-06-29
21,UM51067K,2104249,찬성,2021-06-29
21,HKJ99607,2104249,불참,2021-06-29
21,1WE5693J,2104249,찬성,2021-06-29
21,X3170462,2104249,불참,2021-06-29
21,MY318392,2104249,불참,2021-06-29
21,4T026790,2104249,찬성,2021-06-29
21,EH27538E,2104249,찬성,2021-06-29
21,SU53086M,2104249,찬성,2021-06-29
21,0WL9321T,2104249,찬성,2021-06-29
21,PZA4062H,2104249,찬성,2021-06-29
21,MR210505,2104249,불참,2021-06-29
21,GF286398,2104249,찬성,2021-06-29
21,8348421R,2104249,불참,2021-06-29
21,H5476989,2104249,찬성,2021-06-29
21,JQA21112,2104249,찬성,2021-06-29
21,4L695580,2104249,찬성,2021-06-29
21,40E3739H,2104249,찬성,2021-06-29
21,HXT76735,2104249,불참,2021-06-29
21,RPN2293B,2104249,찬성,2021-06-29
21,0R68099X,2104249,불참,2021-06-29
21,V429892C,2104249,불참,2021-06-29
21,4A067125,2104249,불참,2021-06-29
21,2385336L,2104249,찬성,2021-06-29
21,IN328264,2104249,불참,2021-06-29
21,XBT9550Q,2104249,찬성,2021-06-29
21,MO52543L,2104249,찬성,2021-06-29
21,0827740Q,2104249,찬성,2021-06-29
21,0W194007,2104249,찬성,2021-06-29
21,X1K3667J,2104249,불참,2021-06-29
21,WMG57662,2104249,찬성,2021-06-29
21,NCP9875N,2104249,찬성,2021-06-29
21,I5I2468R,2104249,찬성,2021-06-29
21,WTR5885Y,2104249,불참,2021-06-29
21,L5P27909,2104249,불참,2021-06-29
21,3425169D,2104249,찬성,2021-06-29
21,ICH23251,2104249,찬성,2021-06-29
21,25I8709Q,2104249,찬성,2021-06-29
21,OIA3741M,2104249,찬성,2021-06-29
21,6MO8786S,2104249,기권,2021-06-29
21,XWX1513T,2104249,불참,2021-06-29
21,CT85313K,2104249,찬성,2021-06-29
21,PAO22428,2104249,불참,2021-06-29
21,BLC8630L,2104249,불참,2021-06-29
21,NQR1206Q,2104249,불참,2021-06-29
21,0767470D,2104249,불참,2021-06-29
21,LG63087O,2104249,불참,2021-06-29
21,NAL4555X,2104249,불참,2021-06-29
21,OW53107J,2104249,찬성,2021-06-29
21,PEP6922S,2104249,찬성,2021-06-29
21,DAN6731C,2104249,불참,2021-06-29
21,VG24001G,2104249,찬성,2021-06-29
21,L2I9861C,2104249,기권,2021-06-29
21,WCD5518S,2104249,찬성,2021-06-29
21,SVH3899R,2104249,찬성,2021-06-29
21,I434361W,2104249,찬성,2021-06-29
21,IOW8224X,2104249,찬성,2021-06-29
21,Y7K5946R,2104249,찬성,2021-06-29
21,Z7Y7827F,2104249,찬성,2021-06-29
21,D6U6678O,2104249,불참,2021-06-29
21,FU87526G,2104249,찬성,2021-06-29
21,S9U45255,2104249,불참,2021-06-29
21,8SV6917G,2104249,불참,2021-06-29
21,8FC9697X,2104249,찬성,2021-06-29
21,QKO6165V,2104249,찬성,2021-06-29
21,ZRF3039U,2104249,불참,2021-06-29
21,V0O5343U,2104249,불참,2021-06-29
21,68P7228G,2104249,찬성,2021-06-29
21,P0F1530P,2104249,불참,2021-06-29
21,XPP2564T,2104249,불참,2021-06-29
21,FRN1867O,2104249,찬성,2021-06-29
21,LQW3652K,2104249,찬성,2021-06-29
21,UB114374,2104249,찬성,2021-06-29
21,GAV6441G,2104249,찬성,2021-06-29
21,0YT3774N,2104249,찬성,2021-06-29
21,7JC3239L,2104249,찬성,2021-06-29
21,IL74008M,2104249,찬성,2021-06-29
21,8KF7223D,2104249,찬성,2021-06-29
21,8P37634C,2104249,찬성,2021-06-29
21,CNZ51556,2104249,찬성,2021-06-29
21,N4R2421C,2104249,불참,2021-06-29
21,3C23171A,2104249,찬성,2021-06-29
21,GDG1847Z,2104249,불참,2021-06-29
21,P2N4585G,2104249,찬성,2021-06-29
21,O7R5461J,2104249,찬성,2021-06-29
21,TVF3669B,2104249,불참,2021-06-29
21,JMY9959W,2104249,찬성,2021-06-29
21,7R156073,2104249,불참,2021-06-29
21,6AR6743G,2104249,불참,2021-06-29
21,J2O8643H,2104249,찬성,2021-06-29
21,VCP96419,2104249,찬성,2021-06-29
21,6AU2417B,2104249,불참,2021-06-29
21,8VJ8533R,2104249,찬성,2021-06-29
21,B7D7534L,2104249,찬성,2021-06-29
21,SE233396,2104249,찬성,2021-06-29
21,AFH96856,2104249,찬성,2021-06-29
21,52P3934K,2104249,불참,2021-06-29
21,B7H6207C,2104249,찬성,2021-06-29
21,6399076T,2104249,불참,2021-06-29
21,4U29186R,2104249,불참,2021-06-29
21,F5Y4026Q,2104249,찬성,2021-06-29
21,WHV3448W,2104249,불참,2021-06-29
21,1Y73132H,2104249,찬성,2021-06-29
21,I0S53762,2104249,불참,2021-06-29
21,LH97552Q,2104249,찬성,2021-06-29
21,TKJ4800F,2104249,불참,2021-06-29
21,O6D8329R,2104249,불참,2021-06-29
21,04T3751T,2104249,찬성,2021-06-29
21,MSY7784L,2104249,불참,2021-06-29
21,EVH1507C,2104249,찬성,2021-06-29
21,K5F2023J,2104249,찬성,2021-06-29
21,14M56632,2104249,불참,2021-06-29
21,N9X9673B,2104249,불참,2021-06-29
21,5MD4184K,2104249,찬성,2021-06-29
21,TP066860,2104249,찬성,2021-06-29
21,5K93695T,2104249,기권,2021-06-29
21,6U243644,2104249,불참,2021-06-29
21,E9R4507P,2104249,불참,2021-06-29
21,UHB5553T,2104249,찬성,2021-06-29
21,KFS1358P,2104249,찬성,2021-06-29
21,J9S37905,2104249,불참,2021-06-29
21,A494529E,2104249,찬성,2021-06-29
21,VRY5522V,2104249,찬성,2021-06-29
21,0PK7354M,2104249,찬성,2021-06-29
21,CZB4125D,2104249,찬성,2021-06-29
21,Z6R3959C,2104249,불참,2021-06-29
21,QUM8288K,2104249,찬성,2021-06-29
21,UGH6481E,2104249,찬성,2021-06-29
21,S824682L,2104249,찬성,2021-06-29
21,W4X85128,2104249,불참,2021-06-29
21,JZY9937U,2104249,불참,2021-06-29
21,MRK4871S,2104249,불참,2021-06-29
21,YKW37422,2104249,불참,2021-06-29
21,2NV6751W,2104249,불참,2021-06-29
21,BM63269Y,2104249,불참,2021-06-29
21,M7O7878U,2104249,찬성,2021-06-29
21,YLS4431M,2104249,불참,2021-06-29
21,MNZ4401T,2104249,불참,2021-06-29
21,3ZR4438W,2104249,불참,2021-06-29
21,16D7652C,2104249,불참,2021-06-29
21,KB04377U,2104249,불참,2021-06-29
21,FU53642G,2104249,찬성,2021-06-29
21,MLH1404S,2104249,불참,2021-06-29
21,8VY63414,2104249,찬성,2021-06-29
21,XR24352K,2104249,찬성,2021-06-29
21,QQP4727N,2104249,찬성,2021-06-29
21,IUL4848V,2104249,찬성,2021-06-29
21,JEZ3130Q,2104249,불참,2021-06-29
21,BCQ55105,2104249,찬성,2021-06-29
21,GOC54665,2104249,불참,2021-06-29
21,5UN9725L,2104249,찬성,2021-06-29
21,LJK4960Z,2104249,찬성,2021-06-29
21,K3W33496,2104249,찬성,2021-06-29
21,M2Q9024I,2104249,불참,2021-06-29
21,DBA1057Z,2104249,찬성,2021-06-29
21,CI15627C,2104249,불참,2021-06-29
21,C7E79345,2104249,불참,2021-06-29
21,4019850M,2104249,찬성,2021-06-29
21,UQ282145,2104249,불참,2021-06-29
21,9YO73104,2104249,불참,2021-06-29
21,TRE2429O,2104249,불참,2021-06-29
21,E6U4345C,2104249,찬성,2021-06-29
21,7BM2933Y,2104249,찬성,2021-06-29
21,CDL93608,2104249,찬성,2021-06-29
21,2UD1340H,2104249,찬성,2021-06-29
21,9VR65006,2104249,불참,2021-06-29
21,EMC8812P,2104249,찬성,2021-06-29
21,XJC13432,2104249,기권,2021-06-29
21,D0C85236,2104249,불참,2021-06-29
21,XSP20229,2104249,찬성,2021-06-29
21,T465023H,2104249,찬성,2021-06-29
21,3RW63706,2104249,불참,2021-06-29
21,RQQ3807K,2104249,찬성,2021-06-29
21,FH777496,2104249,찬성,2021-06-29
21,FYI20317,2104249,찬성,2021-06-29
21,8X15119P,2104249,불참,2021-06-29
21,ZYP7962W,2104249,불참,2021-06-29
21,CNW5754J,2104249,찬성,2021-06-29
21,GX38539O,2104249,찬성,2021-06-29
21,8Q88373R,2104249,불참,2021-06-29
21,WVU2479T,2104249,불참,2021-06-29
21,9D939735,2104249,불참,2021-06-29
21,QTW6852F,2104249,불참,2021-06-29
21,7XY7109I,2104249,불참,2021-06-29
21,TST4507I,2104249,찬성,2021-06-29
21,JC14718Q,2104249,찬성,2021-06-29
21,5KV82250,2104249,찬성,2021-06-29
21,LT72093S,2104249,찬성,2021-06-29
21,GE71932C,2104249,불참,2021-06-29
21,6YT83269,2104249,불참,2021-06-29
21,1MU99298,2104249,찬성,2021-06-29
21,17M85910,2104249,불참,2021-06-29
21,G152611B,2104249,찬성,2021-06-29
21,I7R13867,2104249,찬성,2021-06-29
21,9LD2641Q,2104249,기권,2021-06-29
21,FOK3459D,2104249,찬성,2021-06-29
21,QUO78839,2104249,불참,2021-06-29
21,LPB30152,2104249,불참,2021-06-29
21,MD083627,2104249,찬성,2021-06-29
21,TZP9391O,2104249,찬성,2021-06-29
21,FJK3396E,2104249,찬성,2021-06-29
21,ZDP5704Q,2104249,찬성,2021-06-29
21,71J2365L,2104249,찬성,2021-06-29
21,7O71647Z,2104249,찬성,2021-06-29
21,W1Q6753M,2104249,불참,2021-06-29
21,E1J8836Y,2104249,찬성,2021-06-29
21,RD42006Y,2104249,불참,2021-06-29
21,1BX7234U,2104249,찬성,2021-06-29
21,QHL3248U,2104249,찬성,2021-06-29
21,AE685067,2104249,찬성,2021-06-29
21,9S151177,2104249,찬성,2021-06-29
21,TZ228122,2104249,찬성,2021-06-29
21,9V18755A,2104249,찬성,2021-06-29
21,XA42275R,2104249,찬성,2021-06-29
21,PO64874I,2104249,불참,2021-06-29
21,MU69217P,2104249,불참,2021-06-29
21,TJW93720,2104249,찬성,2021-06-29
21,ZKU88693,2104249,불참,2021-06-29
21,8FB1535Y,2104249,찬성,2021-06-29
21,IOW1101J,2104249,찬성,2021-06-29
21,9JF4562W,2104249,찬성,2021-06-29
21,ATB59635,2104249,찬성,2021-06-29
21,SBK1544B,2104249,찬성,2021-06-29
21,KUO3574J,2104249,찬성,2021-06-29
21,GD131760,2104249,불참,2021-06-29
21,RO593601,2104249,찬성,2021-06-29
21,PFG2137X,2104249,찬성,2021-06-29
21,40S1959J,2104249,찬성,2021-06-29
21,GX22581L,2104249,불참,2021-06-29
21,DPZ7685X,2104249,불참,2021-06-29
21,O0I2045I,2104249,찬성,2021-06-29
21,CFE3998F,2104249,불참,2021-06-29
21,HSS7466Y,2104249,찬성,2021-06-29
21,21N57758,2104249,불참,2021-06-29
21,3249208I,2104249,찬성,2021-06-29
21,XEF29171,2104249,찬성,2021-06-29
21,L7J93733,2104249,불참,2021-06-29
21,DAV7257X,2104249,찬성,2021-06-29
21,SQ36001H,2104249,찬성,2021-06-29
21,G1570880,2104249,찬성,2021-06-29
21,OSV9142K,2104249,찬성,2021-06-29
21,B7R2742J,2104249,찬성,2021-06-29
21,MHK9919B,2104249,불참,2021-06-29
21,6EN68926,2104249,불참,2021-06-29
21,NZF1659U,2104249,불참,2021-06-29
21,JNL7001A,2114326,찬성,2022-01-11
21,PO64874I,2114326,찬성,2022-01-11
21,WJL30106,2114326,불참,2022-01-11
21,M7T9712V,2114326,찬성,2022-01-11
21,WFU14784,2114326,불참,2022-01-11
21,JQA21112,2114326,찬성,2022-01-11
21,4L695580,2114326,기권,2022-01-11
21,4A067125,2114326,불참,2022-01-11
21,CT85313K,2114326,찬성,2022-01-11
21,S9U45255,2114326,불참,2022-01-11
21,V0O5343U,2114326,불참,2022-01-11
21,CNZ51556,2114326,찬성,2022-01-11
21,J2O8643H,2114326,찬성,2022-01-11
21,6AU2417B,2114326,찬성,2022-01-11
21,5K93695T,2114326,찬성,2022-01-11
21,KFS1358P,2114326,기권,2022-01-11
21,VRY5522V,2114326,찬성,2022-01-11
21,Q9H5708M,2114326,찬성,2022-01-11
21,BM63269Y,2114326,불참,2022-01-11
21,XR24352K,2114326,찬성,2022-01-11
21,QQP4727N,2114326,찬성,2022-01-11
21,X7I4680R,2114326,찬성,2022-01-11
21,L7J93733,2114326,찬성,2022-01-11
21,FDC3144T,2114326,찬성,2022-01-11
21,LPB30152,2114326,찬성,2022-01-11
21,6V37131U,2114326,찬성,2022-01-11
21,OSV9142K,2114326,불참,2022-01-11
21,ZDP5704Q,2114326,찬성,2022-01-11
21,9V18755A,2114326,찬성,2022-01-11
21,GKD32201,2114326,불참,2022-01-11
21,FIC9046Z,2114326,찬성,2022-01-11
21,L7T64271,2114326,찬성,2022-01-11
21,4X525582,2114326,불참,2022-01-11
21,G7512472,2114326,불참,2022-01-11
21,3TO11703,2114326,찬성,2022-01-11
21,S741317G,2114326,찬성,2022-01-11
21,CCU1009B,2114326,찬성,2022-01-11
21,MU69217P,2114326,찬성,2022-01-11
21,2N793392,2114326,찬성,2022-01-11
21,66W6739S,2114326,불참,2022-01-11
21,LM13674V,2114326,불참,2022-01-11
21,QD25323M,2114326,불참,2022-01-11
21,DAY6557K,2114326,찬성,2022-01-11
21,GP07421U,2114326,찬성,2022-01-11
21,FGI27280,2114326,찬성,2022-01-11
21,USR7059P,2114326,찬성,2022-01-11
21,4XG1439M,2114326,찬성,2022-01-11
21,P2N50879,2114326,찬성,2022-01-11
21,A0P4646G,2114326,찬성,2022-01-11
21,A2V51235,2114326,찬성,2022-01-11
21,7I09543O,2114326,찬성,2022-01-11
21,1X376850,2114326,찬성,2022-01-11
21,3DK8989T,2114326,불참,2022-01-11
21,7469929V,2114326,불참,2022-01-11
21,D4L60530,2114326,찬성,2022-01-11
21,M6H1705E,2114326,찬성,2022-01-11
21,OFE45081,2114326,찬성,2022-01-11
21,09I2323E,2114326,찬성,2022-01-11
21,NTT8182Q,2114326,찬성,2022-01-11
21,A3H7195R,2114326,찬성,2022-01-11
21,ZYH1940A,2114326,불참,2022-01-11
21,0VU8517U,2114326,불참,2022-01-11
21,M0A1658U,2114326,찬성,2022-01-11
21,HSW1214Q,2114326,찬성,2022-01-11
21,NZF1659U,2114326,찬성,2022-01-11
21,WDS6044S,2114326,찬성,2022-01-11
21,3BC6890E,2114326,찬성,2022-01-11
21,ZDR63255,2114326,찬성,2022-01-11
21,KR14136C,2114326,찬성,2022-01-11
21,SRP7336N,2114326,불참,2022-01-11
21,5765663F,2114326,찬성,2022-01-11
21,GFF1986K,2114326,찬성,2022-01-11
21,ZKU88693,2114326,찬성,2022-01-11
21,5KV96424,2114326,찬성,2022-01-11
21,KNM3215T,2114326,찬성,2022-01-11
21,60490713,2114326,찬성,2022-01-11
21,UM51067K,2114326,찬성,2022-01-11
21,HKJ99607,2114326,찬성,2022-01-11
21,1WE5693J,2114326,찬성,2022-01-11
21,X3170462,2114326,찬성,2022-01-11
21,MY318392,2114326,불참,2022-01-11
21,8FB1535Y,2114326,찬성,2022-01-11
21,4T026790,2114326,찬성,2022-01-11
21,EH27538E,2114326,찬성,2022-01-11
21,SU53086M,2114326,불참,2022-01-11
21,0WL9321T,2114326,찬성,2022-01-11
21,PZA4062H,2114326,찬성,2022-01-11
21,MR210505,2114326,불참,2022-01-11
21,GF286398,2114326,찬성,2022-01-11
21,8348421R,2114326,찬성,2022-01-11
21,H5476989,2114326,찬성,2022-01-11
21,40E3739H,2114326,찬성,2022-01-11
21,HXT76735,2114326,찬성,2022-01-11
21,RPN2293B,2114326,찬성,2022-01-11
21,0R68099X,2114326,찬성,2022-01-11
21,V429892C,2114326,찬성,2022-01-11
21,2385336L,2114326,찬성,2022-01-11
21,IN328264,2114326,찬성,2022-01-11
21,XBT9550Q,2114326,불참,2022-01-11
21,ZA54991S,2114326,찬성,2022-01-11
21,MO52543L,2114326,불참,2022-01-11
21,0827740Q,2114326,찬성,2022-01-11
21,0W194007,2114326,찬성,2022-01-11
21,X1K3667J,2114326,찬성,2022-01-11
21,WMG57662,2114326,찬성,2022-01-11
21,NCP9875N,2114326,불참,2022-01-11
21,I5I2468R,2114326,찬성,2022-01-11
21,WTR5885Y,2114326,불참,2022-01-11
21,L5P27909,2114326,불참,2022-01-11
21,3425169D,2114326,찬성,2022-01-11
21,IOW1101J,2114326,불참,2022-01-11
21,ICH23251,2114326,찬성,2022-01-11
21,25I8709Q,2114326,찬성,2022-01-11
21,OIA3741M,2114326,찬성,2022-01-11
21,6MO8786S,2114326,찬성,2022-01-11
21,XWX1513T,2114326,찬성,2022-01-11
21,PAO22428,2114326,불참,2022-01-11
21,BLC8630L,2114326,찬성,2022-01-11
21,NQR1206Q,2114326,찬성,2022-01-11
21,LG63087O,2114326,불참,2022-01-11
21,NAL4555X,2114326,불참,2022-01-11
21,OW53107J,2114326,찬성,2022-01-11
21,PEP6922S,2114326,찬성,2022-01-11
21,VG24001G,2114326,불참,2022-01-11
21,L2I9861C,2114326,찬성,2022-01-11
21,WCD5518S,2114326,찬성,2022-01-11
21,SVH3899R,2114326,찬성,2022-01-11
21,I434361W,2114326,찬성,2022-01-11
21,IOW8224X,2114326,찬성,2022-01-11
21,9JF4562W,2114326,찬성,2022-01-11
21,Y7K5946R,2114326,찬성,2022-01-11
21,Z7Y7827F,2114326,찬성,2022-01-11
21,ATB59635,2114326,찬성,2022-01-11
21,SBK1544B,2114326,불참,2022-01-11
21,KUO3574J,2114326,찬성,2022-01-11
21,D6U6678O,2114326,찬성,2022-01-11
21,FU87526G,2114326,찬성,2022-01-11
21,8SV6917G,2114326,찬성,2022-01-11
21,8FC9697X,2114326,찬성,2022-01-11
21,QKO6165V,2114326,찬성,2022-01-11
21,GD131760,2114326,찬성,2022-01-11
21,ZRF3039U,2114326,찬성,2022-01-11
21,68P7228G,2114326,찬성,2022-01-11
21,P0F1530P,2114326,불참,2022-01-11
21,XPP2564T,2114326,불참,2022-01-11
21,FRN1867O,2114326,찬성,2022-01-11
21,LQW3652K,2114326,불참,2022-01-11
21,RO593601,2114326,찬성,2022-01-11
21,PFG2137X,2114326,찬성,2022-01-11
21,UB114374,2114326,불참,2022-01-11
21,GAV6441G,2114326,찬성,2022-01-11
21,0YT3774N,2114326,찬성,2022-01-11
21,7JC3239L,2114326,찬성,2022-01-11
21,40S1959J,2114326,찬성,2022-01-11
21,IL74008M,2114326,찬성,2022-01-11
21,8KF7223D,2114326,불참,2022-01-11
21,8P37634C,2114326,찬성,2022-01-11
21,N4R2421C,2114326,찬성,2022-01-11
21,3C23171A,2114326,찬성,2022-01-11
21,GDG1847Z,2114326,찬성,2022-01-11
21,P2N4585G,2114326,불참,2022-01-11
21,O7R5461J,2114326,찬성,2022-01-11
21,TVF3669B,2114326,불참,2022-01-11
21,JMY9959W,2114326,찬성,2022-01-11
21,7R156073,2114326,불참,2022-01-11
21,6AR6743G,2114326,찬성,2022-01-11
21,VCP96419,2114326,찬성,2022-01-11
21,8VJ8533R,2114326,불참,2022-01-11
21,B7D7534L,2114326,찬성,2022-01-11
21,GX22581L,2114326,찬성,2022-01-11
21,SE233396,2114326,찬성,2022-01-11
21,AFH96856,2114326,찬성,2022-01-11
21,52P3934K,2114326,찬성,2022-01-11
21,B7H6207C,2114326,찬성,2022-01-11
21,6399076T,2114326,찬성,2022-01-11
21,4U29186R,2114326,찬성,2022-01-11
21,F5Y4026Q,2114326,찬성,2022-01-11
21,WHV3448W,2114326,불참,2022-01-11
21,1Y73132H,2114326,찬성,2022-01-11
21,I0S53762,2114326,불참,2022-01-11
21,LH97552Q,2114326,찬성,2022-01-11
21,TKJ4800F,2114326,찬성,2022-01-11
21,O6D8329R,2114326,찬성,2022-01-11
21,04T3751T,2114326,불참,2022-01-11
21,MSY7784L,2114326,찬성,2022-01-11
21,EVH1507C,2114326,찬성,2022-01-11
21,K5F2023J,2114326,찬성,2022-01-11
21,14M56632,2114326,불참,2022-01-11
21,N9X9673B,2114326,찬성,2022-01-11
21,5MD4184K,2114326,찬성,2022-01-11
21,DPZ7685X,2114326,찬성,2022-01-11
21,6U243644,2114326,찬성,2022-01-11
21,E9R4507P,2114326,찬성,2022-01-11
21,UHB5553T,2114326,찬성,2022-01-11
21,J9S37905,2114326,불참,2022-01-11
21,A494529E,2114326,찬성,2022-01-11
21,CAA7713A,2114326,찬성,2022-01-11
21,0PK7354M,2114326,찬성,2022-01-11
21,O0I2045I,2114326,찬성,2022-01-11
21,CZB4125D,2114326,찬성,2022-01-11
21,Z6R3959C,2114326,찬성,2022-01-11
21,QUM8288K,2114326,불참,2022-01-11
21,UGH6481E,2114326,찬성,2022-01-11
21,W4X85128,2114326,찬성,2022-01-11
21,CFE3998F,2114326,찬성,2022-01-11
21,JZY9937U,2114326,찬성,2022-01-11
21,MRK4871S,2114326,찬성,2022-01-11
21,YKW37422,2114326,불참,2022-01-11
21,2NV6751W,2114326,찬성,2022-01-11
21,M7O7878U,2114326,찬성,2022-01-11
21,YLS4431M,2114326,찬성,2022-01-11
21,MNZ4401T,2114326,불참,2022-01-11
21,3ZR4438W,2114326,불참,2022-01-11
21,HSS7466Y,2114326,찬성,2022-01-11
21,16D7652C,2114326,불참,2022-01-11
21,KB04377U,2114326,찬성,2022-01-11
21,FU53642G,2114326,찬성,2022-01-11
21,MLH1404S,2114326,찬성,2022-01-11
21,8VY63414,2114326,찬성,2022-01-11
21,JEZ3130Q,2114326,찬성,2022-01-11
21,BCQ55105,2114326,불참,2022-01-11
21,9L57027L,2114326,찬성,2022-01-11
21,GOC54665,2114326,불참,2022-01-11
21,5UN9725L,2114326,불참,2022-01-11
21,LJK4960Z,2114326,찬성,2022-01-11
21,K3W33496,2114326,찬성,2022-01-11
21,M2Q9024I,2114326,찬성,2022-01-11
21,DBA1057Z,2114326,불참,2022-01-11
21,CI15627C,2114326,찬성,2022-01-11
21,21N57758,2114326,불참,2022-01-11
21,C7E79345,2114326,불참,2022-01-11
21,4019850M,2114326,찬성,2022-01-11
21,UQ282145,2114326,불참,2022-01-11
21,9YO73104,2114326,찬성,2022-01-11
21,TRE2429O,2114326,불참,2022-01-11
21,E6U4345C,2114326,찬성,2022-01-11
21,7BM2933Y,2114326,찬성,2022-01-11
21,CDL93608,2114326,불참,2022-01-11
21,2UD1340H,2114326,기권,2022-01-11
21,9VR65006,2114326,찬성,2022-01-11
21,EMC8812P,2114326,찬성,2022-01-11
21,XJC13432,2114326,불참,2022-01-11
21,D0C85236,2114326,찬성,2022-01-11
21,XSP20229,2114326,찬성,2022-01-11
21,T465023H,2114326,찬성,2022-01-11
21,3RW63706,2114326,기권,2022-01-11
21,RQQ3807K,2114326,찬성,2022-01-11
21,FH777496,2114326,찬성,2022-01-11
21,FYI20317,2114326,불참,2022-01-11
21,8X15119P,2114326,불참,2022-01-11
21,ZYP7962W,2114326,찬성,2022-01-11
21,CNW5754J,2114326,찬성,2022-01-11
21,3249208I,2114326,찬성,2022-01-11
21,GX38539O,2114326,찬성,2022-01-11
21,8Q88373R,2114326,불참,2022-01-11
21,XEF29171,2114326,찬성,2022-01-11
21,WVU2479T,2114326,찬성,2022-01-11
21,9D939735,2114326,찬성,2022-01-11
21,QTW6852F,2114326,불참,2022-01-11
21,7XY7109I,2114326,찬성,2022-01-11
21,TST4507I,2114326,찬성,2022-01-11
21,JC14718Q,2114326,찬성,2022-01-11
21,5KV82250,2114326,불참,2022-01-11
21,DAV7257X,2114326,찬성,2022-01-11
21,LT72093S,2114326,찬성,2022-01-11
21,GE71932C,2114326,찬성,2022-01-11
21,6YT83269,2114326,불참,2022-01-11
21,1MU99298,2114326,찬성,2022-01-11
21,17M85910,2114326,찬성,2022-01-11
21,G152611B,2114326,찬성,2022-01-11
21,I7R13867,2114326,찬성,2022-01-11
21,SQ36001H,2114326,찬성,2022-01-11
21,G1570880,2114326,찬성,2022-01-11
21,9LD2641Q,2114326,찬성,2022-01-11
21,FOK3459D,2114326,찬성,2022-01-11
21,QUO78839,2114326,찬성,2022-01-11
21,BT62420K,2114326,찬성,2022-01-11
21,MD083627,2114326,불참,2022-01-11
21,TZP9391O,2114326,찬성,2022-01-11
21,B7R2742J,2114326,찬성,2022-01-11
21,FJK3396E,2114326,찬성,2022-01-11
21,71J2365L,2114326,불참,2022-01-11
21,7O71647Z,2114326,찬성,2022-01-11
21,W1Q6753M,2114326,찬성,2022-01-11
21,E1J8836Y,2114326,불참,2022-01-11
21,RD42006Y,2114326,불참,2022-01-11
21,6EN68926,2114326,찬성,2022-01-11
21,1BX7234U,2114326,찬성,2022-01-11
21,QHL3248U,2114326,불참,2022-01-11
21,TJW93720,2114326,찬성,2022-01-11
21,9S151177,2114326,불참,2022-01-11
21,TZ228122,2114326,찬성,2022-01-11
21,XA42275R,2114326,불참,2022-01-11
21,S824682L,2114326,찬성,2022-01-11
21,DAN6731C,2114326,찬성,2022-01-11
21,F5U2979W,2123359,불참,2024-01-09
21,DWK26447,2123359,찬성,2024-01-09
21,NUB4941Z,2123359,찬성,2024-01-09
21,YTA7297R,2123359,찬성,2024-01-09
21,4X525582,2123359,불참,2024-01-09
21,G7512472,2123359,불참,2024-01-09
21,3TO11703,2123359,찬성,2024-01-09
21,S741317G,2123359,찬성,2024-01-09
21,QD25323M,2123359,불참,2024-01-09
21,JVB6983V,2123359,찬성,2024-01-09
21,DAY6557K,2123359,찬성,2024-01-09
21,4XG1439M,2123359,찬성,2024-01-09
21,P2N50879,2123359,찬성,2024-01-09
21,A0P4646G,2123359,불참,2024-01-09
21,A2V51235,2123359,찬성,2024-01-09
21,7I09543O,2123359,찬성,2024-01-09
21,3DK8989T,2123359,불참,2024-01-09
21,OFE45081,2123359,기권,2024-01-09
21,09I2323E,2123359,찬성,2024-01-09
21,ZYH1940A,2123359,불참,2024-01-09
21,M0A1658U,2123359,불참,2024-01-09
21,HSW1214Q,2123359,찬성,2024-01-09
21,3BC6890E,2123359,찬성,2024-01-09
21,ZDR63255,2123359,찬성,2024-01-09
21,5765663F,2123359,찬성,2024-01-09
21,GFF1986K,2123359,찬성,2024-01-09
21,ZKU88693,2123359,불참,2024-01-09
21,WJL30106,2123359,불참,2024-01-09
21,5KV96424,2123359,찬성,2024-01-09
21,M7T9712V,2123359,찬성,2024-01-09
21,60490713,2123359,찬성,2024-01-09
21,UM51067K,2123359,찬성,2024-01-09
21,1WE5693J,2123359,불참,2024-01-09
21,X3170462,2123359,불참,2024-01-09
21,8FB1535Y,2123359,찬성,2024-01-09
21,4T026790,2123359,찬성,2024-01-09
21,EH27538E,2123359,찬성,2024-01-09
21,WFU14784,2123359,찬성,2024-01-09
21,SU53086M,2123359,찬성,2024-01-09
21,0WL9321T,2123359,찬성,2024-01-09
21,PZA4062H,2123359,찬성,2024-01-09
21,8348421R,2123359,찬성,2024-01-09
21,JQA21112,2123359,찬성,2024-01-09
21,4L695580,2123359,불참,2024-01-09
21,RPN2293B,2123359,찬성,2024-01-09
21,MQU41854,2123359,불참,2024-01-09
21,V429892C,2123359,찬성,2024-01-09
21,IN328264,2123359,불참,2024-01-09
21,XBT9550Q,2123359,불참,2024-01-09
21,ZA54991S,2123359,찬성,2024-01-09
21,0827740Q,2123359,찬성,2024-01-09
21,0W194007,2123359,찬성,2024-01-09
21,WMG57662,2123359,찬성,2024-01-09
21,NCP9875N,2123359,찬성,2024-01-09
21,I5I2468R,2123359,찬성,2024-01-09
21,3425169D,2123359,찬성,2024-01-09
21,OIA3741M,2123359,찬성,2024-01-09
21,CT85313K,2123359,찬성,2024-01-09
21,BLC8630L,2123359,찬성,2024-01-09
21,NQR1206Q,2123359,찬성,2024-01-09
21,LG63087O,2123359,찬성,2024-01-09
21,VG24001G,2123359,찬성,2024-01-09
21,WCD5518S,2123359,찬성,2024-01-09
21,SVH3899R,2123359,찬성,2024-01-09
21,IOW8224X,2123359,찬성,2024-01-09
21,9JF4562W,2123359,찬성,2024-01-09
21,Y7K5946R,2123359,찬성,2024-01-09
21,KUO3574J,2123359,찬성,2024-01-09
21,D6U6678O,2123359,불참,2024-01-09
21,S9U45255,2123359,찬성,2024-01-09
21,8FC9697X,2123359,찬성,2024-01-09
21,QKO6165V,2123359,불참,2024-01-09
21,GD131760,2123359,찬성,2024-01-09
21,ZRF3039U,2123359,찬성,2024-01-09
21,68P7228G,2123359,찬성,2024-01-09
21,P0F1530P,2123359,불참,2024-01-09
21,XPP2564T,2123359,찬성,2024-01-09
21,FRN1867O,2123359,불참,2024-01-09
21,LQW3652K,2123359,불참,2024-01-09
21,GAV6441G,2123359,찬성,2024-01-09
21,0YT3774N,2123359,찬성,2024-01-09
21,40S1959J,2123359,찬성,2024-01-09
21,IL74008M,2123359,찬성,2024-01-09
21,8KF7223D,2123359,불참,2024-01-09
21,8P37634C,2123359,불참,2024-01-09
21,CNZ51556,2123359,찬성,2024-01-09
21,N4R2421C,2123359,찬성,2024-01-09
21,3C23171A,2123359,찬성,2024-01-09
21,P2N4585G,2123359,불참,2024-01-09
21,JMY9959W,2123359,불참,2024-01-09
21,7R156073,2123359,불참,2024-01-09
21,6AR6743G,2123359,불참,2024-01-09
21,VCP96419,2123359,찬성,2024-01-09
21,8VJ8533R,2123359,찬성,2024-01-09
21,B7D7534L,2123359,불참,2024-01-09
21,GX22581L,2123359,찬성,2024-01-09
21,SE233396,2123359,찬성,2024-01-09
21,AFH96856,2123359,불참,2024-01-09
21,52P3934K,2123359,찬성,2024-01-09
21,B7H6207C,2123359,찬성,2024-01-09
21,6399076T,2123359,찬성,2024-01-09
21,4U29186R,2123359,불참,2024-01-09
21,F5Y4026Q,2123359,찬성,2024-01-09
21,WHV3448W,2123359,찬성,2024-01-09
21,6RD62559,2123359,찬성,2024-01-09
21,1Y73132H,2123359,불참,2024-01-09
21,I0S53762,2123359,찬성,2024-01-09
21,TKJ4800F,2123359,찬성,2024-01-09
21,O6D8329R,2123359,찬성,2024-01-09
21,MSY7784L,2123359,찬성,2024-01-09
21,N9X9673B,2123359,찬성,2024-01-09
21,5MD4184K,2123359,불참,2024-01-09
21,5K93695T,2123359,찬성,2024-01-09
21,DPZ7685X,2123359,찬성,2024-01-09
21,E9R4507P,2123359,찬성,2024-01-09
21,UHB5553T,2123359,불참,2024-01-09
21,J9S37905,2123359,불참,2024-01-09
21,VRY5522V,2123359,찬성,2024-01-09
21,CAA7713A,2123359,찬성,2024-01-09
21,0PK7354M,2123359,찬성,2024-01-09
21,O0I2045I,2123359,찬성,2024-01-09
21,CZB4125D,2123359,불참,2024-01-09
21,Z6R3959C,2123359,찬성,2024-01-09
21,UGH6481E,2123359,찬성,2024-01-09
21,JZY9937U,2123359,불참,2024-01-09
21,YKW37422,2123359,기권,2024-01-09
21,2NV6751W,2123359,불참,2024-01-09
21,BM63269Y,2123359,찬성,2024-01-09
21,3ZR4438W,2123359,찬성,2024-01-09
21,FU53642G,2123359,찬성,2024-01-09
21,8VY63414,2123359,찬성,2024-01-09
21,JEZ3130Q,2123359,불참,2024-01-09
21,BCQ55105,2123359,불참,2024-01-09
21,5UN9725L,2123359,찬성,2024-01-09
21,IUD9392R,2123359,불참,2024-01-09
21,M2Q9024I,2123359,불참,2024-01-09
21,DBA1057Z,2123359,불참,2024-01-09
21,UQ282145,2123359,불참,2024-01-09
21,TRE2429O,2123359,찬성,2024-01-09
21,E6U4345C,2123359,찬성,2024-01-09
21,7BM2933Y,2123359,찬성,2024-01-09
21,CDL93608,2123359,불참,2024-01-09
21,9VR65006,2123359,찬성,2024-01-09
21,EMC8812P,2123359,찬성,2024-01-09
21,XJC13432,2123359,찬성,2024-01-09
21,T465023H,2123359,찬성,2024-01-09
21,3RW63706,2123359,찬성,2024-01-09
21,RQQ3807K,2123359,불참,2024-01-09
21,FH777496,2123359,찬성,2024-01-09
21,ZYP7962W,2123359,찬성,2024-01-09
21,CNW5754J,2123359,찬성,2024-01-09
21,3249208I,2123359,찬성,2024-01-09
21,GX38539O,2123359,찬성,2024-01-09
21,8Q88373R,2123359,불참,2024-01-09
21,XEF29171,2123359,찬성,2024-01-09
21,9D939735,2123359,불참,2024-01-09
21,QTW6852F,2123359,찬성,2024-01-09
21,JC14718Q,2123359,찬성,2024-01-09
21,5KV82250,2123359,찬성,2024-01-09
21,LT72093S,2123359,찬성,2024-01-09
21,FDC3144T,2123359,찬성,2024-01-09
21,G152611B,2123359,찬성,2024-01-09
21,I7R13867,2123359,불참,2024-01-09
21,SQ36001H,2123359,찬성,2024-01-09
21,G1570880,2123359,불참,2024-01-09
21,9LD2641Q,2123359,찬성,2024-01-09
21,LPB30152,2123359,찬성,2024-01-09
21,MD083627,2123359,찬성,2024-01-09
21,OSV9142K,2123359,찬성,2024-01-09
21,B7R2742J,2123359,찬성,2024-01-09
21,ZDP5704Q,2123359,찬성,2024-01-09
21,71J2365L,2123359,찬성,2024-01-09
21,7O71647Z,2123359,찬성,2024-01-09
21,W1Q6753M,2123359,찬성,2024-01-09
21,E1J8836Y,2123359,찬성,2024-01-09
21,RD42006Y,2123359,찬성,2024-01-09
21,6EN68926,2123359,찬성,2024-01-09
21,QHL3248U,2123359,찬성,2024-01-09
21,TJW93720,2123359,찬성,2024-01-09
21,9S151177,2123359,불참,2024-01-09
21,9V18755A,2123359,찬성,2024-01-09
21,XA42275R,2123359,찬성,2024-01-09
21,PO64874I,2123359,찬성,2024-01-09
21,VHK3402G,2123359,불참,2024-01-09
21,14M56632,2123359,찬성,2024-01-09
21,6U243644,2123359,찬성,2024-01-09
21,KFS1358P,2123359,찬성,2024-01-09
21,A494529E,2123359,찬성,2024-01-09
21,QUM8288K,2123359,불참,2024-01-09
21,S824682L,2123359,찬성,2024-01-09
21,W4X85128,2123359,찬성,2024-01-09
21,Q9H5708M,2123359,불참,2024-01-09
21,MRK4871S,2123359,찬성,2024-01-09
21,M7O7878U,2123359,찬성,2024-01-09
21,YLS4431M,2123359,찬성,2024-01-09
21,MNZ4401T,2123359,불참,2024-01-09
21,HSS7466Y,2123359,찬성,2024-01-09
21,16D7652C,2123359,불참,2024-01-09
21,KB04377U,2123359,찬성,2024-01-09
21,MLH1404S,2123359,불참,2024-01-09
21,XR24352K,2123359,찬성,2024-01-09
21,QQP4727N,2123359,찬성,2024-01-09
21,9L57027L,2123359,찬성,2024-01-09
21,GOC54665,2123359,찬성,2024-01-09
21,LJK4960Z,2123359,찬성,2024-01-09
21,K3W33496,2123359,찬성,2024-01-09
21,NCO99988,2123359,찬성,2024-01-09
21,CI15627C,2123359,불참,2024-01-09
21,C7E79345,2123359,불참,2024-01-09
21,4019850M,2123359,찬성,2024-01-09
21,9YO73104,2123359,찬성,2024-01-09
21,2UD1340H,2123359,찬성,2024-01-09
21,X7I4680R,2123359,찬성,2024-01-09
21,XSP20229,2123359,찬성,2024-01-09
21,FYI20317,2123359,찬성,2024-01-09
21,8X15119P,2123359,찬성,2024-01-09
21,WVU2479T,2123359,찬성,2024-01-09
21,7XY7109I,2123359,찬성,2024-01-09
21,TST4507I,2123359,찬성,2024-01-09
21,L7J93733,2123359,찬성,2024-01-09
21,DAV7257X,2123359,찬성,2024-01-09
21,GE71932C,2123359,찬성,2024-01-09
21,6YT83269,2123359,찬성,2024-01-09
21,1MU99298,2123359,찬성,2024-01-09
21,17M85910,2123359,찬성,2024-01-09
21,FOK3459D,2123359,찬성,2024-01-09
21,QUO78839,2123359,찬성,2024-01-09
21,BT62420K,2123359,불참,2024-01-09
21,TZP9391O,2123359,찬성,2024-01-09
21,6V37131U,2123359,찬성,2024-01-09
21,FJK3396E,2123359,찬성,2024-01-09
21,1BX7234U,2123359,찬성,2024-01-09
21,TZ228122,2123359,찬성,2024-01-09
21,LBC8144B,2123359,찬성,2024-01-09
21,YOG1280B,2123359,찬성,2024-01-09
21,FIC9046Z,2123359,찬성,2024-01-09
21,KFM1081G,2123359,찬성,2024-01-09
21,F0I5053J,2123359,찬성,2024-01-09
21,MSO2590I,2123359,찬성,2024-01-09
21,NLR6572J,2123359,찬성,2024-01-09
21,L7T64271,2123359,찬성,2024-01-09
21,GKD32201,2123359,찬성,2024-01-09
21,CCU1009B,2123359,불참,2024-01-09
21,MU69217P,2123359,찬성,2024-01-09
21,2N793392,2123359,찬성,2024-01-09
21,LM13674V,2123359,찬성,2024-01-09
21,GP07421U,2123359,찬성,2024-01-09
21,FGI27280,2123359,불참,2024-01-09
21,USR7059P,2123359,찬성,2024-01-09
21,7469929V,2123359,찬성,2024-01-09
21,D4L60530,2123359,찬성,2024-01-09
21,M6H1705E,2123359,찬성,2024-01-09
21,NTT8182Q,2123359,찬성,2024-01-09
21,A3H7195R,2123359,찬성,2024-01-09
21,0VU8517U,2123359,불참,2024-01-09
21,NZF1659U,2123359,찬성,2024-01-09
21,WDS6044S,2123359,찬성,2024-01-09
21,KR14136C,2123359,찬성,2024-01-09
21,KNM3215T,2123359,찬성,2024-01-09
21,HKJ99607,2123359,찬성,2024-01-09
21,MY318392,2123359,찬성,2024-01-09
21,MR210505,2123359,불참,2024-01-09
21,GF286398,2123359,불참,2024-01-09
21,H5476989,2123359,불참,2024-01-09
21,40E3739H,2123359,찬성,2024-01-09
21,6FS10566,2123359,찬성,2024-01-09
21,HXT76735,2123359,찬성,2024-01-09
21,0R68099X,2123359,불참,2024-01-09
21,6RM29022,2123359,찬성,2024-01-09
21,2385336L,2123359,찬성,2024-01-09
21,MO52543L,2123359,찬성,2024-01-09
21,X1K3667J,2123359,찬성,2024-01-09
21,WTR5885Y,2123359,불참,2024-01-09
21,IOW1101J,2123359,찬성,2024-01-09
21,25I8709Q,2123359,찬성,2024-01-09
21,6MO8786S,2123359,찬성,2024-01-09
21,XWX1513T,2123359,불참,2024-01-09
21,OW53107J,2123359,찬성,2024-01-09
21,PEP6922S,2123359,불참,2024-01-09
21,DAN6731C,2123359,불참,2024-01-09
21,L2I9861C,2123359,불참,2024-01-09
21,Z7Y7827F,2123359,찬성,2024-01-09
21,ATB59635,2123359,찬성,2024-01-09
21,FU87526G,2123359,찬성,2024-01-09
21,8SV6917G,2123359,찬성,2024-01-09
21,V0O5343U,2123359,불참,2024-01-09
21,RO593601,2123359,찬성,2024-01-09
21,PFG2137X,2123359,찬성,2024-01-09
21,UB114374,2123359,찬성,2024-01-09
21,7JC3239L,2123359,찬성,2024-01-09
21,GDG1847Z,2123359,찬성,2024-01-09
21,O7R5461J,2123359,찬성,2024-01-09
21,J2O8643H,2123359,찬성,2024-01-09
21,6AU2417B,2123359,찬성,2024-01-09
21,LH97552Q,2123359,찬성,2024-01-09
21,04T3751T,2123359,불참,2024-01-09
21,EVH1507C,2123359,찬성,2024-01-09
21,K5F2023J,2123359,찬성,2024-01-09
21,B7H6207C,2114734,찬성,2022-02-14
21,4U29186R,2114734,찬성,2022-02-14
21,F5Y4026Q,2114734,찬성,2022-02-14
21,LH97552Q,2114734,찬성,2022-02-14
21,EVH1507C,2114734,찬성,2022-02-14
21,N9X9673B,2114734,찬성,2022-02-14
21,5K93695T,2114734,찬성,2022-02-14
21,DPZ7685X,2114734,찬성,2022-02-14
21,UHB5553T,2114734,찬성,2022-02-14
21,KFS1358P,2114734,찬성,2022-02-14
21,VRY5522V,2114734,찬성,2022-02-14
21,CAA7713A,2114734,찬성,2022-02-14
21,QUM8288K,2114734,찬성,2022-02-14
21,Q9H5708M,2114734,찬성,2022-02-14
21,CFE3998F,2114734,불참,2022-02-14
21,YKW37422,2114734,불참,2022-02-14
21,2NV6751W,2114734,찬성,2022-02-14
21,BM63269Y,2114734,불참,2022-02-14
21,YLS4431M,2114734,불참,2022-02-14
21,3ZR4438W,2114734,불참,2022-02-14
21,16D7652C,2114734,찬성,2022-02-14
21,XR24352K,2114734,찬성,2022-02-14
21,QQP4727N,2114734,불참,2022-02-14
21,GOC54665,2114734,불참,2022-02-14
21,DBA1057Z,2114734,불참,2022-02-14
21,CI15627C,2114734,찬성,2022-02-14
21,C7E79345,2114734,불참,2022-02-14
21,UQ282145,2114734,찬성,2022-02-14
21,9YO73104,2114734,찬성,2022-02-14
21,TRE2429O,2114734,불참,2022-02-14
21,2UD1340H,2114734,불참,2022-02-14
21,9VR65006,2114734,불참,2022-02-14
21,X7I4680R,2114734,찬성,2022-02-14
21,EMC8812P,2114734,찬성,2022-02-14
21,XJC13432,2114734,찬성,2022-02-14
21,XSP20229,2114734,찬성,2022-02-14
21,T465023H,2114734,찬성,2022-02-14
21,8X15119P,2114734,찬성,2022-02-14
21,ZYP7962W,2114734,찬성,2022-02-14
21,CNW5754J,2114734,불참,2022-02-14
21,9D939735,2114734,불참,2022-02-14
21,TST4507I,2114734,찬성,2022-02-14
21,JC14718Q,2114734,찬성,2022-02-14
21,5KV82250,2114734,찬성,2022-02-14
21,6YT83269,2114734,찬성,2022-02-14
21,1MU99298,2114734,찬성,2022-02-14
21,FDC3144T,2114734,찬성,2022-02-14
21,G152611B,2114734,찬성,2022-02-14
21,I7R13867,2114734,찬성,2022-02-14
21,9LD2641Q,2114734,불참,2022-02-14
21,FOK3459D,2114734,찬성,2022-02-14
21,QUO78839,2114734,불참,2022-02-14
21,LPB30152,2114734,찬성,2022-02-14
21,6V37131U,2114734,찬성,2022-02-14
21,E1J8836Y,2114734,찬성,2022-02-14
21,6EN68926,2114734,찬성,2022-02-14
21,1BX7234U,2114734,불참,2022-02-14
21,QHL3248U,2114734,찬성,2022-02-14
21,9S151177,2114734,불참,2022-02-14
21,TZ228122,2114734,찬성,2022-02-14
21,9V18755A,2114734,찬성,2022-02-14
21,XA42275R,2114734,찬성,2022-02-14
21,JNL7001A,2114734,찬성,2022-02-14
21,GKD32201,2114734,불참,2022-02-14
21,S741317G,2114734,찬성,2022-02-14
21,CCU1009B,2114734,찬성,2022-02-14
21,2N793392,2114734,찬성,2022-02-14
21,QD25323M,2114734,찬성,2022-02-14
21,GP07421U,2114734,찬성,2022-02-14
21,USR7059P,2114734,찬성,2022-02-14
21,P2N50879,2114734,찬성,2022-02-14
21,1X376850,2114734,불참,2022-02-14
21,D4L60530,2114734,찬성,2022-02-14
21,A3H7195R,2114734,찬성,2022-02-14
21,ZYH1940A,2114734,찬성,2022-02-14
21,0VU8517U,2114734,불참,2022-02-14
21,M0A1658U,2114734,찬성,2022-02-14
21,HSW1214Q,2114734,찬성,2022-02-14
21,ZDR63255,2114734,찬성,2022-02-14
21,SRP7336N,2114734,불참,2022-02-14
21,5765663F,2114734,찬성,2022-02-14
21,GFF1986K,2114734,찬성,2022-02-14
21,WJL30106,2114734,불참,2022-02-14
21,5KV96424,2114734,찬성,2022-02-14
21,M7T9712V,2114734,불참,2022-02-14
21,60490713,2114734,찬성,2022-02-14
21,HKJ99607,2114734,찬성,2022-02-14
21,X3170462,2114734,불참,2022-02-14
21,MY318392,2114734,찬성,2022-02-14
21,SU53086M,2114734,불참,2022-02-14
21,MR210505,2114734,불참,2022-02-14
21,GF286398,2114734,찬성,2022-02-14
21,JQA21112,2114734,불참,2022-02-14
21,4L695580,2114734,찬성,2022-02-14
21,HXT76735,2114734,불참,2022-02-14
21,RPN2293B,2114734,찬성,2022-02-14
21,V429892C,2114734,찬성,2022-02-14
21,4A067125,2114734,불참,2022-02-14
21,ZA54991S,2114734,불참,2022-02-14
21,0827740Q,2114734,찬성,2022-02-14
21,X1K3667J,2114734,찬성,2022-02-14
21,I5I2468R,2114734,찬성,2022-02-14
21,6MO8786S,2114734,찬성,2022-02-14
21,XWX1513T,2114734,찬성,2022-02-14
21,CT85313K,2114734,불참,2022-02-14
21,PAO22428,2114734,불참,2022-02-14
21,DAN6731C,2114734,찬성,2022-02-14
21,L2I9861C,2114734,찬성,2022-02-14
21,WCD5518S,2114734,찬성,2022-02-14
21,SVH3899R,2114734,찬성,2022-02-14
21,Z7Y7827F,2114734,찬성,2022-02-14
21,KUO3574J,2114734,찬성,2022-02-14
21,S9U45255,2114734,불참,2022-02-14
21,GD131760,2114734,불참,2022-02-14
21,V0O5343U,2114734,불참,2022-02-14
21,FRN1867O,2114734,찬성,2022-02-14
21,PFG2137X,2114734,불참,2022-02-14
21,7JC3239L,2114734,찬성,2022-02-14
21,CNZ51556,2114734,찬성,2022-02-14
21,GDG1847Z,2114734,불참,2022-02-14
21,O7R5461J,2114734,불참,2022-02-14
21,TVF3669B,2114734,찬성,2022-02-14
21,J2O8643H,2114734,찬성,2022-02-14
21,6AU2417B,2114734,찬성,2022-02-14
21,SE233396,2114734,찬성,2022-02-14
21,AFH96856,2114734,찬성,2022-02-14
21,FIC9046Z,2114734,찬성,2022-02-14
21,L7T64271,2114734,찬성,2022-02-14
21,4X525582,2114734,불참,2022-02-14
21,G7512472,2114734,찬성,2022-02-14
21,3TO11703,2114734,찬성,2022-02-14
21,MU69217P,2114734,찬성,2022-02-14
21,66W6739S,2114734,찬성,2022-02-14
21,LM13674V,2114734,찬성,2022-02-14
21,DAY6557K,2114734,찬성,2022-02-14
21,FGI27280,2114734,찬성,2022-02-14
21,4XG1439M,2114734,찬성,2022-02-14
21,A0P4646G,2114734,찬성,2022-02-14
21,A2V51235,2114734,찬성,2022-02-14
21,7I09543O,2114734,찬성,2022-02-14
21,3DK8989T,2114734,불참,2022-02-14
21,7469929V,2114734,찬성,2022-02-14
21,M6H1705E,2114734,찬성,2022-02-14
21,OFE45081,2114734,찬성,2022-02-14
21,09I2323E,2114734,찬성,2022-02-14
21,NTT8182Q,2114734,찬성,2022-02-14
21,NZF1659U,2114734,찬성,2022-02-14
21,WDS6044S,2114734,찬성,2022-02-14
21,3BC6890E,2114734,불참,2022-02-14
21,KR14136C,2114734,찬성,2022-02-14
21,ZKU88693,2114734,찬성,2022-02-14
21,KNM3215T,2114734,불참,2022-02-14
21,UM51067K,2114734,찬성,2022-02-14
21,1WE5693J,2114734,찬성,2022-02-14
21,8FB1535Y,2114734,찬성,2022-02-14
21,4T026790,2114734,찬성,2022-02-14
21,EH27538E,2114734,찬성,2022-02-14
21,WFU14784,2114734,찬성,2022-02-14
21,0WL9321T,2114734,불참,2022-02-14
21,PZA4062H,2114734,찬성,2022-02-14
21,8348421R,2114734,불참,2022-02-14
21,H5476989,2114734,찬성,2022-02-14
21,40E3739H,2114734,불참,2022-02-14
21,0R68099X,2114734,찬성,2022-02-14
21,2385336L,2114734,찬성,2022-02-14
21,IN328264,2114734,불참,2022-02-14
21,XBT9550Q,2114734,찬성,2022-02-14
21,MO52543L,2114734,찬성,2022-02-14
21,0W194007,2114734,찬성,2022-02-14
21,WMG57662,2114734,찬성,2022-02-14
21,NCP9875N,2114734,찬성,2022-02-14
21,WTR5885Y,2114734,불참,2022-02-14
21,L5P27909,2114734,불참,2022-02-14
21,3425169D,2114734,찬성,2022-02-14
21,IOW1101J,2114734,불참,2022-02-14
21,ICH23251,2114734,찬성,2022-02-14
21,25I8709Q,2114734,찬성,2022-02-14
21,OIA3741M,2114734,찬성,2022-02-14
21,BLC8630L,2114734,찬성,2022-02-14
21,NQR1206Q,2114734,찬성,2022-02-14
21,LG63087O,2114734,찬성,2022-02-14
21,NAL4555X,2114734,불참,2022-02-14
21,OW53107J,2114734,찬성,2022-02-14
21,PEP6922S,2114734,찬성,2022-02-14
21,VG24001G,2114734,찬성,2022-02-14
21,I434361W,2114734,찬성,2022-02-14
21,IOW8224X,2114734,찬성,2022-02-14
21,9JF4562W,2114734,불참,2022-02-14
21,Y7K5946R,2114734,불참,2022-02-14
21,ATB59635,2114734,찬성,2022-02-14
21,SBK1544B,2114734,불참,2022-02-14
21,D6U6678O,2114734,찬성,2022-02-14
21,FU87526G,2114734,찬성,2022-02-14
21,8SV6917G,2114734,찬성,2022-02-14
21,8FC9697X,2114734,찬성,2022-02-14
21,QKO6165V,2114734,찬성,2022-02-14
21,ZRF3039U,2114734,불참,2022-02-14
21,68P7228G,2114734,찬성,2022-02-14
21,P0F1530P,2114734,찬성,2022-02-14
21,XPP2564T,2114734,불참,2022-02-14
21,LQW3652K,2114734,불참,2022-02-14
21,RO593601,2114734,찬성,2022-02-14
21,UB114374,2114734,불참,2022-02-14
21,GAV6441G,2114734,찬성,2022-02-14
21,0YT3774N,2114734,불참,2022-02-14
21,40S1959J,2114734,불참,2022-02-14
21,IL74008M,2114734,찬성,2022-02-14
21,8KF7223D,2114734,찬성,2022-02-14
21,8P37634C,2114734,찬성,2022-02-14
21,N4R2421C,2114734,불참,2022-02-14
21,3C23171A,2114734,찬성,2022-02-14
21,P2N4585G,2114734,찬성,2022-02-14
21,JMY9959W,2114734,찬성,2022-02-14
21,7R156073,2114734,불참,2022-02-14
21,6AR6743G,2114734,찬성,2022-02-14
21,VCP96419,2114734,찬성,2022-02-14
21,8VJ8533R,2114734,찬성,2022-02-14
21,B7D7534L,2114734,찬성,2022-02-14
21,GX22581L,2114734,불참,2022-02-14
21,52P3934K,2114734,찬성,2022-02-14
21,6399076T,2114734,찬성,2022-02-14
21,WHV3448W,2114734,찬성,2022-02-14
21,1Y73132H,2114734,찬성,2022-02-14
21,I0S53762,2114734,찬성,2022-02-14
21,TKJ4800F,2114734,찬성,2022-02-14
21,O6D8329R,2114734,찬성,2022-02-14
21,04T3751T,2114734,찬성,2022-02-14
21,MSY7784L,2114734,찬성,2022-02-14
21,K5F2023J,2114734,불참,2022-02-14
21,14M56632,2114734,불참,2022-02-14
21,5MD4184K,2114734,찬성,2022-02-14
21,6U243644,2114734,찬성,2022-02-14
21,E9R4507P,2114734,불참,2022-02-14
21,J9S37905,2114734,찬성,2022-02-14
21,A494529E,2114734,찬성,2022-02-14
21,0PK7354M,2114734,불참,2022-02-14
21,O0I2045I,2114734,찬성,2022-02-14
21,CZB4125D,2114734,불참,2022-02-14
21,Z6R3959C,2114734,찬성,2022-02-14
21,UGH6481E,2114734,찬성,2022-02-14
21,S824682L,2114734,찬성,2022-02-14
21,W4X85128,2114734,찬성,2022-02-14
21,JZY9937U,2114734,불참,2022-02-14
21,MRK4871S,2114734,찬성,2022-02-14
21,M7O7878U,2114734,찬성,2022-02-14
21,MNZ4401T,2114734,찬성,2022-02-14
21,HSS7466Y,2114734,찬성,2022-02-14
21,KB04377U,2114734,찬성,2022-02-14
21,FU53642G,2114734,찬성,2022-02-14
21,MLH1404S,2114734,찬성,2022-02-14
21,8VY63414,2114734,찬성,2022-02-14
21,JEZ3130Q,2114734,찬성,2022-02-14
21,BCQ55105,2114734,불참,2022-02-14
21,9L57027L,2114734,불참,2022-02-14
21,5UN9725L,2114734,불참,2022-02-14
21,LJK4960Z,2114734,찬성,2022-02-14
21,K3W33496,2114734,찬성,2022-02-14
21,M2Q9024I,2114734,찬성,2022-02-14
21,21N57758,2114734,불참,2022-02-14
21,4019850M,2114734,찬성,2022-02-14
21,E6U4345C,2114734,찬성,2022-02-14
21,7BM2933Y,2114734,찬성,2022-02-14
21,CDL93608,2114734,찬성,2022-02-14
21,D0C85236,2114734,찬성,2022-02-14
21,3RW63706,2114734,찬성,2022-02-14
21,RQQ3807K,2114734,찬성,2022-02-14
21,FH777496,2114734,찬성,2022-02-14
21,FYI20317,2114734,찬성,2022-02-14
21,3249208I,2114734,찬성,2022-02-14
21,GX38539O,2114734,찬성,2022-02-14
21,8Q88373R,2114734,찬성,2022-02-14
21,XEF29171,2114734,찬성,2022-02-14
21,WVU2479T,2114734,불참,2022-02-14
21,QTW6852F,2114734,불참,2022-02-14
21,7XY7109I,2114734,찬성,2022-02-14
21,L7J93733,2114734,찬성,2022-02-14
21,DAV7257X,2114734,찬성,2022-02-14
21,LT72093S,2114734,찬성,2022-02-14
21,GE71932C,2114734,찬성,2022-02-14
21,17M85910,2114734,찬성,2022-02-14
21,SQ36001H,2114734,찬성,2022-02-14
21,G1570880,2114734,찬성,2022-02-14
21,BT62420K,2114734,불참,2022-02-14
21,MD083627,2114734,찬성,2022-02-14
21,TZP9391O,2114734,불참,2022-02-14
21,OSV9142K,2114734,불참,2022-02-14
21,B7R2742J,2114734,찬성,2022-02-14
21,FJK3396E,2114734,찬성,2022-02-14
21,ZDP5704Q,2114734,찬성,2022-02-14
21,71J2365L,2114734,불참,2022-02-14
21,7O71647Z,2114734,찬성,2022-02-14
21,W1Q6753M,2114734,찬성,2022-02-14
21,RD42006Y,2114734,불참,2022-02-14
21,TJW93720,2114734,찬성,2022-02-14
21,PO64874I,2114734,찬성,2022-02-14
21,JNL7001A,2101755,기권,2020-09-24
21,GKD32201,2101755,불참,2020-09-24
21,3TO11703,2101755,찬성,2020-09-24
21,S741317G,2101755,찬성,2020-09-24
21,CCU1009B,2101755,찬성,2020-09-24
21,MU69217P,2101755,불참,2020-09-24
21,2N793392,2101755,찬성,2020-09-24
21,66W6739S,2101755,기권,2020-09-24
21,LM13674V,2101755,불참,2020-09-24
21,DAY6557K,2101755,찬성,2020-09-24
21,FGI27280,2101755,불참,2020-09-24
21,A0P4646G,2101755,불참,2020-09-24
21,7I09543O,2101755,찬성,2020-09-24
21,1X376850,2101755,불참,2020-09-24
21,3DK8989T,2101755,찬성,2020-09-24
21,7469929V,2101755,찬성,2020-09-24
21,D4L60530,2101755,찬성,2020-09-24
21,M6H1705E,2101755,찬성,2020-09-24
21,OFE45081,2101755,찬성,2020-09-24
21,NTT8182Q,2101755,찬성,2020-09-24
21,ZYH1940A,2101755,불참,2020-09-24
21,HSW1214Q,2101755,찬성,2020-09-24
21,NZF1659U,2101755,찬성,2020-09-24
21,WDS6044S,2101755,불참,2020-09-24
21,SRP7336N,2101755,찬성,2020-09-24
21,WJL30106,2101755,불참,2020-09-24
21,KNM3215T,2101755,찬성,2020-09-24
21,60490713,2101755,찬성,2020-09-24
21,UM51067K,2101755,찬성,2020-09-24
21,HKJ99607,2101755,찬성,2020-09-24
21,1WE5693J,2101755,찬성,2020-09-24
21,MY318392,2101755,찬성,2020-09-24
21,4T026790,2101755,찬성,2020-09-24
21,EH27538E,2101755,찬성,2020-09-24
21,WFU14784,2101755,불참,2020-09-24
21,SU53086M,2101755,찬성,2020-09-24
21,0WL9321T,2101755,불참,2020-09-24
21,GF286398,2101755,찬성,2020-09-24
21,4L695580,2101755,찬성,2020-09-24
21,40E3739H,2101755,찬성,2020-09-24
21,RPN2293B,2101755,찬성,2020-09-24
21,V429892C,2101755,불참,2020-09-24
21,2385336L,2101755,찬성,2020-09-24
21,IN328264,2101755,찬성,2020-09-24
21,XBT9550Q,2101755,불참,2020-09-24
21,MO52543L,2101755,찬성,2020-09-24
21,0827740Q,2101755,찬성,2020-09-24
21,0W194007,2101755,찬성,2020-09-24
21,X1K3667J,2101755,찬성,2020-09-24
21,NCP9875N,2101755,찬성,2020-09-24
21,I5I2468R,2101755,찬성,2020-09-24
21,WTR5885Y,2101755,찬성,2020-09-24
21,L5P27909,2101755,불참,2020-09-24
21,3425169D,2101755,찬성,2020-09-24
21,IOW1101J,2101755,찬성,2020-09-24
21,ICH23251,2101755,찬성,2020-09-24
21,25I8709Q,2101755,찬성,2020-09-24
21,OIA3741M,2101755,불참,2020-09-24
21,CT85313K,2101755,찬성,2020-09-24
21,PAO22428,2101755,찬성,2020-09-24
21,BLC8630L,2101755,찬성,2020-09-24
21,0767470D,2101755,불참,2020-09-24
21,LG63087O,2101755,불참,2020-09-24
21,PEP6922S,2101755,찬성,2020-09-24
21,DAN6731C,2101755,찬성,2020-09-24
21,VG24001G,2101755,찬성,2020-09-24
21,L2I9861C,2101755,찬성,2020-09-24
21,SVH3899R,2101755,찬성,2020-09-24
21,I434361W,2101755,찬성,2020-09-24
21,IOW8224X,2101755,찬성,2020-09-24
21,9JF4562W,2101755,찬성,2020-09-24
21,Y7K5946R,2101755,찬성,2020-09-24
21,SBK1544B,2101755,찬성,2020-09-24
21,KUO3574J,2101755,찬성,2020-09-24
21,8SV6917G,2101755,불참,2020-09-24
21,8FC9697X,2101755,찬성,2020-09-24
21,QKO6165V,2101755,불참,2020-09-24
21,GD131760,2101755,불참,2020-09-24
21,ZRF3039U,2101755,찬성,2020-09-24
21,V0O5343U,2101755,찬성,2020-09-24
21,68P7228G,2101755,찬성,2020-09-24
21,XPP2564T,2101755,찬성,2020-09-24
21,FRN1867O,2101755,찬성,2020-09-24
21,PFG2137X,2101755,찬성,2020-09-24
21,UB114374,2101755,불참,2020-09-24
21,0YT3774N,2101755,찬성,2020-09-24
21,7JC3239L,2101755,기권,2020-09-24
21,40S1959J,2101755,찬성,2020-09-24
21,IL74008M,2101755,찬성,2020-09-24
21,8KF7223D,2101755,불참,2020-09-24
21,CNZ51556,2101755,불참,2020-09-24
21,N4R2421C,2101755,불참,2020-09-24
21,3C23171A,2101755,찬성,2020-09-24
21,GDG1847Z,2101755,불참,2020-09-24
21,LNR7932L,2101755,불참,2020-09-24
21,O7R5461J,2101755,불참,2020-09-24
21,TVF3669B,2101755,불참,2020-09-24
21,7R156073,2101755,불참,2020-09-24
21,6AR6743G,2101755,불참,2020-09-24
21,J2O8643H,2101755,찬성,2020-09-24
21,6AU2417B,2101755,불참,2020-09-24
21,8VJ8533R,2101755,불참,2020-09-24
21,GX22581L,2101755,찬성,2020-09-24
21,SE233396,2101755,찬성,2020-09-24
21,52P3934K,2101755,찬성,2020-09-24
21,B7H6207C,2101755,불참,2020-09-24
21,4U29186R,2101755,기권,2020-09-24
21,F5Y4026Q,2101755,찬성,2020-09-24
21,WHV3448W,2101755,찬성,2020-09-24
21,1Y73132H,2101755,불참,2020-09-24
21,LH97552Q,2101755,찬성,2020-09-24
21,TKJ4800F,2101755,찬성,2020-09-24
21,O6D8329R,2101755,불참,2020-09-24
21,MSY7784L,2101755,불참,2020-09-24
21,5MD4184K,2101755,찬성,2020-09-24
21,5K93695T,2101755,찬성,2020-09-24
21,DPZ7685X,2101755,찬성,2020-09-24
21,A494529E,2101755,찬성,2020-09-24
21,VRY5522V,2101755,찬성,2020-09-24
21,CAA7713A,2101755,찬성,2020-09-24
21,0PK7354M,2101755,찬성,2020-09-24
21,O0I2045I,2101755,찬성,2020-09-24
21,CZB4125D,2101755,불참,2020-09-24
21,Z6R3959C,2101755,불참,2020-09-24
21,UGH6481E,2101755,찬성,2020-09-24
21,S824682L,2101755,찬성,2020-09-24
21,Q9H5708M,2101755,찬성,2020-09-24
21,JZY9937U,2101755,찬성,2020-09-24
21,MRK4871S,2101755,찬성,2020-09-24
21,YKW37422,2101755,찬성,2020-09-24
21,2NV6751W,2101755,찬성,2020-09-24
21,M7O7878U,2101755,찬성,2020-09-24
21,3ZR4438W,2101755,불참,2020-09-24
21,16D7652C,2101755,찬성,2020-09-24
21,KB04377U,2101755,찬성,2020-09-24
21,FU53642G,2101755,찬성,2020-09-24
21,8VY63414,2101755,찬성,2020-09-24
21,XR24352K,2101755,찬성,2020-09-24
21,QQP4727N,2101755,찬성,2020-09-24
21,IUL4848V,2101755,찬성,2020-09-24
21,JEZ3130Q,2101755,찬성,2020-09-24
21,BCQ55105,2101755,찬성,2020-09-24
21,LJK4960Z,2101755,찬성,2020-09-24
21,K3W33496,2101755,불참,2020-09-24
21,DBA1057Z,2101755,찬성,2020-09-24
21,CI15627C,2101755,불참,2020-09-24
21,21N57758,2101755,불참,2020-09-24
21,C7E79345,2101755,찬성,2020-09-24
21,UQ282145,2101755,찬성,2020-09-24
21,TRE2429O,2101755,찬성,2020-09-24
21,E6U4345C,2101755,찬성,2020-09-24
21,EMC8812P,2101755,불참,2020-09-24
21,XJC13432,2101755,찬성,2020-09-24
21,T465023H,2101755,찬성,2020-09-24
21,RQQ3807K,2101755,찬성,2020-09-24
21,FH777496,2101755,찬성,2020-09-24
21,FYI20317,2101755,찬성,2020-09-24
21,ZYP7962W,2101755,찬성,2020-09-24
21,GX38539O,2101755,찬성,2020-09-24
21,WVU2479T,2101755,불참,2020-09-24
21,9D939735,2101755,찬성,2020-09-24
21,QTW6852F,2101755,불참,2020-09-24
21,7XY7109I,2101755,불참,2020-09-24
21,TST4507I,2101755,불참,2020-09-24
21,JC14718Q,2101755,찬성,2020-09-24
21,5KV82250,2101755,불참,2020-09-24
21,L7J93733,2101755,찬성,2020-09-24
21,LT72093S,2101755,찬성,2020-09-24
21,6YT83269,2101755,찬성,2020-09-24
21,1MU99298,2101755,찬성,2020-09-24
21,FDC3144T,2101755,찬성,2020-09-24
21,SQ36001H,2101755,찬성,2020-09-24
21,9LD2641Q,2101755,불참,2020-09-24
21,FOK3459D,2101755,찬성,2020-09-24
21,QUO78839,2101755,불참,2020-09-24
21,LPB30152,2101755,불참,2020-09-24
21,MD083627,2101755,찬성,2020-09-24
21,TZP9391O,2101755,찬성,2020-09-24
21,6V37131U,2101755,불참,2020-09-24
21,FJK3396E,2101755,찬성,2020-09-24
21,71J2365L,2101755,찬성,2020-09-24
21,7O71647Z,2101755,찬성,2020-09-24
21,E1J8836Y,2101755,불참,2020-09-24
21,6EN68926,2101755,불참,2020-09-24
21,1BX7234U,2101755,찬성,2020-09-24
21,9S151177,2101755,찬성,2020-09-24
21,TZ228122,2101755,찬성,2020-09-24
21,9V18755A,2101755,찬성,2020-09-24
21,PO64874I,2101755,불참,2020-09-24
21,UHB5553T,2101755,찬성,2020-09-24
21,KFS1358P,2101755,찬성,2020-09-24
21,J9S37905,2101755,불참,2020-09-24
21,QUM8288K,2101755,찬성,2020-09-24
21,W4X85128,2101755,기권,2020-09-24
21,CFE3998F,2101755,불참,2020-09-24
21,BM63269Y,2101755,불참,2020-09-24
21,YLS4431M,2101755,불참,2020-09-24
21,MNZ4401T,2101755,불참,2020-09-24
21,HSS7466Y,2101755,찬성,2020-09-24
21,MLH1404S,2101755,찬성,2020-09-24
21,9L57027L,2101755,찬성,2020-09-24
21,GOC54665,2101755,불참,2020-09-24
21,5UN9725L,2101755,반대,2020-09-24
21,M2Q9024I,2101755,찬성,2020-09-24
21,4019850M,2101755,찬성,2020-09-24
21,9YO73104,2101755,불참,2020-09-24
21,7BM2933Y,2101755,찬성,2020-09-24
21,CDL93608,2101755,찬성,2020-09-24
21,2UD1340H,2101755,불참,2020-09-24
21,9VR65006,2101755,찬성,2020-09-24
21,X7I4680R,2101755,불참,2020-09-24
21,D0C85236,2101755,찬성,2020-09-24
21,XSP20229,2101755,찬성,2020-09-24
21,3RW63706,2101755,찬성,2020-09-24
21,8X15119P,2101755,불참,2020-09-24
21,CNW5754J,2101755,찬성,2020-09-24
21,3249208I,2101755,찬성,2020-09-24
21,8Q88373R,2101755,찬성,2020-09-24
21,XEF29171,2101755,찬성,2020-09-24
21,DAV7257X,2101755,불참,2020-09-24
21,GE71932C,2101755,찬성,2020-09-24
21,17M85910,2101755,찬성,2020-09-24
21,G152611B,2101755,찬성,2020-09-24
21,I7R13867,2101755,찬성,2020-09-24
21,G1570880,2101755,찬성,2020-09-24
21,BT62420K,2101755,찬성,2020-09-24
21,OSV9142K,2101755,찬성,2020-09-24
21,B7R2742J,2101755,찬성,2020-09-24
21,ZDP5704Q,2101755,불참,2020-09-24
21,W1Q6753M,2101755,찬성,2020-09-24
21,MHK9919B,2101755,찬성,2020-09-24
21,RD42006Y,2101755,불참,2020-09-24
21,QHL3248U,2101755,찬성,2020-09-24
21,AE685067,2101755,찬성,2020-09-24
21,TJW93720,2101755,찬성,2020-09-24
21,XA42275R,2101755,찬성,2020-09-24
21,L7T64271,2101755,찬성,2020-09-24
21,4X525582,2101755,찬성,2020-09-24
21,G7512472,2101755,찬성,2020-09-24
21,QD25323M,2101755,찬성,2020-09-24
21,GP07421U,2101755,찬성,2020-09-24
21,USR7059P,2101755,불참,2020-09-24
21,4XG1439M,2101755,찬성,2020-09-24
21,P2N50879,2101755,찬성,2020-09-24
21,A2V51235,2101755,찬성,2020-09-24
21,09I2323E,2101755,찬성,2020-09-24
21,A3H7195R,2101755,불참,2020-09-24
21,0VU8517U,2101755,찬성,2020-09-24
21,M0A1658U,2101755,찬성,2020-09-24
21,3BC6890E,2101755,기권,2020-09-24
21,ZDR63255,2101755,찬성,2020-09-24
21,KR14136C,2101755,불참,2020-09-24
21,5765663F,2101755,찬성,2020-09-24
21,GFF1986K,2101755,불참,2020-09-24
21,ZKU88693,2101755,찬성,2020-09-24
21,5KV96424,2101755,찬성,2020-09-24
21,M7T9712V,2101755,기권,2020-09-24
21,X3170462,2101755,찬성,2020-09-24
21,8FB1535Y,2101755,찬성,2020-09-24
21,PZA4062H,2101755,찬성,2020-09-24
21,MR210505,2101755,찬성,2020-09-24
21,8348421R,2101755,불참,2020-09-24
21,H5476989,2101755,찬성,2020-09-24
21,JQA21112,2101755,찬성,2020-09-24
21,HXT76735,2101755,불참,2020-09-24
21,0R68099X,2101755,찬성,2020-09-24
21,4A067125,2101755,찬성,2020-09-24
21,ZA54991S,2101755,찬성,2020-09-24
21,WMG57662,2101755,찬성,2020-09-24
21,6MO8786S,2101755,찬성,2020-09-24
21,XWX1513T,2101755,찬성,2020-09-24
21,NQR1206Q,2101755,찬성,2020-09-24
21,NAL4555X,2101755,찬성,2020-09-24
21,OW53107J,2101755,찬성,2020-09-24
21,WCD5518S,2101755,찬성,2020-09-24
21,Z7Y7827F,2101755,찬성,2020-09-24
21,ATB59635,2101755,찬성,2020-09-24
21,D6U6678O,2101755,불참,2020-09-24
21,FU87526G,2101755,찬성,2020-09-24
21,S9U45255,2101755,찬성,2020-09-24
21,P0F1530P,2101755,찬성,2020-09-24
21,LQW3652K,2101755,찬성,2020-09-24
21,RO593601,2101755,찬성,2020-09-24
21,GAV6441G,2101755,찬성,2020-09-24
21,8P37634C,2101755,찬성,2020-09-24
21,P2N4585G,2101755,불참,2020-09-24
21,JMY9959W,2101755,찬성,2020-09-24
21,VCP96419,2101755,찬성,2020-09-24
21,B7D7534L,2101755,불참,2020-09-24
21,AFH96856,2101755,찬성,2020-09-24
21,6399076T,2101755,찬성,2020-09-24
21,I0S53762,2101755,불참,2020-09-24
21,04T3751T,2101755,찬성,2020-09-24
21,EVH1507C,2101755,찬성,2020-09-24
21,K5F2023J,2101755,찬성,2020-09-24
21,14M56632,2101755,찬성,2020-09-24
21,N9X9673B,2101755,찬성,2020-09-24
21,TP066860,2101755,찬성,2020-09-24
21,6U243644,2101755,불참,2020-09-24
21,E9R4507P,2101755,찬성,2020-09-24
21,UQ282145,2117513,찬성,2023-07-18
21,TRE2429O,2117513,찬성,2023-07-18
21,9VR65006,2117513,불참,2023-07-18
21,T465023H,2117513,찬성,2023-07-18
21,ZYP7962W,2117513,찬성,2023-07-18
21,CNW5754J,2117513,불참,2023-07-18
21,8Q88373R,2117513,불참,2023-07-18
21,7XY7109I,2117513,불참,2023-07-18
21,LT72093S,2117513,찬성,2023-07-18
21,FDC3144T,2117513,찬성,2023-07-18
21,MD083627,2117513,불참,2023-07-18
21,OSV9142K,2117513,찬성,2023-07-18
21,B7R2742J,2117513,불참,2023-07-18
21,71J2365L,2117513,찬성,2023-07-18
21,7O71647Z,2117513,기권,2023-07-18
21,E1J8836Y,2117513,찬성,2023-07-18
21,TJW93720,2117513,찬성,2023-07-18
21,9S151177,2117513,찬성,2023-07-18
21,PO64874I,2117513,기권,2023-07-18
21,DWK26447,2117513,불참,2023-07-18
21,S741317G,2117513,찬성,2023-07-18
21,66W6739S,2117513,기권,2023-07-18
21,QD25323M,2117513,불참,2023-07-18
21,DAY6557K,2117513,찬성,2023-07-18
21,USR7059P,2117513,찬성,2023-07-18
21,P2N50879,2117513,불참,2023-07-18
21,A0P4646G,2117513,찬성,2023-07-18
21,A2V51235,2117513,찬성,2023-07-18
21,7I09543O,2117513,찬성,2023-07-18
21,7469929V,2117513,찬성,2023-07-18
21,OFE45081,2117513,불참,2023-07-18
21,SRP7336N,2117513,불참,2023-07-18
21,M7T9712V,2117513,찬성,2023-07-18
21,HKJ99607,2117513,찬성,2023-07-18
21,1WE5693J,2117513,찬성,2023-07-18
21,MY318392,2117513,불참,2023-07-18
21,8FB1535Y,2117513,찬성,2023-07-18
21,SU53086M,2117513,찬성,2023-07-18
21,RPN2293B,2117513,불참,2023-07-18
21,MQU41854,2117513,불참,2023-07-18
21,ZA54991S,2117513,찬성,2023-07-18
21,0827740Q,2117513,찬성,2023-07-18
21,0W194007,2117513,찬성,2023-07-18
21,NCP9875N,2117513,찬성,2023-07-18
21,I5I2468R,2117513,찬성,2023-07-18
21,3425169D,2117513,찬성,2023-07-18
21,CT85313K,2117513,찬성,2023-07-18
21,BLC8630L,2117513,찬성,2023-07-18
21,NQR1206Q,2117513,불참,2023-07-18
21,KUO3574J,2117513,찬성,2023-07-18
21,D6U6678O,2117513,찬성,2023-07-18
21,FU87526G,2117513,찬성,2023-07-18
21,8FC9697X,2117513,불참,2023-07-18
21,ZRF3039U,2117513,찬성,2023-07-18
21,68P7228G,2117513,찬성,2023-07-18
21,P0F1530P,2117513,불참,2023-07-18
21,LQW3652K,2117513,불참,2023-07-18
21,0YT3774N,2117513,찬성,2023-07-18
21,IL74008M,2117513,찬성,2023-07-18
21,8KF7223D,2117513,불참,2023-07-18
21,CNZ51556,2117513,불참,2023-07-18
21,N4R2421C,2117513,찬성,2023-07-18
21,3C23171A,2117513,찬성,2023-07-18
21,GDG1847Z,2117513,찬성,2023-07-18
21,P2N4585G,2117513,찬성,2023-07-18
21,VCP96419,2117513,불참,2023-07-18
21,6AU2417B,2117513,불참,2023-07-18
21,8VJ8533R,2117513,찬성,2023-07-18
21,B7D7534L,2117513,불참,2023-07-18
21,52P3934K,2117513,찬성,2023-07-18
21,6399076T,2117513,찬성,2023-07-18
21,WHV3448W,2117513,찬성,2023-07-18
21,04T3751T,2117513,찬성,2023-07-18
21,N9X9673B,2117513,찬성,2023-07-18
21,UGH6481E,2117513,찬성,2023-07-18
21,JZY9937U,2117513,불참,2023-07-18
21,YKW37422,2117513,찬성,2023-07-18
21,KB04377U,2117513,불참,2023-07-18
21,FU53642G,2117513,찬성,2023-07-18
21,MLH1404S,2117513,찬성,2023-07-18
21,IUD9392R,2117513,불참,2023-07-18
21,DBA1057Z,2117513,찬성,2023-07-18
21,CI15627C,2117513,찬성,2023-07-18
21,F5U2979W,2117513,찬성,2023-07-18
21,YOG1280B,2117513,불참,2023-07-18
21,FIC9046Z,2117513,찬성,2023-07-18
21,NUB4941Z,2117513,찬성,2023-07-18
21,KFM1081G,2117513,찬성,2023-07-18
21,NLR6572J,2117513,찬성,2023-07-18
21,YTA7297R,2117513,찬성,2023-07-18
21,L7T64271,2117513,불참,2023-07-18
21,4X525582,2117513,찬성,2023-07-18
21,GKD32201,2117513,찬성,2023-07-18
21,G7512472,2117513,찬성,2023-07-18
21,3TO11703,2117513,기권,2023-07-18
21,CCU1009B,2117513,불참,2023-07-18
21,MU69217P,2117513,찬성,2023-07-18
21,2N793392,2117513,찬성,2023-07-18
21,LM13674V,2117513,불참,2023-07-18
21,JVB6983V,2117513,찬성,2023-07-18
21,GP07421U,2117513,찬성,2023-07-18
21,FGI27280,2117513,불참,2023-07-18
21,4XG1439M,2117513,불참,2023-07-18
21,3DK8989T,2117513,찬성,2023-07-18
21,D4L60530,2117513,찬성,2023-07-18
21,M6H1705E,2117513,불참,2023-07-18
21,09I2323E,2117513,불참,2023-07-18
21,NTT8182Q,2117513,찬성,2023-07-18
21,A3H7195R,2117513,기권,2023-07-18
21,ZYH1940A,2117513,불참,2023-07-18
21,0VU8517U,2117513,불참,2023-07-18
21,M0A1658U,2117513,찬성,2023-07-18
21,HSW1214Q,2117513,찬성,2023-07-18
21,NZF1659U,2117513,불참,2023-07-18
21,WDS6044S,2117513,찬성,2023-07-18
21,3BC6890E,2117513,불참,2023-07-18
21,ZDR63255,2117513,찬성,2023-07-18
21,KR14136C,2117513,불참,2023-07-18
21,5765663F,2117513,찬성,2023-07-18
21,GFF1986K,2117513,찬성,2023-07-18
21,ZKU88693,2117513,불참,2023-07-18
21,WJL30106,2117513,불참,2023-07-18
21,5KV96424,2117513,찬성,2023-07-18
21,KNM3215T,2117513,기권,2023-07-18
21,60490713,2117513,불참,2023-07-18
21,UM51067K,2117513,찬성,2023-07-18
21,X3170462,2117513,불참,2023-07-18
21,4T026790,2117513,찬성,2023-07-18
21,EH27538E,2117513,찬성,2023-07-18
21,WFU14784,2117513,기권,2023-07-18
21,0WL9321T,2117513,찬성,2023-07-18
21,PZA4062H,2117513,불참,2023-07-18
21,MR210505,2117513,불참,2023-07-18
21,GF286398,2117513,찬성,2023-07-18
21,8348421R,2117513,기권,2023-07-18
21,H5476989,2117513,불참,2023-07-18
21,JQA21112,2117513,찬성,2023-07-18
21,4L695580,2117513,불참,2023-07-18
21,40E3739H,2117513,찬성,2023-07-18
21,6FS10566,2117513,찬성,2023-07-18
21,HXT76735,2117513,찬성,2023-07-18
21,0R68099X,2117513,찬성,2023-07-18
21,6RM29022,2117513,찬성,2023-07-18
21,V429892C,2117513,찬성,2023-07-18
21,2385336L,2117513,찬성,2023-07-18
21,IN328264,2117513,불참,2023-07-18
21,XBT9550Q,2117513,찬성,2023-07-18
21,MO52543L,2117513,찬성,2023-07-18
21,X1K3667J,2117513,찬성,2023-07-18
21,WMG57662,2117513,찬성,2023-07-18
21,WTR5885Y,2117513,기권,2023-07-18
21,IOW1101J,2117513,찬성,2023-07-18
21,ICH23251,2117513,찬성,2023-07-18
21,25I8709Q,2117513,찬성,2023-07-18
21,OIA3741M,2117513,불참,2023-07-18
21,6MO8786S,2117513,불참,2023-07-18
21,XWX1513T,2117513,찬성,2023-07-18
21,LG63087O,2117513,불참,2023-07-18
21,OW53107J,2117513,불참,2023-07-18
21,PEP6922S,2117513,찬성,2023-07-18
21,DAN6731C,2117513,불참,2023-07-18
21,VG24001G,2117513,찬성,2023-07-18
21,L2I9861C,2117513,찬성,2023-07-18
21,WCD5518S,2117513,찬성,2023-07-18
21,SVH3899R,2117513,찬성,2023-07-18
21,IOW8224X,2117513,찬성,2023-07-18
21,9JF4562W,2117513,찬성,2023-07-18
21,Y7K5946R,2117513,찬성,2023-07-18
21,Z7Y7827F,2117513,찬성,2023-07-18
21,ATB59635,2117513,불참,2023-07-18
21,SBK1544B,2117513,불참,2023-07-18
21,S9U45255,2117513,불참,2023-07-18
21,8SV6917G,2117513,찬성,2023-07-18
21,QKO6165V,2117513,불참,2023-07-18
21,GD131760,2117513,불참,2023-07-18
21,V0O5343U,2117513,찬성,2023-07-18
21,XPP2564T,2117513,불참,2023-07-18
21,FRN1867O,2117513,찬성,2023-07-18
21,RO593601,2117513,불참,2023-07-18
21,PFG2137X,2117513,찬성,2023-07-18
21,UB114374,2117513,불참,2023-07-18
21,GAV6441G,2117513,찬성,2023-07-18
21,7JC3239L,2117513,불참,2023-07-18
21,40S1959J,2117513,불참,2023-07-18
21,8P37634C,2117513,불참,2023-07-18
21,O7R5461J,2117513,불참,2023-07-18
21,JMY9959W,2117513,찬성,2023-07-18
21,7R156073,2117513,찬성,2023-07-18
21,6AR6743G,2117513,찬성,2023-07-18
21,J2O8643H,2117513,불참,2023-07-18
21,GX22581L,2117513,찬성,2023-07-18
21,SE233396,2117513,찬성,2023-07-18
21,AFH96856,2117513,불참,2023-07-18
21,B7H6207C,2117513,찬성,2023-07-18
21,4U29186R,2117513,불참,2023-07-18
21,F5Y4026Q,2117513,찬성,2023-07-18
21,6RD62559,2117513,찬성,2023-07-18
21,1Y73132H,2117513,불참,2023-07-18
21,I0S53762,2117513,찬성,2023-07-18
21,LH97552Q,2117513,찬성,2023-07-18
21,TKJ4800F,2117513,찬성,2023-07-18
21,O6D8329R,2117513,찬성,2023-07-18
21,MSY7784L,2117513,찬성,2023-07-18
21,EVH1507C,2117513,찬성,2023-07-18
21,K5F2023J,2117513,찬성,2023-07-18
21,14M56632,2117513,불참,2023-07-18
21,5MD4184K,2117513,찬성,2023-07-18
21,5K93695T,2117513,찬성,2023-07-18
21,DPZ7685X,2117513,찬성,2023-07-18
21,6U243644,2117513,불참,2023-07-18
21,E9R4507P,2117513,찬성,2023-07-18
21,UHB5553T,2117513,불참,2023-07-18
21,KFS1358P,2117513,찬성,2023-07-18
21,J9S37905,2117513,찬성,2023-07-18
21,A494529E,2117513,불참,2023-07-18
21,VRY5522V,2117513,기권,2023-07-18
21,CAA7713A,2117513,찬성,2023-07-18
21,0PK7354M,2117513,불참,2023-07-18
21,O0I2045I,2117513,찬성,2023-07-18
21,CZB4125D,2117513,불참,2023-07-18
21,Z6R3959C,2117513,불참,2023-07-18
21,QUM8288K,2117513,불참,2023-07-18
21,S824682L,2117513,찬성,2023-07-18
21,W4X85128,2117513,불참,2023-07-18
21,Q9H5708M,2117513,불참,2023-07-18
21,MRK4871S,2117513,찬성,2023-07-18
21,2NV6751W,2117513,찬성,2023-07-18
21,BM63269Y,2117513,기권,2023-07-18
21,M7O7878U,2117513,찬성,2023-07-18
21,YLS4431M,2117513,불참,2023-07-18
21,MNZ4401T,2117513,불참,2023-07-18
21,3ZR4438W,2117513,찬성,2023-07-18
21,HSS7466Y,2117513,기권,2023-07-18
21,16D7652C,2117513,찬성,2023-07-18
21,8VY63414,2117513,찬성,2023-07-18
21,XR24352K,2117513,찬성,2023-07-18
21,QQP4727N,2117513,찬성,2023-07-18
21,JEZ3130Q,2117513,불참,2023-07-18
21,BCQ55105,2117513,불참,2023-07-18
21,9L57027L,2117513,찬성,2023-07-18
21,GOC54665,2117513,불참,2023-07-18
21,5UN9725L,2117513,찬성,2023-07-18
21,LJK4960Z,2117513,찬성,2023-07-18
21,K3W33496,2117513,불참,2023-07-18
21,M2Q9024I,2117513,찬성,2023-07-18
21,C7E79345,2117513,찬성,2023-07-18
21,4019850M,2117513,찬성,2023-07-18
21,9YO73104,2117513,찬성,2023-07-18
21,E6U4345C,2117513,불참,2023-07-18
21,7BM2933Y,2117513,찬성,2023-07-18
21,CDL93608,2117513,불참,2023-07-18
21,2UD1340H,2117513,불참,2023-07-18
21,X7I4680R,2117513,불참,2023-07-18
21,EMC8812P,2117513,찬성,2023-07-18
21,XJC13432,2117513,찬성,2023-07-18
21,XSP20229,2117513,불참,2023-07-18
21,3RW63706,2117513,찬성,2023-07-18
21,RQQ3807K,2117513,기권,2023-07-18
21,FH777496,2117513,찬성,2023-07-18
21,FYI20317,2117513,찬성,2023-07-18
21,8X15119P,2117513,불참,2023-07-18
21,3249208I,2117513,불참,2023-07-18
21,GX38539O,2117513,찬성,2023-07-18
21,XEF29171,2117513,불참,2023-07-18
21,WVU2479T,2117513,찬성,2023-07-18
21,9D939735,2117513,찬성,2023-07-18
21,QTW6852F,2117513,불참,2023-07-18
21,TST4507I,2117513,불참,2023-07-18
21,JC14718Q,2117513,찬성,2023-07-18
21,5KV82250,2117513,찬성,2023-07-18
21,L7J93733,2117513,찬성,2023-07-18
21,DAV7257X,2117513,불참,2023-07-18
21,GE71932C,2117513,불참,2023-07-18
21,6YT83269,2117513,찬성,2023-07-18
21,1MU99298,2117513,불참,2023-07-18
21,17M85910,2117513,찬성,2023-07-18
21,G152611B,2117513,불참,2023-07-18
21,I7R13867,2117513,찬성,2023-07-18
21,SQ36001H,2117513,불참,2023-07-18
21,G1570880,2117513,찬성,2023-07-18
21,9LD2641Q,2117513,불참,2023-07-18
21,FOK3459D,2117513,불참,2023-07-18
21,QUO78839,2117513,찬성,2023-07-18
21,BT62420K,2117513,불참,2023-07-18
21,LPB30152,2117513,찬성,2023-07-18
21,TZP9391O,2117513,찬성,2023-07-18
21,6V37131U,2117513,찬성,2023-07-18
21,FJK3396E,2117513,불참,2023-07-18
21,ZDP5704Q,2117513,불참,2023-07-18
21,W1Q6753M,2117513,찬성,2023-07-18
21,RD42006Y,2117513,불참,2023-07-18
21,6EN68926,2117513,불참,2023-07-18
21,1BX7234U,2117513,찬성,2023-07-18
21,QHL3248U,2117513,불참,2023-07-18
21,TZ228122,2117513,찬성,2023-07-18
21,9V18755A,2117513,찬성,2023-07-18
21,XA42275R,2117513,찬성,2023-07-18
21,LBC8144B,2117513,찬성,2023-07-18
21,VHK3402G,2117513,불참,2023-07-18
21,JNL7001A,2106242,찬성,2020-12-09
21,GKD32201,2106242,찬성,2020-12-09
21,S741317G,2106242,기권,2020-12-09
21,2N793392,2106242,찬성,2020-12-09
21,66W6739S,2106242,기권,2020-12-09
21,LM13674V,2106242,불참,2020-12-09
21,DAY6557K,2106242,찬성,2020-12-09
21,1X376850,2106242,찬성,2020-12-09
21,3DK8989T,2106242,기권,2020-12-09
21,7469929V,2106242,찬성,2020-12-09
21,D4L60530,2106242,찬성,2020-12-09
21,M6H1705E,2106242,찬성,2020-12-09
21,OFE45081,2106242,찬성,2020-12-09
21,NTT8182Q,2106242,찬성,2020-12-09
21,ZYH1940A,2106242,찬성,2020-12-09
21,NZF1659U,2106242,찬성,2020-12-09
21,WDS6044S,2106242,불참,2020-12-09
21,SRP7336N,2106242,기권,2020-12-09
21,GFF1986K,2106242,찬성,2020-12-09
21,WJL30106,2106242,찬성,2020-12-09
21,KNM3215T,2106242,찬성,2020-12-09
21,60490713,2106242,찬성,2020-12-09
21,UM51067K,2106242,찬성,2020-12-09
21,HKJ99607,2106242,불참,2020-12-09
21,1WE5693J,2106242,찬성,2020-12-09
21,4T026790,2106242,찬성,2020-12-09
21,EH27538E,2106242,찬성,2020-12-09
21,WFU14784,2106242,찬성,2020-12-09
21,GF286398,2106242,찬성,2020-12-09
21,H5476989,2106242,찬성,2020-12-09
21,4L695580,2106242,찬성,2020-12-09
21,40E3739H,2106242,찬성,2020-12-09
21,RPN2293B,2106242,찬성,2020-12-09
21,V429892C,2106242,찬성,2020-12-09
21,2385336L,2106242,찬성,2020-12-09
21,IN328264,2106242,찬성,2020-12-09
21,XBT9550Q,2106242,찬성,2020-12-09
21,MO52543L,2106242,찬성,2020-12-09
21,0827740Q,2106242,찬성,2020-12-09
21,0W194007,2106242,찬성,2020-12-09
21,X1K3667J,2106242,찬성,2020-12-09
21,WTR5885Y,2106242,찬성,2020-12-09
21,IOW1101J,2106242,불참,2020-12-09
21,ICH23251,2106242,찬성,2020-12-09
21,25I8709Q,2106242,찬성,2020-12-09
21,OIA3741M,2106242,찬성,2020-12-09
21,XWX1513T,2106242,찬성,2020-12-09
21,CT85313K,2106242,반대,2020-12-09
21,PAO22428,2106242,찬성,2020-12-09
21,BLC8630L,2106242,불참,2020-12-09
21,0767470D,2106242,불참,2020-12-09
21,LG63087O,2106242,불참,2020-12-09
21,PEP6922S,2106242,찬성,2020-12-09
21,DAN6731C,2106242,기권,2020-12-09
21,VG24001G,2106242,기권,2020-12-09
21,SVH3899R,2106242,찬성,2020-12-09
21,I434361W,2106242,불참,2020-12-09
21,9JF4562W,2106242,찬성,2020-12-09
21,SBK1544B,2106242,기권,2020-12-09
21,8SV6917G,2106242,불참,2020-12-09
21,GD131760,2106242,찬성,2020-12-09
21,ZRF3039U,2106242,찬성,2020-12-09
21,V0O5343U,2106242,찬성,2020-12-09
21,68P7228G,2106242,찬성,2020-12-09
21,XPP2564T,2106242,찬성,2020-12-09
21,FRN1867O,2106242,찬성,2020-12-09
21,PFG2137X,2106242,불참,2020-12-09
21,GAV6441G,2106242,찬성,2020-12-09
21,7JC3239L,2106242,불참,2020-12-09
21,40S1959J,2106242,찬성,2020-12-09
21,8KF7223D,2106242,찬성,2020-12-09
21,CNZ51556,2106242,찬성,2020-12-09
21,N4R2421C,2106242,불참,2020-12-09
21,3C23171A,2106242,찬성,2020-12-09
21,GDG1847Z,2106242,반대,2020-12-09
21,LNR7932L,2106242,찬성,2020-12-09
21,O7R5461J,2106242,찬성,2020-12-09
21,TVF3669B,2106242,불참,2020-12-09
21,7R156073,2106242,찬성,2020-12-09
21,J2O8643H,2106242,찬성,2020-12-09
21,VCP96419,2106242,찬성,2020-12-09
21,8VJ8533R,2106242,찬성,2020-12-09
21,GX22581L,2106242,불참,2020-12-09
21,SE233396,2106242,불참,2020-12-09
21,52P3934K,2106242,불참,2020-12-09
21,B7H6207C,2106242,불참,2020-12-09
21,6399076T,2106242,찬성,2020-12-09
21,4U29186R,2106242,찬성,2020-12-09
21,F5Y4026Q,2106242,찬성,2020-12-09
21,1Y73132H,2106242,찬성,2020-12-09
21,MSY7784L,2106242,불참,2020-12-09
21,5MD4184K,2106242,찬성,2020-12-09
21,5K93695T,2106242,기권,2020-12-09
21,DPZ7685X,2106242,불참,2020-12-09
21,KFS1358P,2106242,찬성,2020-12-09
21,A494529E,2106242,찬성,2020-12-09
21,VRY5522V,2106242,찬성,2020-12-09
21,0PK7354M,2106242,찬성,2020-12-09
21,CZB4125D,2106242,찬성,2020-12-09
21,Z6R3959C,2106242,불참,2020-12-09
21,UGH6481E,2106242,찬성,2020-12-09
21,S824682L,2106242,찬성,2020-12-09
21,Q9H5708M,2106242,찬성,2020-12-09
21,MRK4871S,2106242,찬성,2020-12-09
21,YKW37422,2106242,찬성,2020-12-09
21,2NV6751W,2106242,찬성,2020-12-09
21,3ZR4438W,2106242,불참,2020-12-09
21,16D7652C,2106242,찬성,2020-12-09
21,KB04377U,2106242,찬성,2020-12-09
21,8VY63414,2106242,찬성,2020-12-09
21,XR24352K,2106242,찬성,2020-12-09
21,QQP4727N,2106242,불참,2020-12-09
21,IUL4848V,2106242,찬성,2020-12-09
21,LJK4960Z,2106242,찬성,2020-12-09
21,K3W33496,2106242,불참,2020-12-09
21,CI15627C,2106242,찬성,2020-12-09
21,21N57758,2106242,불참,2020-12-09
21,C7E79345,2106242,찬성,2020-12-09
21,UQ282145,2106242,찬성,2020-12-09
21,TRE2429O,2106242,찬성,2020-12-09
21,2UD1340H,2106242,찬성,2020-12-09
21,EMC8812P,2106242,불참,2020-12-09
21,XJC13432,2106242,불참,2020-12-09
21,T465023H,2106242,찬성,2020-12-09
21,FH777496,2106242,찬성,2020-12-09
21,FYI20317,2106242,찬성,2020-12-09
21,WVU2479T,2106242,찬성,2020-12-09
21,9D939735,2106242,불참,2020-12-09
21,QTW6852F,2106242,불참,2020-12-09
21,7XY7109I,2106242,찬성,2020-12-09
21,TST4507I,2106242,찬성,2020-12-09
21,JC14718Q,2106242,찬성,2020-12-09
21,5KV82250,2106242,불참,2020-12-09
21,L7J93733,2106242,찬성,2020-12-09
21,6YT83269,2106242,찬성,2020-12-09
21,1MU99298,2106242,찬성,2020-12-09
21,FDC3144T,2106242,기권,2020-12-09
21,SQ36001H,2106242,찬성,2020-12-09
21,9LD2641Q,2106242,찬성,2020-12-09
21,FOK3459D,2106242,찬성,2020-12-09
21,BT62420K,2106242,찬성,2020-12-09
21,TZP9391O,2106242,반대,2020-12-09
21,6V37131U,2106242,찬성,2020-12-09
21,FJK3396E,2106242,찬성,2020-12-09
21,71J2365L,2106242,불참,2020-12-09
21,7O71647Z,2106242,찬성,2020-12-09
21,E1J8836Y,2106242,찬성,2020-12-09
21,6EN68926,2106242,불참,2020-12-09
21,1BX7234U,2106242,찬성,2020-12-09
21,QHL3248U,2106242,찬성,2020-12-09
21,9V18755A,2106242,찬성,2020-12-09
21,LT72093S,2106242,찬성,2020-12-09
21,GE71932C,2106242,찬성,2020-12-09
21,17M85910,2106242,찬성,2020-12-09
21,G152611B,2106242,불참,2020-12-09
21,I7R13867,2106242,찬성,2020-12-09
21,G1570880,2106242,찬성,2020-12-09
21,QUO78839,2106242,찬성,2020-12-09
21,LPB30152,2106242,찬성,2020-12-09
21,MD083627,2106242,찬성,2020-12-09
21,OSV9142K,2106242,찬성,2020-12-09
21,B7R2742J,2106242,찬성,2020-12-09
21,ZDP5704Q,2106242,찬성,2020-12-09
21,W1Q6753M,2106242,찬성,2020-12-09
21,MHK9919B,2106242,불참,2020-12-09
21,RD42006Y,2106242,찬성,2020-12-09
21,AE685067,2106242,찬성,2020-12-09
21,TJW93720,2106242,찬성,2020-12-09
21,9S151177,2106242,찬성,2020-12-09
21,TZ228122,2106242,찬성,2020-12-09
21,XA42275R,2106242,찬성,2020-12-09
21,PO64874I,2106242,찬성,2020-12-09
21,UB114374,2106242,반대,2020-12-09
21,0YT3774N,2106242,찬성,2020-12-09
21,IL74008M,2106242,찬성,2020-12-09
21,8P37634C,2106242,찬성,2020-12-09
21,P2N4585G,2106242,찬성,2020-12-09
21,JMY9959W,2106242,찬성,2020-12-09
21,6AR6743G,2106242,찬성,2020-12-09
21,6AU2417B,2106242,찬성,2020-12-09
21,B7D7534L,2106242,찬성,2020-12-09
21,AFH96856,2106242,찬성,2020-12-09
21,WHV3448W,2106242,찬성,2020-12-09
21,I0S53762,2106242,반대,2020-12-09
21,LH97552Q,2106242,기권,2020-12-09
21,TKJ4800F,2106242,찬성,2020-12-09
21,O6D8329R,2106242,찬성,2020-12-09
21,04T3751T,2106242,찬성,2020-12-09
21,EVH1507C,2106242,반대,2020-12-09
21,K5F2023J,2106242,찬성,2020-12-09
21,14M56632,2106242,기권,2020-12-09
21,N9X9673B,2106242,찬성,2020-12-09
21,TP066860,2106242,불참,2020-12-09
21,6U243644,2106242,불참,2020-12-09
21,E9R4507P,2106242,불참,2020-12-09
21,UHB5553T,2106242,찬성,2020-12-09
21,J9S37905,2106242,찬성,2020-12-09
21,CAA7713A,2106242,찬성,2020-12-09
21,O0I2045I,2106242,찬성,2020-12-09
21,QUM8288K,2106242,불참,2020-12-09
21,W4X85128,2106242,불참,2020-12-09
21,CFE3998F,2106242,불참,2020-12-09
21,JZY9937U,2106242,찬성,2020-12-09
21,BM63269Y,2106242,불참,2020-12-09
21,M7O7878U,2106242,찬성,2020-12-09
21,YLS4431M,2106242,기권,2020-12-09
21,MNZ4401T,2106242,찬성,2020-12-09
21,HSS7466Y,2106242,찬성,2020-12-09
21,FU53642G,2106242,찬성,2020-12-09
21,MLH1404S,2106242,찬성,2020-12-09
21,JEZ3130Q,2106242,찬성,2020-12-09
21,BCQ55105,2106242,찬성,2020-12-09
21,9L57027L,2106242,찬성,2020-12-09
21,GOC54665,2106242,찬성,2020-12-09
21,5UN9725L,2106242,찬성,2020-12-09
21,M2Q9024I,2106242,찬성,2020-12-09
21,DBA1057Z,2106242,찬성,2020-12-09
21,4019850M,2106242,찬성,2020-12-09
21,9YO73104,2106242,찬성,2020-12-09
21,E6U4345C,2106242,찬성,2020-12-09
21,7BM2933Y,2106242,찬성,2020-12-09
21,CDL93608,2106242,찬성,2020-12-09
21,9VR65006,2106242,불참,2020-12-09
21,X7I4680R,2106242,찬성,2020-12-09
21,D0C85236,2106242,기권,2020-12-09
21,XSP20229,2106242,찬성,2020-12-09
21,3RW63706,2106242,불참,2020-12-09
21,RQQ3807K,2106242,찬성,2020-12-09
21,8X15119P,2106242,불참,2020-12-09
21,ZYP7962W,2106242,불참,2020-12-09
21,CNW5754J,2106242,찬성,2020-12-09
21,3249208I,2106242,찬성,2020-12-09
21,GX38539O,2106242,찬성,2020-12-09
21,8Q88373R,2106242,찬성,2020-12-09
21,XEF29171,2106242,찬성,2020-12-09
21,DAV7257X,2106242,불참,2020-12-09
21,L7T64271,2106242,찬성,2020-12-09
21,4X525582,2106242,불참,2020-12-09
21,G7512472,2106242,찬성,2020-12-09
21,3TO11703,2106242,찬성,2020-12-09
21,CCU1009B,2106242,찬성,2020-12-09
21,MU69217P,2106242,불참,2020-12-09
21,QD25323M,2106242,찬성,2020-12-09
21,GP07421U,2106242,찬성,2020-12-09
21,FGI27280,2106242,찬성,2020-12-09
21,USR7059P,2106242,기권,2020-12-09
21,4XG1439M,2106242,찬성,2020-12-09
21,P2N50879,2106242,찬성,2020-12-09
21,A0P4646G,2106242,찬성,2020-12-09
21,A2V51235,2106242,찬성,2020-12-09
21,7I09543O,2106242,찬성,2020-12-09
21,09I2323E,2106242,찬성,2020-12-09
21,A3H7195R,2106242,찬성,2020-12-09
21,0VU8517U,2106242,찬성,2020-12-09
21,M0A1658U,2106242,찬성,2020-12-09
21,HSW1214Q,2106242,찬성,2020-12-09
21,3BC6890E,2106242,찬성,2020-12-09
21,ZDR63255,2106242,찬성,2020-12-09
21,KR14136C,2106242,불참,2020-12-09
21,5765663F,2106242,찬성,2020-12-09
21,ZKU88693,2106242,불참,2020-12-09
21,5KV96424,2106242,찬성,2020-12-09
21,M7T9712V,2106242,불참,2020-12-09
21,X3170462,2106242,불참,2020-12-09
21,MY318392,2106242,불참,2020-12-09
21,8FB1535Y,2106242,찬성,2020-12-09
21,SU53086M,2106242,찬성,2020-12-09
21,0WL9321T,2106242,찬성,2020-12-09
21,PZA4062H,2106242,찬성,2020-12-09
21,MR210505,2106242,찬성,2020-12-09
21,8348421R,2106242,찬성,2020-12-09
21,JQA21112,2106242,반대,2020-12-09
21,HXT76735,2106242,찬성,2020-12-09
21,0R68099X,2106242,찬성,2020-12-09
21,4A067125,2106242,찬성,2020-12-09
21,ZA54991S,2106242,찬성,2020-12-09
21,WMG57662,2106242,찬성,2020-12-09
21,NCP9875N,2106242,찬성,2020-12-09
21,I5I2468R,2106242,찬성,2020-12-09
21,L5P27909,2106242,찬성,2020-12-09
21,3425169D,2106242,찬성,2020-12-09
21,6MO8786S,2106242,기권,2020-12-09
21,NQR1206Q,2106242,찬성,2020-12-09
21,NAL4555X,2106242,기권,2020-12-09
21,OW53107J,2106242,불참,2020-12-09
21,L2I9861C,2106242,반대,2020-12-09
21,WCD5518S,2106242,찬성,2020-12-09
21,IOW8224X,2106242,찬성,2020-12-09
21,Y7K5946R,2106242,불참,2020-12-09
21,Z7Y7827F,2106242,찬성,2020-12-09
21,ATB59635,2106242,찬성,2020-12-09
21,KUO3574J,2106242,찬성,2020-12-09
21,D6U6678O,2106242,찬성,2020-12-09
21,FU87526G,2106242,찬성,2020-12-09
21,S9U45255,2106242,불참,2020-12-09
21,8FC9697X,2106242,찬성,2020-12-09
21,QKO6165V,2106242,찬성,2020-12-09
21,P0F1530P,2106242,불참,2020-12-09
21,LQW3652K,2106242,찬성,2020-12-09
21,RO593601,2106242,찬성,2020-12-09
21,FIC9046Z,2112687,불참,2021-09-28
21,JNL7001A,2112687,찬성,2021-09-28
21,L7T64271,2112687,찬성,2021-09-28
21,4X525582,2112687,불참,2021-09-28
21,GKD32201,2112687,불참,2021-09-28
21,G7512472,2112687,찬성,2021-09-28
21,3TO11703,2112687,찬성,2021-09-28
21,S741317G,2112687,찬성,2021-09-28
21,CCU1009B,2112687,찬성,2021-09-28
21,MU69217P,2112687,찬성,2021-09-28
21,2N793392,2112687,찬성,2021-09-28
21,66W6739S,2112687,찬성,2021-09-28
21,LM13674V,2112687,찬성,2021-09-28
21,QD25323M,2112687,찬성,2021-09-28
21,DAY6557K,2112687,찬성,2021-09-28
21,GP07421U,2112687,찬성,2021-09-28
21,FGI27280,2112687,불참,2021-09-28
21,USR7059P,2112687,기권,2021-09-28
21,4XG1439M,2112687,찬성,2021-09-28
21,A2V51235,2112687,찬성,2021-09-28
21,7I09543O,2112687,찬성,2021-09-28
21,3DK8989T,2112687,찬성,2021-09-28
21,7469929V,2112687,불참,2021-09-28
21,D4L60530,2112687,찬성,2021-09-28
21,M6H1705E,2112687,찬성,2021-09-28
21,OFE45081,2112687,찬성,2021-09-28
21,NTT8182Q,2112687,찬성,2021-09-28
21,A3H7195R,2112687,불참,2021-09-28
21,ZYH1940A,2112687,찬성,2021-09-28
21,0VU8517U,2112687,불참,2021-09-28
21,M0A1658U,2112687,찬성,2021-09-28
21,HSW1214Q,2112687,불참,2021-09-28
21,NZF1659U,2112687,불참,2021-09-28
21,WDS6044S,2112687,찬성,2021-09-28
21,3BC6890E,2112687,찬성,2021-09-28
21,ZDR63255,2112687,찬성,2021-09-28
21,KR14136C,2112687,불참,2021-09-28
21,SRP7336N,2112687,불참,2021-09-28
21,5765663F,2112687,불참,2021-09-28
21,GFF1986K,2112687,찬성,2021-09-28
21,WJL30106,2112687,찬성,2021-09-28
21,5KV96424,2112687,불참,2021-09-28
21,M7T9712V,2112687,불참,2021-09-28
21,60490713,2112687,찬성,2021-09-28
21,UM51067K,2112687,찬성,2021-09-28
21,HKJ99607,2112687,찬성,2021-09-28
21,1WE5693J,2112687,찬성,2021-09-28
21,MY318392,2112687,찬성,2021-09-28
21,4T026790,2112687,찬성,2021-09-28
21,EH27538E,2112687,찬성,2021-09-28
21,WFU14784,2112687,찬성,2021-09-28
21,SU53086M,2112687,불참,2021-09-28
21,PZA4062H,2112687,찬성,2021-09-28
21,MR210505,2112687,찬성,2021-09-28
21,GF286398,2112687,찬성,2021-09-28
21,H5476989,2112687,찬성,2021-09-28
21,JQA21112,2112687,찬성,2021-09-28
21,4L695580,2112687,찬성,2021-09-28
21,HXT76735,2112687,불참,2021-09-28
21,RPN2293B,2112687,불참,2021-09-28
21,0R68099X,2112687,불참,2021-09-28
21,V429892C,2112687,불참,2021-09-28
21,4A067125,2112687,찬성,2021-09-28
21,2385336L,2112687,찬성,2021-09-28
21,XBT9550Q,2112687,불참,2021-09-28
21,ZA54991S,2112687,찬성,2021-09-28
21,MO52543L,2112687,불참,2021-09-28
21,0827740Q,2112687,불참,2021-09-28
21,0W194007,2112687,찬성,2021-09-28
21,X1K3667J,2112687,찬성,2021-09-28
21,I5I2468R,2112687,찬성,2021-09-28
21,WTR5885Y,2112687,찬성,2021-09-28
21,L5P27909,2112687,불참,2021-09-28
21,3425169D,2112687,찬성,2021-09-28
21,IOW1101J,2112687,불참,2021-09-28
21,ICH23251,2112687,찬성,2021-09-28
21,25I8709Q,2112687,찬성,2021-09-28
21,OIA3741M,2112687,찬성,2021-09-28
21,6MO8786S,2112687,찬성,2021-09-28
21,XWX1513T,2112687,찬성,2021-09-28
21,CT85313K,2112687,찬성,2021-09-28
21,PAO22428,2112687,불참,2021-09-28
21,BLC8630L,2112687,찬성,2021-09-28
21,NQR1206Q,2112687,불참,2021-09-28
21,LG63087O,2112687,불참,2021-09-28
21,NAL4555X,2112687,불참,2021-09-28
21,PEP6922S,2112687,불참,2021-09-28
21,VG24001G,2112687,찬성,2021-09-28
21,L2I9861C,2112687,불참,2021-09-28
21,WCD5518S,2112687,찬성,2021-09-28
21,SVH3899R,2112687,찬성,2021-09-28
21,I434361W,2112687,찬성,2021-09-28
21,IOW8224X,2112687,불참,2021-09-28
21,9JF4562W,2112687,찬성,2021-09-28
21,Y7K5946R,2112687,찬성,2021-09-28
21,Z7Y7827F,2112687,찬성,2021-09-28
21,SBK1544B,2112687,불참,2021-09-28
21,KUO3574J,2112687,불참,2021-09-28
21,D6U6678O,2112687,찬성,2021-09-28
21,FU87526G,2112687,찬성,2021-09-28
21,S9U45255,2112687,찬성,2021-09-28
21,8FC9697X,2112687,찬성,2021-09-28
21,QKO6165V,2112687,기권,2021-09-28
21,ZRF3039U,2112687,불참,2021-09-28
21,V0O5343U,2112687,불참,2021-09-28
21,P0F1530P,2112687,찬성,2021-09-28
21,XPP2564T,2112687,불참,2021-09-28
21,FRN1867O,2112687,불참,2021-09-28
21,LQW3652K,2112687,기권,2021-09-28
21,RO593601,2112687,찬성,2021-09-28
21,UB114374,2112687,불참,2021-09-28
21,GAV6441G,2112687,찬성,2021-09-28
21,0YT3774N,2112687,찬성,2021-09-28
21,7JC3239L,2112687,찬성,2021-09-28
21,IL74008M,2112687,불참,2021-09-28
21,8P37634C,2112687,찬성,2021-09-28
21,CNZ51556,2112687,불참,2021-09-28
21,N4R2421C,2112687,불참,2021-09-28
21,3C23171A,2112687,불참,2021-09-28
21,GDG1847Z,2112687,불참,2021-09-28
21,P2N4585G,2112687,찬성,2021-09-28
21,O7R5461J,2112687,찬성,2021-09-28
21,TVF3669B,2112687,불참,2021-09-28
21,JMY9959W,2112687,찬성,2021-09-28
21,7R156073,2112687,불참,2021-09-28
21,6AR6743G,2112687,찬성,2021-09-28
21,J2O8643H,2112687,찬성,2021-09-28
21,VCP96419,2112687,찬성,2021-09-28
21,6AU2417B,2112687,불참,2021-09-28
21,8VJ8533R,2112687,찬성,2021-09-28
21,B7D7534L,2112687,찬성,2021-09-28
21,SE233396,2112687,찬성,2021-09-28
21,AFH96856,2112687,찬성,2021-09-28
21,B7H6207C,2112687,찬성,2021-09-28
21,6399076T,2112687,찬성,2021-09-28
21,4U29186R,2112687,불참,2021-09-28
21,F5Y4026Q,2112687,찬성,2021-09-28
21,I0S53762,2112687,찬성,2021-09-28
21,LH97552Q,2112687,찬성,2021-09-28
21,TKJ4800F,2112687,찬성,2021-09-28
21,O6D8329R,2112687,찬성,2021-09-28
21,MSY7784L,2112687,불참,2021-09-28
21,EVH1507C,2112687,찬성,2021-09-28
21,K5F2023J,2112687,찬성,2021-09-28
21,14M56632,2112687,불참,2021-09-28
21,N9X9673B,2112687,찬성,2021-09-28
21,5MD4184K,2112687,불참,2021-09-28
21,5K93695T,2112687,불참,2021-09-28
21,6U243644,2112687,찬성,2021-09-28
21,E9R4507P,2112687,찬성,2021-09-28
21,UHB5553T,2112687,찬성,2021-09-28
21,KFS1358P,2112687,찬성,2021-09-28
21,J9S37905,2112687,찬성,2021-09-28
21,A494529E,2112687,불참,2021-09-28
21,VRY5522V,2112687,불참,2021-09-28
21,0PK7354M,2112687,찬성,2021-09-28
21,CZB4125D,2112687,불참,2021-09-28
21,Z6R3959C,2112687,찬성,2021-09-28
21,UGH6481E,2112687,찬성,2021-09-28
21,Q9H5708M,2112687,불참,2021-09-28
21,CFE3998F,2112687,불참,2021-09-28
21,MRK4871S,2112687,찬성,2021-09-28
21,YKW37422,2112687,찬성,2021-09-28
21,2NV6751W,2112687,찬성,2021-09-28
21,BM63269Y,2112687,불참,2021-09-28
21,M7O7878U,2112687,찬성,2021-09-28
21,YLS4431M,2112687,찬성,2021-09-28
21,MNZ4401T,2112687,찬성,2021-09-28
21,3ZR4438W,2112687,불참,2021-09-28
21,16D7652C,2112687,찬성,2021-09-28
21,KB04377U,2112687,불참,2021-09-28
21,MLH1404S,2112687,불참,2021-09-28
21,8VY63414,2112687,찬성,2021-09-28
21,XR24352K,2112687,찬성,2021-09-28
21,QQP4727N,2112687,찬성,2021-09-28
21,JEZ3130Q,2112687,불참,2021-09-28
21,BCQ55105,2112687,찬성,2021-09-28
21,9L57027L,2112687,찬성,2021-09-28
21,GOC54665,2112687,찬성,2021-09-28
21,K3W33496,2112687,찬성,2021-09-28
21,M2Q9024I,2112687,찬성,2021-09-28
21,DBA1057Z,2112687,찬성,2021-09-28
21,CI15627C,2112687,불참,2021-09-28
21,C7E79345,2112687,불참,2021-09-28
21,4019850M,2112687,찬성,2021-09-28
21,UQ282145,2112687,찬성,2021-09-28
21,9YO73104,2112687,찬성,2021-09-28
21,TRE2429O,2112687,찬성,2021-09-28
21,E6U4345C,2112687,찬성,2021-09-28
21,7BM2933Y,2112687,찬성,2021-09-28
21,CDL93608,2112687,불참,2021-09-28
21,2UD1340H,2112687,불참,2021-09-28
21,9VR65006,2112687,불참,2021-09-28
21,X7I4680R,2112687,찬성,2021-09-28
21,EMC8812P,2112687,찬성,2021-09-28
21,XJC13432,2112687,찬성,2021-09-28
21,D0C85236,2112687,불참,2021-09-28
21,XSP20229,2112687,불참,2021-09-28
21,T465023H,2112687,찬성,2021-09-28
21,3RW63706,2112687,불참,2021-09-28
21,RQQ3807K,2112687,찬성,2021-09-28
21,FH777496,2112687,불참,2021-09-28
21,FYI20317,2112687,찬성,2021-09-28
21,8X15119P,2112687,불참,2021-09-28
21,ZYP7962W,2112687,기권,2021-09-28
21,CNW5754J,2112687,찬성,2021-09-28
21,GX38539O,2112687,불참,2021-09-28
21,8Q88373R,2112687,찬성,2021-09-28
21,9D939735,2112687,불참,2021-09-28
21,QTW6852F,2112687,찬성,2021-09-28
21,TST4507I,2112687,찬성,2021-09-28
21,JC14718Q,2112687,찬성,2021-09-28
21,5KV82250,2112687,찬성,2021-09-28
21,L7J93733,2112687,불참,2021-09-28
21,LT72093S,2112687,불참,2021-09-28
21,GE71932C,2112687,찬성,2021-09-28
21,6YT83269,2112687,불참,2021-09-28
21,1MU99298,2112687,찬성,2021-09-28
21,FDC3144T,2112687,불참,2021-09-28
21,17M85910,2112687,찬성,2021-09-28
21,G152611B,2112687,찬성,2021-09-28
21,I7R13867,2112687,찬성,2021-09-28
21,G1570880,2112687,불참,2021-09-28
21,9LD2641Q,2112687,찬성,2021-09-28
21,FOK3459D,2112687,찬성,2021-09-28
21,QUO78839,2112687,찬성,2021-09-28
21,LPB30152,2112687,찬성,2021-09-28
21,MD083627,2112687,찬성,2021-09-28
21,6V37131U,2112687,찬성,2021-09-28
21,OSV9142K,2112687,찬성,2021-09-28
21,FJK3396E,2112687,찬성,2021-09-28
21,ZDP5704Q,2112687,찬성,2021-09-28
21,71J2365L,2112687,찬성,2021-09-28
21,7O71647Z,2112687,불참,2021-09-28
21,W1Q6753M,2112687,찬성,2021-09-28
21,MHK9919B,2112687,불참,2021-09-28
21,E1J8836Y,2112687,찬성,2021-09-28
21,RD42006Y,2112687,불참,2021-09-28
21,6EN68926,2112687,불참,2021-09-28
21,1BX7234U,2112687,찬성,2021-09-28
21,QHL3248U,2112687,불참,2021-09-28
21,AE685067,2112687,불참,2021-09-28
21,TJW93720,2112687,찬성,2021-09-28
21,9S151177,2112687,불참,2021-09-28
21,TZ228122,2112687,찬성,2021-09-28
21,9V18755A,2112687,찬성,2021-09-28
21,XA42275R,2112687,불참,2021-09-28
21,PO64874I,2112687,찬성,2021-09-28
21,P2N50879,2112687,찬성,2021-09-28
21,B7R2742J,2112687,찬성,2021-09-28
21,1X376850,2112687,찬성,2021-09-28
21,09I2323E,2112687,찬성,2021-09-28
21,ZKU88693,2112687,찬성,2021-09-28
21,KNM3215T,2112687,찬성,2021-09-28
21,X3170462,2112687,찬성,2021-09-28
21,8FB1535Y,2112687,찬성,2021-09-28
21,0WL9321T,2112687,찬성,2021-09-28
21,8348421R,2112687,불참,2021-09-28
21,40E3739H,2112687,찬성,2021-09-28
21,IN328264,2112687,불참,2021-09-28
21,WMG57662,2112687,찬성,2021-09-28
21,NCP9875N,2112687,찬성,2021-09-28
21,OW53107J,2112687,찬성,2021-09-28
21,DAN6731C,2112687,찬성,2021-09-28
21,ATB59635,2112687,찬성,2021-09-28
21,8SV6917G,2112687,찬성,2021-09-28
21,GD131760,2112687,찬성,2021-09-28
21,68P7228G,2112687,찬성,2021-09-28
21,PFG2137X,2112687,찬성,2021-09-28
21,40S1959J,2112687,불참,2021-09-28
21,8KF7223D,2112687,찬성,2021-09-28
21,GX22581L,2112687,찬성,2021-09-28
21,52P3934K,2112687,불참,2021-09-28
21,WHV3448W,2112687,찬성,2021-09-28
21,1Y73132H,2112687,찬성,2021-09-28
21,04T3751T,2112687,찬성,2021-09-28
21,DPZ7685X,2112687,찬성,2021-09-28
21,CAA7713A,2112687,찬성,2021-09-28
21,O0I2045I,2112687,찬성,2021-09-28
21,QUM8288K,2112687,찬성,2021-09-28
21,S824682L,2112687,불참,2021-09-28
21,W4X85128,2112687,불참,2021-09-28
21,JZY9937U,2112687,찬성,2021-09-28
21,HSS7466Y,2112687,찬성,2021-09-28
21,FU53642G,2112687,찬성,2021-09-28
21,5UN9725L,2112687,불참,2021-09-28
21,LJK4960Z,2112687,찬성,2021-09-28
21,21N57758,2112687,불참,2021-09-28
21,3249208I,2112687,찬성,2021-09-28
21,XEF29171,2112687,불참,2021-09-28
21,WVU2479T,2112687,찬성,2021-09-28
21,7XY7109I,2112687,불참,2021-09-28
21,DAV7257X,2112687,찬성,2021-09-28
21,SQ36001H,2112687,찬성,2021-09-28
21,BT62420K,2112687,불참,2021-09-28
21,TZP9391O,2112687,불참,2021-09-28
21,A0P4646G,2112687,불참,2021-09-28
21,FIC9046Z,2101055,찬성,2021-12-02
21,GKD32201,2101055,찬성,2021-12-02
21,S741317G,2101055,불참,2021-12-02
21,CCU1009B,2101055,찬성,2021-12-02
21,MU69217P,2101055,찬성,2021-12-02
21,2N793392,2101055,찬성,2021-12-02
21,66W6739S,2101055,불참,2021-12-02
21,QD25323M,2101055,찬성,2021-12-02
21,DAY6557K,2101055,찬성,2021-12-02
21,GP07421U,2101055,찬성,2021-12-02
21,FGI27280,2101055,찬성,2021-12-02
21,USR7059P,2101055,불참,2021-12-02
21,4XG1439M,2101055,찬성,2021-12-02
21,7I09543O,2101055,찬성,2021-12-02
21,7469929V,2101055,찬성,2021-12-02
21,A3H7195R,2101055,불참,2021-12-02
21,ZYH1940A,2101055,찬성,2021-12-02
21,M0A1658U,2101055,찬성,2021-12-02
21,NZF1659U,2101055,찬성,2021-12-02
21,WDS6044S,2101055,불참,2021-12-02
21,3BC6890E,2101055,불참,2021-12-02
21,ZDR63255,2101055,찬성,2021-12-02
21,SRP7336N,2101055,불참,2021-12-02
21,GFF1986K,2101055,찬성,2021-12-02
21,WJL30106,2101055,불참,2021-12-02
21,5KV96424,2101055,찬성,2021-12-02
21,60490713,2101055,찬성,2021-12-02
21,HKJ99607,2101055,찬성,2021-12-02
21,MY318392,2101055,찬성,2021-12-02
21,4T026790,2101055,불참,2021-12-02
21,EH27538E,2101055,찬성,2021-12-02
21,WFU14784,2101055,찬성,2021-12-02
21,MR210505,2101055,찬성,2021-12-02
21,GF286398,2101055,찬성,2021-12-02
21,JQA21112,2101055,찬성,2021-12-02
21,4L695580,2101055,찬성,2021-12-02
21,HXT76735,2101055,불참,2021-12-02
21,RPN2293B,2101055,불참,2021-12-02
21,V429892C,2101055,불참,2021-12-02
21,4A067125,2101055,찬성,2021-12-02
21,XBT9550Q,2101055,찬성,2021-12-02
21,ZA54991S,2101055,찬성,2021-12-02
21,MO52543L,2101055,찬성,2021-12-02
21,0827740Q,2101055,찬성,2021-12-02
21,X1K3667J,2101055,찬성,2021-12-02
21,I5I2468R,2101055,찬성,2021-12-02
21,L5P27909,2101055,찬성,2021-12-02
21,IOW1101J,2101055,찬성,2021-12-02
21,ICH23251,2101055,찬성,2021-12-02
21,XWX1513T,2101055,찬성,2021-12-02
21,CT85313K,2101055,찬성,2021-12-02
21,PAO22428,2101055,찬성,2021-12-02
21,BLC8630L,2101055,불참,2021-12-02
21,NQR1206Q,2101055,불참,2021-12-02
21,LG63087O,2101055,불참,2021-12-02
21,VG24001G,2101055,찬성,2021-12-02
21,L2I9861C,2101055,찬성,2021-12-02
21,WCD5518S,2101055,찬성,2021-12-02
21,I434361W,2101055,찬성,2021-12-02
21,Z7Y7827F,2101055,찬성,2021-12-02
21,KUO3574J,2101055,찬성,2021-12-02
21,D6U6678O,2101055,찬성,2021-12-02
21,FU87526G,2101055,찬성,2021-12-02
21,8FC9697X,2101055,찬성,2021-12-02
21,GD131760,2101055,찬성,2021-12-02
21,V0O5343U,2101055,불참,2021-12-02
21,P0F1530P,2101055,불참,2021-12-02
21,FRN1867O,2101055,찬성,2021-12-02
21,RO593601,2101055,찬성,2021-12-02
21,UB114374,2101055,불참,2021-12-02
21,GAV6441G,2101055,찬성,2021-12-02
21,7JC3239L,2101055,불참,2021-12-02
21,8P37634C,2101055,불참,2021-12-02
21,CNZ51556,2101055,찬성,2021-12-02
21,O7R5461J,2101055,찬성,2021-12-02
21,JMY9959W,2101055,찬성,2021-12-02
21,6AR6743G,2101055,불참,2021-12-02
21,J2O8643H,2101055,불참,2021-12-02
21,6AU2417B,2101055,찬성,2021-12-02
21,8VJ8533R,2101055,찬성,2021-12-02
21,SE233396,2101055,찬성,2021-12-02
21,B7H6207C,2101055,찬성,2021-12-02
21,4U29186R,2101055,찬성,2021-12-02
21,F5Y4026Q,2101055,찬성,2021-12-02
21,1Y73132H,2101055,불참,2021-12-02
21,I0S53762,2101055,불참,2021-12-02
21,N9X9673B,2101055,불참,2021-12-02
21,6U243644,2101055,찬성,2021-12-02
21,E9R4507P,2101055,찬성,2021-12-02
21,UHB5553T,2101055,찬성,2021-12-02
21,KFS1358P,2101055,찬성,2021-12-02
21,J9S37905,2101055,찬성,2021-12-02
21,A494529E,2101055,불참,2021-12-02
21,VRY5522V,2101055,찬성,2021-12-02
21,CAA7713A,2101055,찬성,2021-12-02
21,Z6R3959C,2101055,불참,2021-12-02
21,W4X85128,2101055,찬성,2021-12-02
21,Q9H5708M,2101055,찬성,2021-12-02
21,CFE3998F,2101055,찬성,2021-12-02
21,YKW37422,2101055,불참,2021-12-02
21,2NV6751W,2101055,찬성,2021-12-02
21,BM63269Y,2101055,불참,2021-12-02
21,YLS4431M,2101055,불참,2021-12-02
21,3ZR4438W,2101055,불참,2021-12-02
21,16D7652C,2101055,찬성,2021-12-02
21,8VY63414,2101055,불참,2021-12-02
21,XR24352K,2101055,찬성,2021-12-02
21,GOC54665,2101055,찬성,2021-12-02
21,5UN9725L,2101055,불참,2021-12-02
21,M2Q9024I,2101055,찬성,2021-12-02
21,DBA1057Z,2101055,찬성,2021-12-02
21,CI15627C,2101055,찬성,2021-12-02
21,C7E79345,2101055,불참,2021-12-02
21,UQ282145,2101055,불참,2021-12-02
21,9YO73104,2101055,찬성,2021-12-02
21,TRE2429O,2101055,찬성,2021-12-02
21,2UD1340H,2101055,찬성,2021-12-02
21,9VR65006,2101055,불참,2021-12-02
21,X7I4680R,2101055,찬성,2021-12-02
21,XJC13432,2101055,불참,2021-12-02
21,D0C85236,2101055,불참,2021-12-02
21,XSP20229,2101055,찬성,2021-12-02
21,T465023H,2101055,찬성,2021-12-02
21,3RW63706,2101055,찬성,2021-12-02
21,8X15119P,2101055,불참,2021-12-02
21,CNW5754J,2101055,불참,2021-12-02
21,GX38539O,2101055,찬성,2021-12-02
21,9D939735,2101055,불참,2021-12-02
21,QTW6852F,2101055,찬성,2021-12-02
21,TST4507I,2101055,찬성,2021-12-02
21,JC14718Q,2101055,찬성,2021-12-02
21,5KV82250,2101055,찬성,2021-12-02
21,LT72093S,2101055,찬성,2021-12-02
21,6YT83269,2101055,불참,2021-12-02
21,1MU99298,2101055,찬성,2021-12-02
21,FDC3144T,2101055,찬성,2021-12-02
21,G152611B,2101055,찬성,2021-12-02
21,9LD2641Q,2101055,찬성,2021-12-02
21,FOK3459D,2101055,불참,2021-12-02
21,QUO78839,2101055,찬성,2021-12-02
21,LPB30152,2101055,찬성,2021-12-02
21,MD083627,2101055,찬성,2021-12-02
21,6V37131U,2101055,찬성,2021-12-02
21,ZDP5704Q,2101055,찬성,2021-12-02
21,71J2365L,2101055,불참,2021-12-02
21,E1J8836Y,2101055,찬성,2021-12-02
21,6EN68926,2101055,찬성,2021-12-02
21,1BX7234U,2101055,찬성,2021-12-02
21,QHL3248U,2101055,불참,2021-12-02
21,TJW93720,2101055,찬성,2021-12-02
21,9S151177,2101055,찬성,2021-12-02
21,TZ228122,2101055,찬성,2021-12-02
21,9V18755A,2101055,찬성,2021-12-02
21,XA42275R,2101055,찬성,2021-12-02
21,PO64874I,2101055,찬성,2021-12-02
21,17M85910,2101055,찬성,2021-12-02
21,I7R13867,2101055,찬성,2021-12-02
21,SQ36001H,2101055,찬성,2021-12-02
21,G1570880,2101055,찬성,2021-12-02
21,BT62420K,2101055,찬성,2021-12-02
21,TZP9391O,2101055,찬성,2021-12-02
21,OSV9142K,2101055,찬성,2021-12-02
21,B7R2742J,2101055,찬성,2021-12-02
21,FJK3396E,2101055,찬성,2021-12-02
21,7O71647Z,2101055,찬성,2021-12-02
21,W1Q6753M,2101055,불참,2021-12-02
21,RD42006Y,2101055,찬성,2021-12-02
21,IL74008M,2101055,찬성,2021-12-02
21,8KF7223D,2101055,찬성,2021-12-02
21,N4R2421C,2101055,찬성,2021-12-02
21,3C23171A,2101055,찬성,2021-12-02
21,GDG1847Z,2101055,불참,2021-12-02
21,P2N4585G,2101055,찬성,2021-12-02
21,TVF3669B,2101055,찬성,2021-12-02
21,7R156073,2101055,불참,2021-12-02
21,VCP96419,2101055,찬성,2021-12-02
21,B7D7534L,2101055,불참,2021-12-02
21,GX22581L,2101055,찬성,2021-12-02
21,AFH96856,2101055,찬성,2021-12-02
21,52P3934K,2101055,불참,2021-12-02
21,6399076T,2101055,찬성,2021-12-02
21,WHV3448W,2101055,찬성,2021-12-02
21,LH97552Q,2101055,찬성,2021-12-02
21,TKJ4800F,2101055,찬성,2021-12-02
21,O6D8329R,2101055,찬성,2021-12-02
21,04T3751T,2101055,불참,2021-12-02
21,MSY7784L,2101055,불참,2021-12-02
21,EVH1507C,2101055,찬성,2021-12-02
21,K5F2023J,2101055,찬성,2021-12-02
21,14M56632,2101055,불참,2021-12-02
21,5MD4184K,2101055,불참,2021-12-02
21,5K93695T,2101055,기권,2021-12-02
21,DPZ7685X,2101055,찬성,2021-12-02
21,0PK7354M,2101055,찬성,2021-12-02
21,O0I2045I,2101055,찬성,2021-12-02
21,CZB4125D,2101055,불참,2021-12-02
21,QUM8288K,2101055,찬성,2021-12-02
21,UGH6481E,2101055,찬성,2021-12-02
21,S824682L,2101055,찬성,2021-12-02
21,JZY9937U,2101055,찬성,2021-12-02
21,MRK4871S,2101055,불참,2021-12-02
21,M7O7878U,2101055,찬성,2021-12-02
21,MNZ4401T,2101055,찬성,2021-12-02
21,HSS7466Y,2101055,찬성,2021-12-02
21,KB04377U,2101055,찬성,2021-12-02
21,FU53642G,2101055,찬성,2021-12-02
21,MLH1404S,2101055,찬성,2021-12-02
21,QQP4727N,2101055,찬성,2021-12-02
21,JEZ3130Q,2101055,불참,2021-12-02
21,BCQ55105,2101055,기권,2021-12-02
21,9L57027L,2101055,찬성,2021-12-02
21,LJK4960Z,2101055,찬성,2021-12-02
21,K3W33496,2101055,찬성,2021-12-02
21,21N57758,2101055,찬성,2021-12-02
21,4019850M,2101055,찬성,2021-12-02
21,E6U4345C,2101055,찬성,2021-12-02
21,7BM2933Y,2101055,찬성,2021-12-02
21,CDL93608,2101055,찬성,2021-12-02
21,EMC8812P,2101055,찬성,2021-12-02
21,RQQ3807K,2101055,찬성,2021-12-02
21,FH777496,2101055,찬성,2021-12-02
21,FYI20317,2101055,찬성,2021-12-02
21,ZYP7962W,2101055,불참,2021-12-02
21,3249208I,2101055,찬성,2021-12-02
21,8Q88373R,2101055,찬성,2021-12-02
21,XEF29171,2101055,찬성,2021-12-02
21,WVU2479T,2101055,찬성,2021-12-02
21,7XY7109I,2101055,불참,2021-12-02
21,L7J93733,2101055,찬성,2021-12-02
21,DAV7257X,2101055,찬성,2021-12-02
21,GE71932C,2101055,찬성,2021-12-02
21,JNL7001A,2101055,불참,2021-12-02
21,L7T64271,2101055,찬성,2021-12-02
21,4X525582,2101055,불참,2021-12-02
21,G7512472,2101055,찬성,2021-12-02
21,3TO11703,2101055,찬성,2021-12-02
21,LM13674V,2101055,찬성,2021-12-02
21,P2N50879,2101055,찬성,2021-12-02
21,A0P4646G,2101055,찬성,2021-12-02
21,A2V51235,2101055,찬성,2021-12-02
21,1X376850,2101055,찬성,2021-12-02
21,3DK8989T,2101055,불참,2021-12-02
21,D4L60530,2101055,찬성,2021-12-02
21,M6H1705E,2101055,찬성,2021-12-02
21,OFE45081,2101055,찬성,2021-12-02
21,09I2323E,2101055,찬성,2021-12-02
21,NTT8182Q,2101055,찬성,2021-12-02
21,0VU8517U,2101055,불참,2021-12-02
21,HSW1214Q,2101055,찬성,2021-12-02
21,KR14136C,2101055,찬성,2021-12-02
21,5765663F,2101055,찬성,2021-12-02
21,ZKU88693,2101055,찬성,2021-12-02
21,KNM3215T,2101055,찬성,2021-12-02
21,M7T9712V,2101055,불참,2021-12-02
21,UM51067K,2101055,불참,2021-12-02
21,1WE5693J,2101055,찬성,2021-12-02
21,X3170462,2101055,불참,2021-12-02
21,8FB1535Y,2101055,찬성,2021-12-02
21,SU53086M,2101055,불참,2021-12-02
21,0WL9321T,2101055,찬성,2021-12-02
21,PZA4062H,2101055,찬성,2021-12-02
21,8348421R,2101055,불참,2021-12-02
21,H5476989,2101055,찬성,2021-12-02
21,40E3739H,2101055,찬성,2021-12-02
21,0R68099X,2101055,찬성,2021-12-02
21,2385336L,2101055,찬성,2021-12-02
21,IN328264,2101055,찬성,2021-12-02
21,0W194007,2101055,찬성,2021-12-02
21,WMG57662,2101055,찬성,2021-12-02
21,NCP9875N,2101055,찬성,2021-12-02
21,WTR5885Y,2101055,찬성,2021-12-02
21,3425169D,2101055,찬성,2021-12-02
21,25I8709Q,2101055,찬성,2021-12-02
21,OIA3741M,2101055,찬성,2021-12-02
21,6MO8786S,2101055,찬성,2021-12-02
21,NAL4555X,2101055,불참,2021-12-02
21,OW53107J,2101055,찬성,2021-12-02
21,PEP6922S,2101055,찬성,2021-12-02
21,DAN6731C,2101055,불참,2021-12-02
21,SVH3899R,2101055,찬성,2021-12-02
21,IOW8224X,2101055,불참,2021-12-02
21,9JF4562W,2101055,찬성,2021-12-02
21,Y7K5946R,2101055,찬성,2021-12-02
21,ATB59635,2101055,찬성,2021-12-02
21,SBK1544B,2101055,불참,2021-12-02
21,S9U45255,2101055,불참,2021-12-02
21,8SV6917G,2101055,찬성,2021-12-02
21,QKO6165V,2101055,불참,2021-12-02
21,ZRF3039U,2101055,찬성,2021-12-02
21,68P7228G,2101055,찬성,2021-12-02
21,XPP2564T,2101055,불참,2021-12-02
21,LQW3652K,2101055,기권,2021-12-02
21,PFG2137X,2101055,찬성,2021-12-02
21,0YT3774N,2101055,불참,2021-12-02
21,40S1959J,2101055,찬성,2021-12-02
21,F5U2979W,2118758,불참,2022-12-08
21,YOG1280B,2118758,불참,2022-12-08
21,DWK26447,2118758,반대,2022-12-08
21,NUB4941Z,2118758,찬성,2022-12-08
21,NLR6572J,2118758,찬성,2022-12-08
21,YTA7297R,2118758,찬성,2022-12-08
21,JNL7001A,2118758,기권,2022-12-08
21,L7T64271,2118758,찬성,2022-12-08
21,GKD32201,2118758,찬성,2022-12-08
21,G7512472,2118758,찬성,2022-12-08
21,3TO11703,2118758,불참,2022-12-08
21,CCU1009B,2118758,찬성,2022-12-08
21,MU69217P,2118758,찬성,2022-12-08
21,66W6739S,2118758,불참,2022-12-08
21,LM13674V,2118758,찬성,2022-12-08
21,QD25323M,2118758,불참,2022-12-08
21,JVB6983V,2118758,찬성,2022-12-08
21,DAY6557K,2118758,찬성,2022-12-08
21,GP07421U,2118758,찬성,2022-12-08
21,FGI27280,2118758,불참,2022-12-08
21,4XG1439M,2118758,찬성,2022-12-08
21,P2N50879,2118758,찬성,2022-12-08
21,A0P4646G,2118758,불참,2022-12-08
21,A2V51235,2118758,찬성,2022-12-08
21,7I09543O,2118758,찬성,2022-12-08
21,3DK8989T,2118758,불참,2022-12-08
21,7469929V,2118758,불참,2022-12-08
21,D4L60530,2118758,찬성,2022-12-08
21,M6H1705E,2118758,찬성,2022-12-08
21,OFE45081,2118758,찬성,2022-12-08
21,09I2323E,2118758,불참,2022-12-08
21,ZYH1940A,2118758,찬성,2022-12-08
21,0VU8517U,2118758,찬성,2022-12-08
21,M0A1658U,2118758,찬성,2022-12-08
21,WDS6044S,2118758,불참,2022-12-08
21,3BC6890E,2118758,찬성,2022-12-08
21,ZDR63255,2118758,찬성,2022-12-08
21,KR14136C,2118758,찬성,2022-12-08
21,SRP7336N,2118758,불참,2022-12-08
21,GFF1986K,2118758,찬성,2022-12-08
21,ZKU88693,2118758,찬성,2022-12-08
21,5KV96424,2118758,찬성,2022-12-08
21,60490713,2118758,찬성,2022-12-08
21,UM51067K,2118758,찬성,2022-12-08
21,HKJ99607,2118758,찬성,2022-12-08
21,1WE5693J,2118758,찬성,2022-12-08
21,X3170462,2118758,기권,2022-12-08
21,8FB1535Y,2118758,찬성,2022-12-08
21,4T026790,2118758,찬성,2022-12-08
21,SU53086M,2118758,찬성,2022-12-08
21,PZA4062H,2118758,찬성,2022-12-08
21,MR210505,2118758,불참,2022-12-08
21,GF286398,2118758,찬성,2022-12-08
21,8348421R,2118758,불참,2022-12-08
21,JQA21112,2118758,기권,2022-12-08
21,4L695580,2118758,찬성,2022-12-08
21,40E3739H,2118758,찬성,2022-12-08
21,HXT76735,2118758,찬성,2022-12-08
21,RPN2293B,2118758,찬성,2022-12-08
21,0R68099X,2118758,찬성,2022-12-08
21,6RM29022,2118758,기권,2022-12-08
21,MQU41854,2118758,기권,2022-12-08
21,V429892C,2118758,찬성,2022-12-08
21,2385336L,2118758,찬성,2022-12-08
21,IN328264,2118758,찬성,2022-12-08
21,XBT9550Q,2118758,찬성,2022-12-08
21,ZA54991S,2118758,찬성,2022-12-08
21,0827740Q,2118758,찬성,2022-12-08
21,0W194007,2118758,찬성,2022-12-08
21,X1K3667J,2118758,찬성,2022-12-08
21,WMG57662,2118758,찬성,2022-12-08
21,NCP9875N,2118758,찬성,2022-12-08
21,I5I2468R,2118758,찬성,2022-12-08
21,WTR5885Y,2118758,찬성,2022-12-08
21,3425169D,2118758,찬성,2022-12-08
21,IOW1101J,2118758,기권,2022-12-08
21,ICH23251,2118758,찬성,2022-12-08
21,25I8709Q,2118758,찬성,2022-12-08
21,OIA3741M,2118758,찬성,2022-12-08
21,CT85313K,2118758,반대,2022-12-08
21,BLC8630L,2118758,찬성,2022-12-08
21,NQR1206Q,2118758,찬성,2022-12-08
21,LG63087O,2118758,불참,2022-12-08
21,PEP6922S,2118758,찬성,2022-12-08
21,DAN6731C,2118758,반대,2022-12-08
21,VG24001G,2118758,찬성,2022-12-08
21,L2I9861C,2118758,불참,2022-12-08
21,WCD5518S,2118758,찬성,2022-12-08
21,SVH3899R,2118758,찬성,2022-12-08
21,9JF4562W,2118758,찬성,2022-12-08
21,Y7K5946R,2118758,찬성,2022-12-08
21,ATB59635,2118758,찬성,2022-12-08
21,SBK1544B,2118758,불참,2022-12-08
21,KUO3574J,2118758,찬성,2022-12-08
21,D6U6678O,2118758,찬성,2022-12-08
21,FU87526G,2118758,기권,2022-12-08
21,S9U45255,2118758,불참,2022-12-08
21,8SV6917G,2118758,찬성,2022-12-08
21,QKO6165V,2118758,불참,2022-12-08
21,ZRF3039U,2118758,불참,2022-12-08
21,V0O5343U,2118758,찬성,2022-12-08
21,68P7228G,2118758,찬성,2022-12-08
21,FRN1867O,2118758,찬성,2022-12-08
21,LQW3652K,2118758,찬성,2022-12-08
21,UB114374,2118758,불참,2022-12-08
21,GAV6441G,2118758,찬성,2022-12-08
21,0YT3774N,2118758,찬성,2022-12-08
21,40S1959J,2118758,찬성,2022-12-08
21,IL74008M,2118758,찬성,2022-12-08
21,8KF7223D,2118758,찬성,2022-12-08
21,CNZ51556,2118758,찬성,2022-12-08
21,N4R2421C,2118758,불참,2022-12-08
21,3C23171A,2118758,찬성,2022-12-08
21,GDG1847Z,2118758,찬성,2022-12-08
21,P2N4585G,2118758,찬성,2022-12-08
21,JMY9959W,2118758,불참,2022-12-08
21,7R156073,2118758,찬성,2022-12-08
21,J2O8643H,2118758,찬성,2022-12-08
21,VCP96419,2118758,찬성,2022-12-08
21,6AU2417B,2118758,불참,2022-12-08
21,8VJ8533R,2118758,불참,2022-12-08
21,SE233396,2118758,찬성,2022-12-08
21,AFH96856,2118758,찬성,2022-12-08
21,52P3934K,2118758,찬성,2022-12-08
21,6399076T,2118758,찬성,2022-12-08
21,4U29186R,2118758,찬성,2022-12-08
21,F5Y4026Q,2118758,불참,2022-12-08
21,WHV3448W,2118758,찬성,2022-12-08
21,6RD62559,2118758,기권,2022-12-08
21,1Y73132H,2118758,찬성,2022-12-08
21,I0S53762,2118758,불참,2022-12-08
21,TKJ4800F,2118758,불참,2022-12-08
21,O6D8329R,2118758,찬성,2022-12-08
21,04T3751T,2118758,불참,2022-12-08
21,EVH1507C,2118758,찬성,2022-12-08
21,14M56632,2118758,기권,2022-12-08
21,N9X9673B,2118758,불참,2022-12-08
21,5MD4184K,2118758,찬성,2022-12-08
21,5K93695T,2118758,불참,2022-12-08
21,6U243644,2118758,찬성,2022-12-08
21,E9R4507P,2118758,불참,2022-12-08
21,UHB5553T,2118758,찬성,2022-12-08
21,KFS1358P,2118758,찬성,2022-12-08
21,J9S37905,2118758,불참,2022-12-08
21,A494529E,2118758,찬성,2022-12-08
21,VRY5522V,2118758,찬성,2022-12-08
21,CAA7713A,2118758,찬성,2022-12-08
21,0PK7354M,2118758,찬성,2022-12-08
21,O0I2045I,2118758,찬성,2022-12-08
21,CZB4125D,2118758,찬성,2022-12-08
21,Z6R3959C,2118758,불참,2022-12-08
21,UGH6481E,2118758,찬성,2022-12-08
21,S824682L,2118758,찬성,2022-12-08
21,W4X85128,2118758,불참,2022-12-08
21,Q9H5708M,2118758,찬성,2022-12-08
21,JZY9937U,2118758,찬성,2022-12-08
21,MRK4871S,2118758,찬성,2022-12-08
21,YKW37422,2118758,불참,2022-12-08
21,2NV6751W,2118758,찬성,2022-12-08
21,BM63269Y,2118758,찬성,2022-12-08
21,M7O7878U,2118758,찬성,2022-12-08
21,YLS4431M,2118758,찬성,2022-12-08
21,MNZ4401T,2118758,찬성,2022-12-08
21,3ZR4438W,2118758,찬성,2022-12-08
21,HSS7466Y,2118758,찬성,2022-12-08
21,KB04377U,2118758,찬성,2022-12-08
21,FU53642G,2118758,찬성,2022-12-08
21,MLH1404S,2118758,불참,2022-12-08
21,8VY63414,2118758,찬성,2022-12-08
21,XR24352K,2118758,찬성,2022-12-08
21,QQP4727N,2118758,찬성,2022-12-08
21,JEZ3130Q,2118758,찬성,2022-12-08
21,BCQ55105,2118758,찬성,2022-12-08
21,9L57027L,2118758,불참,2022-12-08
21,GOC54665,2118758,찬성,2022-12-08
21,5UN9725L,2118758,찬성,2022-12-08
21,LJK4960Z,2118758,찬성,2022-12-08
21,IUD9392R,2118758,찬성,2022-12-08
21,K3W33496,2118758,찬성,2022-12-08
21,M2Q9024I,2118758,찬성,2022-12-08
21,DBA1057Z,2118758,찬성,2022-12-08
21,CI15627C,2118758,찬성,2022-12-08
21,4019850M,2118758,찬성,2022-12-08
21,UQ282145,2118758,찬성,2022-12-08
21,9YO73104,2118758,찬성,2022-12-08
21,TRE2429O,2118758,찬성,2022-12-08
21,E6U4345C,2118758,찬성,2022-12-08
21,7BM2933Y,2118758,찬성,2022-12-08
21,CDL93608,2118758,불참,2022-12-08
21,2UD1340H,2118758,찬성,2022-12-08
21,9VR65006,2118758,찬성,2022-12-08
21,X7I4680R,2118758,불참,2022-12-08
21,EMC8812P,2118758,불참,2022-12-08
21,XSP20229,2118758,찬성,2022-12-08
21,T465023H,2118758,찬성,2022-12-08
21,3RW63706,2118758,기권,2022-12-08
21,RQQ3807K,2118758,찬성,2022-12-08
21,FH777496,2118758,찬성,2022-12-08
21,FYI20317,2118758,찬성,2022-12-08
21,8X15119P,2118758,찬성,2022-12-08
21,ZYP7962W,2118758,불참,2022-12-08
21,CNW5754J,2118758,찬성,2022-12-08
21,3249208I,2118758,찬성,2022-12-08
21,GX38539O,2118758,찬성,2022-12-08
21,8Q88373R,2118758,찬성,2022-12-08
21,XEF29171,2118758,찬성,2022-12-08
21,9D939735,2118758,찬성,2022-12-08
21,QTW6852F,2118758,기권,2022-12-08
21,7XY7109I,2118758,찬성,2022-12-08
21,TST4507I,2118758,찬성,2022-12-08
21,JC14718Q,2118758,찬성,2022-12-08
21,5KV82250,2118758,반대,2022-12-08
21,L7J93733,2118758,찬성,2022-12-08
21,GE71932C,2118758,불참,2022-12-08
21,6YT83269,2118758,찬성,2022-12-08
21,FDC3144T,2118758,반대,2022-12-08
21,SQ36001H,2118758,찬성,2022-12-08
21,G1570880,2118758,찬성,2022-12-08
21,FOK3459D,2118758,찬성,2022-12-08
21,QUO78839,2118758,찬성,2022-12-08
21,MD083627,2118758,불참,2022-12-08
21,TZP9391O,2118758,찬성,2022-12-08
21,6V37131U,2118758,찬성,2022-12-08
21,OSV9142K,2118758,불참,2022-12-08
21,B7R2742J,2118758,찬성,2022-12-08
21,FJK3396E,2118758,찬성,2022-12-08
21,71J2365L,2118758,찬성,2022-12-08
21,7O71647Z,2118758,찬성,2022-12-08
21,W1Q6753M,2118758,찬성,2022-12-08
21,E1J8836Y,2118758,불참,2022-12-08
21,RD42006Y,2118758,찬성,2022-12-08
21,6EN68926,2118758,불참,2022-12-08
21,QHL3248U,2118758,찬성,2022-12-08
21,TJW93720,2118758,찬성,2022-12-08
21,9S151177,2118758,찬성,2022-12-08
21,TZ228122,2118758,찬성,2022-12-08
21,9V18755A,2118758,찬성,2022-12-08
21,XA42275R,2118758,찬성,2022-12-08
21,PO64874I,2118758,찬성,2022-12-08
21,VHK3402G,2118758,불참,2022-12-08
21,FIC9046Z,2118758,불참,2022-12-08
21,LBC8144B,2118758,불참,2022-12-08
21,4X525582,2118758,불참,2022-12-08
21,S741317G,2118758,찬성,2022-12-08
21,2N793392,2118758,찬성,2022-12-08
21,USR7059P,2118758,불참,2022-12-08
21,NTT8182Q,2118758,찬성,2022-12-08
21,A3H7195R,2118758,찬성,2022-12-08
21,HSW1214Q,2118758,찬성,2022-12-08
21,NZF1659U,2118758,찬성,2022-12-08
21,5765663F,2118758,찬성,2022-12-08
21,WJL30106,2118758,불참,2022-12-08
21,KNM3215T,2118758,찬성,2022-12-08
21,M7T9712V,2118758,불참,2022-12-08
21,MY318392,2118758,찬성,2022-12-08
21,EH27538E,2118758,기권,2022-12-08
21,WFU14784,2118758,기권,2022-12-08
21,0WL9321T,2118758,찬성,2022-12-08
21,H5476989,2118758,찬성,2022-12-08
21,MO52543L,2118758,불참,2022-12-08
21,6MO8786S,2118758,찬성,2022-12-08
21,XWX1513T,2118758,찬성,2022-12-08
21,OW53107J,2118758,찬성,2022-12-08
21,IOW8224X,2118758,찬성,2022-12-08
21,Z7Y7827F,2118758,찬성,2022-12-08
21,8FC9697X,2118758,찬성,2022-12-08
21,GD131760,2118758,불참,2022-12-08
21,P0F1530P,2118758,찬성,2022-12-08
21,XPP2564T,2118758,불참,2022-12-08
21,RO593601,2118758,찬성,2022-12-08
21,PFG2137X,2118758,불참,2022-12-08
21,7JC3239L,2118758,불참,2022-12-08
21,8P37634C,2118758,찬성,2022-12-08
21,O7R5461J,2118758,찬성,2022-12-08
21,6AR6743G,2118758,찬성,2022-12-08
21,B7D7534L,2118758,찬성,2022-12-08
21,GX22581L,2118758,불참,2022-12-08
21,B7H6207C,2118758,찬성,2022-12-08
21,LH97552Q,2118758,찬성,2022-12-08
21,MSY7784L,2118758,불참,2022-12-08
21,K5F2023J,2118758,찬성,2022-12-08
21,DPZ7685X,2118758,기권,2022-12-08
21,QUM8288K,2118758,불참,2022-12-08
21,16D7652C,2118758,찬성,2022-12-08
21,C7E79345,2118758,불참,2022-12-08
21,XJC13432,2118758,불참,2022-12-08
21,WVU2479T,2118758,찬성,2022-12-08
21,DAV7257X,2118758,찬성,2022-12-08
21,LT72093S,2118758,찬성,2022-12-08
21,1MU99298,2118758,찬성,2022-12-08
21,17M85910,2118758,찬성,2022-12-08
21,G152611B,2118758,불참,2022-12-08
21,I7R13867,2118758,찬성,2022-12-08
21,9LD2641Q,2118758,찬성,2022-12-08
21,BT62420K,2118758,찬성,2022-12-08
21,LPB30152,2118758,찬성,2022-12-08
21,ZDP5704Q,2118758,불참,2022-12-08
21,1BX7234U,2118758,찬성,2022-12-08
21,KFM1081G,2118758,불참,2022-12-08
21,F5U2979W,2112014,찬성,2023-06-30
21,DWK26447,2112014,불참,2023-06-30
21,KFM1081G,2112014,찬성,2023-06-30
21,NLR6572J,2112014,찬성,2023-06-30
21,L7T64271,2112014,찬성,2023-06-30
21,G7512472,2112014,불참,2023-06-30
21,S741317G,2112014,찬성,2023-06-30
21,CCU1009B,2112014,불참,2023-06-30
21,MU69217P,2112014,찬성,2023-06-30
21,2N793392,2112014,찬성,2023-06-30
21,66W6739S,2112014,찬성,2023-06-30
21,LM13674V,2112014,찬성,2023-06-30
21,QD25323M,2112014,찬성,2023-06-30
21,DAY6557K,2112014,찬성,2023-06-30
21,GP07421U,2112014,찬성,2023-06-30
21,USR7059P,2112014,찬성,2023-06-30
21,4XG1439M,2112014,찬성,2023-06-30
21,P2N50879,2112014,찬성,2023-06-30
21,A0P4646G,2112014,불참,2023-06-30
21,A2V51235,2112014,불참,2023-06-30
21,7I09543O,2112014,찬성,2023-06-30
21,3DK8989T,2112014,찬성,2023-06-30
21,7469929V,2112014,찬성,2023-06-30
21,D4L60530,2112014,찬성,2023-06-30
21,M6H1705E,2112014,찬성,2023-06-30
21,OFE45081,2112014,찬성,2023-06-30
21,09I2323E,2112014,찬성,2023-06-30
21,ZYH1940A,2112014,찬성,2023-06-30
21,HSW1214Q,2112014,찬성,2023-06-30
21,NZF1659U,2112014,불참,2023-06-30
21,WDS6044S,2112014,불참,2023-06-30
21,ZDR63255,2112014,찬성,2023-06-30
21,KR14136C,2112014,찬성,2023-06-30
21,SRP7336N,2112014,찬성,2023-06-30
21,5765663F,2112014,찬성,2023-06-30
21,GFF1986K,2112014,찬성,2023-06-30
21,ZKU88693,2112014,불참,2023-06-30
21,M7T9712V,2112014,찬성,2023-06-30
21,60490713,2112014,찬성,2023-06-30
21,UM51067K,2112014,찬성,2023-06-30
21,HKJ99607,2112014,찬성,2023-06-30
21,1WE5693J,2112014,찬성,2023-06-30
21,X3170462,2112014,불참,2023-06-30
21,MY318392,2112014,찬성,2023-06-30
21,8FB1535Y,2112014,찬성,2023-06-30
21,4T026790,2112014,찬성,2023-06-30
21,EH27538E,2112014,찬성,2023-06-30
21,WFU14784,2112014,찬성,2023-06-30
21,SU53086M,2112014,찬성,2023-06-30
21,0WL9321T,2112014,찬성,2023-06-30
21,PZA4062H,2112014,찬성,2023-06-30
21,MR210505,2112014,찬성,2023-06-30
21,GF286398,2112014,찬성,2023-06-30
21,8348421R,2112014,찬성,2023-06-30
21,4L695580,2112014,찬성,2023-06-30
21,40E3739H,2112014,찬성,2023-06-30
21,HXT76735,2112014,찬성,2023-06-30
21,RPN2293B,2112014,찬성,2023-06-30
21,0R68099X,2112014,찬성,2023-06-30
21,MQU41854,2112014,찬성,2023-06-30
21,V429892C,2112014,찬성,2023-06-30
21,2385336L,2112014,찬성,2023-06-30
21,IN328264,2112014,불참,2023-06-30
21,XBT9550Q,2112014,찬성,2023-06-30
21,ZA54991S,2112014,찬성,2023-06-30
21,MO52543L,2112014,불참,2023-06-30
21,0827740Q,2112014,찬성,2023-06-30
21,0W194007,2112014,찬성,2023-06-30
21,X1K3667J,2112014,불참,2023-06-30
21,WMG57662,2112014,찬성,2023-06-30
21,NCP9875N,2112014,찬성,2023-06-30
21,I5I2468R,2112014,찬성,2023-06-30
21,WTR5885Y,2112014,찬성,2023-06-30
21,3425169D,2112014,찬성,2023-06-30
21,25I8709Q,2112014,찬성,2023-06-30
21,OIA3741M,2112014,찬성,2023-06-30
21,6MO8786S,2112014,찬성,2023-06-30
21,XWX1513T,2112014,찬성,2023-06-30
21,CT85313K,2112014,찬성,2023-06-30
21,BLC8630L,2112014,찬성,2023-06-30
21,NQR1206Q,2112014,찬성,2023-06-30
21,LG63087O,2112014,불참,2023-06-30
21,DAN6731C,2112014,불참,2023-06-30
21,VG24001G,2112014,찬성,2023-06-30
21,L2I9861C,2112014,찬성,2023-06-30
21,WCD5518S,2112014,찬성,2023-06-30
21,SVH3899R,2112014,찬성,2023-06-30
21,9JF4562W,2112014,불참,2023-06-30
21,Y7K5946R,2112014,찬성,2023-06-30
21,Z7Y7827F,2112014,찬성,2023-06-30
21,ATB59635,2112014,찬성,2023-06-30
21,SBK1544B,2112014,불참,2023-06-30
21,KUO3574J,2112014,찬성,2023-06-30
21,D6U6678O,2112014,찬성,2023-06-30
21,FU87526G,2112014,찬성,2023-06-30
21,S9U45255,2112014,찬성,2023-06-30
21,8FC9697X,2112014,찬성,2023-06-30
21,QKO6165V,2112014,불참,2023-06-30
21,GD131760,2112014,불참,2023-06-30
21,ZRF3039U,2112014,찬성,2023-06-30
21,V0O5343U,2112014,찬성,2023-06-30
21,68P7228G,2112014,찬성,2023-06-30
21,P0F1530P,2112014,불참,2023-06-30
21,XPP2564T,2112014,찬성,2023-06-30
21,FRN1867O,2112014,찬성,2023-06-30
21,LQW3652K,2112014,찬성,2023-06-30
21,RO593601,2112014,찬성,2023-06-30
21,GAV6441G,2112014,찬성,2023-06-30
21,0YT3774N,2112014,찬성,2023-06-30
21,7JC3239L,2112014,불참,2023-06-30
21,40S1959J,2112014,찬성,2023-06-30
21,IL74008M,2112014,찬성,2023-06-30
21,8KF7223D,2112014,불참,2023-06-30
21,8P37634C,2112014,찬성,2023-06-30
21,CNZ51556,2112014,찬성,2023-06-30
21,N4R2421C,2112014,찬성,2023-06-30
21,3C23171A,2112014,찬성,2023-06-30
21,GDG1847Z,2112014,찬성,2023-06-30
21,P2N4585G,2112014,찬성,2023-06-30
21,JMY9959W,2112014,찬성,2023-06-30
21,7R156073,2112014,찬성,2023-06-30
21,6AR6743G,2112014,찬성,2023-06-30
21,J2O8643H,2112014,찬성,2023-06-30
21,VCP96419,2112014,찬성,2023-06-30
21,6AU2417B,2112014,찬성,2023-06-30
21,8VJ8533R,2112014,찬성,2023-06-30
21,B7D7534L,2112014,찬성,2023-06-30
21,SE233396,2112014,찬성,2023-06-30
21,AFH96856,2112014,찬성,2023-06-30
21,52P3934K,2112014,찬성,2023-06-30
21,6399076T,2112014,찬성,2023-06-30
21,4U29186R,2112014,찬성,2023-06-30
21,F5Y4026Q,2112014,불참,2023-06-30
21,WHV3448W,2112014,찬성,2023-06-30
21,6RD62559,2112014,찬성,2023-06-30
21,1Y73132H,2112014,찬성,2023-06-30
21,LH97552Q,2112014,찬성,2023-06-30
21,TKJ4800F,2112014,찬성,2023-06-30
21,O6D8329R,2112014,찬성,2023-06-30
21,04T3751T,2112014,찬성,2023-06-30
21,MSY7784L,2112014,찬성,2023-06-30
21,K5F2023J,2112014,찬성,2023-06-30
21,14M56632,2112014,찬성,2023-06-30
21,N9X9673B,2112014,찬성,2023-06-30
21,5MD4184K,2112014,찬성,2023-06-30
21,5K93695T,2112014,찬성,2023-06-30
21,DPZ7685X,2112014,찬성,2023-06-30
21,E9R4507P,2112014,찬성,2023-06-30
21,UHB5553T,2112014,찬성,2023-06-30
21,KFS1358P,2112014,찬성,2023-06-30
21,J9S37905,2112014,불참,2023-06-30
21,A494529E,2112014,찬성,2023-06-30
21,CAA7713A,2112014,찬성,2023-06-30
21,0PK7354M,2112014,찬성,2023-06-30
21,Z6R3959C,2112014,찬성,2023-06-30
21,QUM8288K,2112014,찬성,2023-06-30
21,UGH6481E,2112014,찬성,2023-06-30
21,W4X85128,2112014,불참,2023-06-30
21,Q9H5708M,2112014,불참,2023-06-30
21,JZY9937U,2112014,찬성,2023-06-30
21,MRK4871S,2112014,찬성,2023-06-30
21,YKW37422,2112014,찬성,2023-06-30
21,2NV6751W,2112014,찬성,2023-06-30
21,BM63269Y,2112014,찬성,2023-06-30
21,M7O7878U,2112014,찬성,2023-06-30
21,YLS4431M,2112014,불참,2023-06-30
21,MNZ4401T,2112014,찬성,2023-06-30
21,3ZR4438W,2112014,찬성,2023-06-30
21,HSS7466Y,2112014,찬성,2023-06-30
21,KB04377U,2112014,찬성,2023-06-30
21,FU53642G,2112014,찬성,2023-06-30
21,MLH1404S,2112014,불참,2023-06-30
21,QQP4727N,2112014,불참,2023-06-30
21,BCQ55105,2112014,찬성,2023-06-30
21,GOC54665,2112014,불참,2023-06-30
21,5UN9725L,2112014,불참,2023-06-30
21,IUD9392R,2112014,찬성,2023-06-30
21,K3W33496,2112014,찬성,2023-06-30
21,M2Q9024I,2112014,찬성,2023-06-30
21,DBA1057Z,2112014,찬성,2023-06-30
21,CI15627C,2112014,찬성,2023-06-30
21,C7E79345,2112014,찬성,2023-06-30
21,UQ282145,2112014,찬성,2023-06-30
21,TRE2429O,2112014,찬성,2023-06-30
21,E6U4345C,2112014,찬성,2023-06-30
21,7BM2933Y,2112014,찬성,2023-06-30
21,CDL93608,2112014,찬성,2023-06-30
21,2UD1340H,2112014,찬성,2023-06-30
21,9VR65006,2112014,찬성,2023-06-30
21,X7I4680R,2112014,찬성,2023-06-30
21,EMC8812P,2112014,찬성,2023-06-30
21,XJC13432,2112014,찬성,2023-06-30
21,T465023H,2112014,찬성,2023-06-30
21,3RW63706,2112014,찬성,2023-06-30
21,RQQ3807K,2112014,찬성,2023-06-30
21,FH777496,2112014,찬성,2023-06-30
21,FYI20317,2112014,찬성,2023-06-30
21,ZYP7962W,2112014,불참,2023-06-30
21,CNW5754J,2112014,찬성,2023-06-30
21,3249208I,2112014,찬성,2023-06-30
21,GX38539O,2112014,찬성,2023-06-30
21,8Q88373R,2112014,찬성,2023-06-30
21,XEF29171,2112014,찬성,2023-06-30
21,9D939735,2112014,찬성,2023-06-30
21,QTW6852F,2112014,찬성,2023-06-30
21,7XY7109I,2112014,찬성,2023-06-30
21,TST4507I,2112014,찬성,2023-06-30
21,JC14718Q,2112014,찬성,2023-06-30
21,5KV82250,2112014,찬성,2023-06-30
21,LT72093S,2112014,찬성,2023-06-30
21,GE71932C,2112014,찬성,2023-06-30
21,6YT83269,2112014,찬성,2023-06-30
21,FDC3144T,2112014,불참,2023-06-30
21,17M85910,2112014,찬성,2023-06-30
21,SQ36001H,2112014,찬성,2023-06-30
21,G1570880,2112014,찬성,2023-06-30
21,9LD2641Q,2112014,찬성,2023-06-30
21,FOK3459D,2112014,불참,2023-06-30
21,MD083627,2112014,찬성,2023-06-30
21,TZP9391O,2112014,기권,2023-06-30
21,6V37131U,2112014,찬성,2023-06-30
21,OSV9142K,2112014,찬성,2023-06-30
21,B7R2742J,2112014,찬성,2023-06-30
21,FJK3396E,2112014,찬성,2023-06-30
21,ZDP5704Q,2112014,찬성,2023-06-30
21,71J2365L,2112014,찬성,2023-06-30
21,7O71647Z,2112014,찬성,2023-06-30
21,W1Q6753M,2112014,찬성,2023-06-30
21,E1J8836Y,2112014,찬성,2023-06-30
21,6EN68926,2112014,찬성,2023-06-30
21,QHL3248U,2112014,찬성,2023-06-30
21,TJW93720,2112014,찬성,2023-06-30
21,9S151177,2112014,찬성,2023-06-30
21,9V18755A,2112014,찬성,2023-06-30
21,XA42275R,2112014,찬성,2023-06-30
21,PO64874I,2112014,찬성,2023-06-30
21,VHK3402G,2112014,불참,2023-06-30
21,YOG1280B,2112014,찬성,2023-06-30
21,LBC8144B,2112014,불참,2023-06-30
21,NUB4941Z,2112014,찬성,2023-06-30
21,YTA7297R,2112014,찬성,2023-06-30
21,4X525582,2112014,찬성,2023-06-30
21,GKD32201,2112014,찬성,2023-06-30
21,3TO11703,2112014,찬성,2023-06-30
21,JVB6983V,2112014,찬성,2023-06-30
21,FGI27280,2112014,찬성,2023-06-30
21,NTT8182Q,2112014,찬성,2023-06-30
21,A3H7195R,2112014,불참,2023-06-30
21,0VU8517U,2112014,불참,2023-06-30
21,M0A1658U,2112014,찬성,2023-06-30
21,3BC6890E,2112014,찬성,2023-06-30
21,WJL30106,2112014,찬성,2023-06-30
21,5KV96424,2112014,찬성,2023-06-30
21,KNM3215T,2112014,찬성,2023-06-30
21,H5476989,2112014,찬성,2023-06-30
21,JQA21112,2112014,찬성,2023-06-30
21,6FS10566,2112014,찬성,2023-06-30
21,6RM29022,2112014,찬성,2023-06-30
21,IOW1101J,2112014,찬성,2023-06-30
21,ICH23251,2112014,찬성,2023-06-30
21,OW53107J,2112014,불참,2023-06-30
21,PEP6922S,2112014,찬성,2023-06-30
21,IOW8224X,2112014,찬성,2023-06-30
21,8SV6917G,2112014,찬성,2023-06-30
21,PFG2137X,2112014,찬성,2023-06-30
21,UB114374,2112014,찬성,2023-06-30
21,O7R5461J,2112014,찬성,2023-06-30
21,GX22581L,2112014,찬성,2023-06-30
21,B7H6207C,2112014,찬성,2023-06-30
21,I0S53762,2112014,불참,2023-06-30
21,EVH1507C,2112014,찬성,2023-06-30
21,6U243644,2112014,찬성,2023-06-30
21,VRY5522V,2112014,찬성,2023-06-30
21,O0I2045I,2112014,불참,2023-06-30
21,CZB4125D,2112014,찬성,2023-06-30
21,S824682L,2112014,찬성,2023-06-30
21,16D7652C,2112014,찬성,2023-06-30
21,8VY63414,2112014,불참,2023-06-30
21,XR24352K,2112014,찬성,2023-06-30
21,JEZ3130Q,2112014,찬성,2023-06-30
21,9L57027L,2112014,불참,2023-06-30
21,LJK4960Z,2112014,찬성,2023-06-30
21,4019850M,2112014,찬성,2023-06-30
21,9YO73104,2112014,찬성,2023-06-30
21,XSP20229,2112014,찬성,2023-06-30
21,8X15119P,2112014,찬성,2023-06-30
21,WVU2479T,2112014,찬성,2023-06-30
21,L7J93733,2112014,찬성,2023-06-30
21,DAV7257X,2112014,찬성,2023-06-30
21,1MU99298,2112014,찬성,2023-06-30
21,G152611B,2112014,불참,2023-06-30
21,I7R13867,2112014,찬성,2023-06-30
21,QUO78839,2112014,찬성,2023-06-30
21,BT62420K,2112014,찬성,2023-06-30
21,LPB30152,2112014,찬성,2023-06-30
21,RD42006Y,2112014,찬성,2023-06-30
21,1BX7234U,2112014,찬성,2023-06-30
21,TZ228122,2112014,찬성,2023-06-30
21,FIC9046Z,2112014,찬성,2023-06-30
21,FIC9046Z,2113648,찬성,2021-12-02
21,GKD32201,2113648,찬성,2021-12-02
21,S741317G,2113648,불참,2021-12-02
21,CCU1009B,2113648,찬성,2021-12-02
21,MU69217P,2113648,기권,2021-12-02
21,2N793392,2113648,찬성,2021-12-02
21,66W6739S,2113648,불참,2021-12-02
21,QD25323M,2113648,찬성,2021-12-02
21,DAY6557K,2113648,기권,2021-12-02
21,GP07421U,2113648,찬성,2021-12-02
21,FGI27280,2113648,찬성,2021-12-02
21,USR7059P,2113648,불참,2021-12-02
21,4XG1439M,2113648,찬성,2021-12-02
21,7469929V,2113648,찬성,2021-12-02
21,A3H7195R,2113648,불참,2021-12-02
21,ZYH1940A,2113648,찬성,2021-12-02
21,M0A1658U,2113648,찬성,2021-12-02
21,NZF1659U,2113648,찬성,2021-12-02
21,3BC6890E,2113648,불참,2021-12-02
21,ZDR63255,2113648,찬성,2021-12-02
21,GFF1986K,2113648,찬성,2021-12-02
21,WJL30106,2113648,불참,2021-12-02
21,5KV96424,2113648,찬성,2021-12-02
21,60490713,2113648,찬성,2021-12-02
21,HKJ99607,2113648,찬성,2021-12-02
21,MY318392,2113648,찬성,2021-12-02
21,4T026790,2113648,불참,2021-12-02
21,EH27538E,2113648,불참,2021-12-02
21,WFU14784,2113648,반대,2021-12-02
21,MR210505,2113648,불참,2021-12-02
21,GF286398,2113648,찬성,2021-12-02
21,JQA21112,2113648,반대,2021-12-02
21,4L695580,2113648,찬성,2021-12-02
21,HXT76735,2113648,찬성,2021-12-02
21,RPN2293B,2113648,불참,2021-12-02
21,V429892C,2113648,불참,2021-12-02
21,4A067125,2113648,불참,2021-12-02
21,ZA54991S,2113648,찬성,2021-12-02
21,0827740Q,2113648,찬성,2021-12-02
21,X1K3667J,2113648,찬성,2021-12-02
21,I5I2468R,2113648,찬성,2021-12-02
21,L5P27909,2113648,불참,2021-12-02
21,IOW1101J,2113648,찬성,2021-12-02
21,XWX1513T,2113648,찬성,2021-12-02
21,CT85313K,2113648,찬성,2021-12-02
21,PAO22428,2113648,불참,2021-12-02
21,BLC8630L,2113648,불참,2021-12-02
21,LG63087O,2113648,불참,2021-12-02
21,VG24001G,2113648,찬성,2021-12-02
21,WCD5518S,2113648,찬성,2021-12-02
21,I434361W,2113648,찬성,2021-12-02
21,Z7Y7827F,2113648,찬성,2021-12-02
21,KUO3574J,2113648,찬성,2021-12-02
21,D6U6678O,2113648,찬성,2021-12-02
21,FU87526G,2113648,찬성,2021-12-02
21,8FC9697X,2113648,찬성,2021-12-02
21,GD131760,2113648,불참,2021-12-02
21,V0O5343U,2113648,불참,2021-12-02
21,FRN1867O,2113648,찬성,2021-12-02
21,RO593601,2113648,찬성,2021-12-02
21,UB114374,2113648,기권,2021-12-02
21,GAV6441G,2113648,찬성,2021-12-02
21,7JC3239L,2113648,기권,2021-12-02
21,CNZ51556,2113648,불참,2021-12-02
21,O7R5461J,2113648,찬성,2021-12-02
21,JMY9959W,2113648,찬성,2021-12-02
21,6AR6743G,2113648,불참,2021-12-02
21,J2O8643H,2113648,불참,2021-12-02
21,6AU2417B,2113648,찬성,2021-12-02
21,8VJ8533R,2113648,찬성,2021-12-02
21,SE233396,2113648,찬성,2021-12-02
21,B7H6207C,2113648,찬성,2021-12-02
21,4U29186R,2113648,찬성,2021-12-02
21,F5Y4026Q,2113648,찬성,2021-12-02
21,1Y73132H,2113648,찬성,2021-12-02
21,I0S53762,2113648,찬성,2021-12-02
21,N9X9673B,2113648,불참,2021-12-02
21,6U243644,2113648,불참,2021-12-02
21,E9R4507P,2113648,찬성,2021-12-02
21,UHB5553T,2113648,찬성,2021-12-02
21,KFS1358P,2113648,찬성,2021-12-02
21,J9S37905,2113648,찬성,2021-12-02
21,VRY5522V,2113648,찬성,2021-12-02
21,CAA7713A,2113648,찬성,2021-12-02
21,Z6R3959C,2113648,불참,2021-12-02
21,W4X85128,2113648,기권,2021-12-02
21,Q9H5708M,2113648,찬성,2021-12-02
21,CFE3998F,2113648,찬성,2021-12-02
21,YKW37422,2113648,불참,2021-12-02
21,2NV6751W,2113648,찬성,2021-12-02
21,BM63269Y,2113648,불참,2021-12-02
21,YLS4431M,2113648,불참,2021-12-02
21,3ZR4438W,2113648,불참,2021-12-02
21,16D7652C,2113648,찬성,2021-12-02
21,XR24352K,2113648,찬성,2021-12-02
21,GOC54665,2113648,찬성,2021-12-02
21,5UN9725L,2113648,불참,2021-12-02
21,DBA1057Z,2113648,불참,2021-12-02
21,CI15627C,2113648,찬성,2021-12-02
21,C7E79345,2113648,불참,2021-12-02
21,UQ282145,2113648,찬성,2021-12-02
21,9YO73104,2113648,찬성,2021-12-02
21,TRE2429O,2113648,찬성,2021-12-02
21,2UD1340H,2113648,찬성,2021-12-02
21,9VR65006,2113648,불참,2021-12-02
21,X7I4680R,2113648,찬성,2021-12-02
21,D0C85236,2113648,기권,2021-12-02
21,XSP20229,2113648,찬성,2021-12-02
21,T465023H,2113648,찬성,2021-12-02
21,3RW63706,2113648,기권,2021-12-02
21,8X15119P,2113648,찬성,2021-12-02
21,9D939735,2113648,찬성,2021-12-02
21,TST4507I,2113648,찬성,2021-12-02
21,JC14718Q,2113648,찬성,2021-12-02
21,5KV82250,2113648,찬성,2021-12-02
21,LT72093S,2113648,찬성,2021-12-02
21,6YT83269,2113648,불참,2021-12-02
21,1MU99298,2113648,찬성,2021-12-02
21,FDC3144T,2113648,찬성,2021-12-02
21,G152611B,2113648,불참,2021-12-02
21,9LD2641Q,2113648,찬성,2021-12-02
21,FOK3459D,2113648,찬성,2021-12-02
21,QUO78839,2113648,찬성,2021-12-02
21,LPB30152,2113648,찬성,2021-12-02
21,6V37131U,2113648,찬성,2021-12-02
21,ZDP5704Q,2113648,기권,2021-12-02
21,E1J8836Y,2113648,찬성,2021-12-02
21,6EN68926,2113648,찬성,2021-12-02
21,1BX7234U,2113648,찬성,2021-12-02
21,QHL3248U,2113648,찬성,2021-12-02
21,9S151177,2113648,찬성,2021-12-02
21,TZ228122,2113648,찬성,2021-12-02
21,9V18755A,2113648,찬성,2021-12-02
21,XA42275R,2113648,찬성,2021-12-02
21,PO64874I,2113648,찬성,2021-12-02
21,EMC8812P,2113648,기권,2021-12-02
21,XJC13432,2113648,찬성,2021-12-02
21,RQQ3807K,2113648,찬성,2021-12-02
21,FH777496,2113648,찬성,2021-12-02
21,FYI20317,2113648,찬성,2021-12-02
21,ZYP7962W,2113648,불참,2021-12-02
21,CNW5754J,2113648,불참,2021-12-02
21,3249208I,2113648,찬성,2021-12-02
21,GX38539O,2113648,불참,2021-12-02
21,8Q88373R,2113648,찬성,2021-12-02
21,XEF29171,2113648,찬성,2021-12-02
21,WVU2479T,2113648,찬성,2021-12-02
21,QTW6852F,2113648,불참,2021-12-02
21,7XY7109I,2113648,불참,2021-12-02
21,L7J93733,2113648,불참,2021-12-02
21,DAV7257X,2113648,찬성,2021-12-02
21,GE71932C,2113648,불참,2021-12-02
21,17M85910,2113648,찬성,2021-12-02
21,I7R13867,2113648,찬성,2021-12-02
21,SQ36001H,2113648,찬성,2021-12-02
21,G1570880,2113648,찬성,2021-12-02
21,BT62420K,2113648,찬성,2021-12-02
21,MD083627,2113648,찬성,2021-12-02
21,TZP9391O,2113648,불참,2021-12-02
21,OSV9142K,2113648,찬성,2021-12-02
21,B7R2742J,2113648,기권,2021-12-02
21,FJK3396E,2113648,찬성,2021-12-02
21,71J2365L,2113648,불참,2021-12-02
21,7O71647Z,2113648,찬성,2021-12-02
21,W1Q6753M,2113648,불참,2021-12-02
21,RD42006Y,2113648,찬성,2021-12-02
21,TJW93720,2113648,찬성,2021-12-02
21,QKO6165V,2113648,불참,2021-12-02
21,ZRF3039U,2113648,찬성,2021-12-02
21,68P7228G,2113648,찬성,2021-12-02
21,P0F1530P,2113648,불참,2021-12-02
21,XPP2564T,2113648,불참,2021-12-02
21,LQW3652K,2113648,찬성,2021-12-02
21,PFG2137X,2113648,기권,2021-12-02
21,0YT3774N,2113648,찬성,2021-12-02
21,40S1959J,2113648,찬성,2021-12-02
21,IL74008M,2113648,찬성,2021-12-02
21,8KF7223D,2113648,찬성,2021-12-02
21,8P37634C,2113648,찬성,2021-12-02
21,N4R2421C,2113648,불참,2021-12-02
21,3C23171A,2113648,찬성,2021-12-02
21,GDG1847Z,2113648,불참,2021-12-02
21,P2N4585G,2113648,찬성,2021-12-02
21,TVF3669B,2113648,불참,2021-12-02
21,7R156073,2113648,불참,2021-12-02
21,VCP96419,2113648,찬성,2021-12-02
21,B7D7534L,2113648,불참,2021-12-02
21,GX22581L,2113648,찬성,2021-12-02
21,AFH96856,2113648,찬성,2021-12-02
21,52P3934K,2113648,불참,2021-12-02
21,6399076T,2113648,찬성,2021-12-02
21,WHV3448W,2113648,불참,2021-12-02
21,LH97552Q,2113648,기권,2021-12-02
21,TKJ4800F,2113648,찬성,2021-12-02
21,O6D8329R,2113648,찬성,2021-12-02
21,04T3751T,2113648,불참,2021-12-02
21,MSY7784L,2113648,불참,2021-12-02
21,EVH1507C,2113648,찬성,2021-12-02
21,K5F2023J,2113648,찬성,2021-12-02
21,14M56632,2113648,불참,2021-12-02
21,5MD4184K,2113648,불참,2021-12-02
21,5K93695T,2113648,찬성,2021-12-02
21,DPZ7685X,2113648,기권,2021-12-02
21,A494529E,2113648,불참,2021-12-02
21,0PK7354M,2113648,찬성,2021-12-02
21,O0I2045I,2113648,찬성,2021-12-02
21,CZB4125D,2113648,불참,2021-12-02
21,QUM8288K,2113648,불참,2021-12-02
21,UGH6481E,2113648,찬성,2021-12-02
21,S824682L,2113648,찬성,2021-12-02
21,JZY9937U,2113648,찬성,2021-12-02
21,MRK4871S,2113648,기권,2021-12-02
21,M7O7878U,2113648,불참,2021-12-02
21,MNZ4401T,2113648,찬성,2021-12-02
21,HSS7466Y,2113648,찬성,2021-12-02
21,KB04377U,2113648,찬성,2021-12-02
21,FU53642G,2113648,찬성,2021-12-02
21,MLH1404S,2113648,찬성,2021-12-02
21,8VY63414,2113648,불참,2021-12-02
21,QQP4727N,2113648,불참,2021-12-02
21,JEZ3130Q,2113648,불참,2021-12-02
21,BCQ55105,2113648,찬성,2021-12-02
21,9L57027L,2113648,불참,2021-12-02
21,LJK4960Z,2113648,찬성,2021-12-02
21,K3W33496,2113648,찬성,2021-12-02
21,M2Q9024I,2113648,찬성,2021-12-02
21,21N57758,2113648,불참,2021-12-02
21,4019850M,2113648,찬성,2021-12-02
21,E6U4345C,2113648,찬성,2021-12-02
21,7BM2933Y,2113648,찬성,2021-12-02
21,CDL93608,2113648,불참,2021-12-02
21,JNL7001A,2113648,불참,2021-12-02
21,L7T64271,2113648,찬성,2021-12-02
21,4X525582,2113648,불참,2021-12-02
21,G7512472,2113648,찬성,2021-12-02
21,3TO11703,2113648,찬성,2021-12-02
21,LM13674V,2113648,찬성,2021-12-02
21,P2N50879,2113648,찬성,2021-12-02
21,A0P4646G,2113648,불참,2021-12-02
21,A2V51235,2113648,찬성,2021-12-02
21,7I09543O,2113648,찬성,2021-12-02
21,1X376850,2113648,찬성,2021-12-02
21,3DK8989T,2113648,불참,2021-12-02
21,D4L60530,2113648,찬성,2021-12-02
21,M6H1705E,2113648,찬성,2021-12-02
21,OFE45081,2113648,찬성,2021-12-02
21,09I2323E,2113648,찬성,2021-12-02
21,NTT8182Q,2113648,찬성,2021-12-02
21,0VU8517U,2113648,불참,2021-12-02
21,HSW1214Q,2113648,기권,2021-12-02
21,WDS6044S,2113648,불참,2021-12-02
21,KR14136C,2113648,찬성,2021-12-02
21,SRP7336N,2113648,불참,2021-12-02
21,5765663F,2113648,찬성,2021-12-02
21,ZKU88693,2113648,찬성,2021-12-02
21,KNM3215T,2113648,찬성,2021-12-02
21,M7T9712V,2113648,찬성,2021-12-02
21,UM51067K,2113648,찬성,2021-12-02
21,1WE5693J,2113648,찬성,2021-12-02
21,X3170462,2113648,찬성,2021-12-02
21,8FB1535Y,2113648,찬성,2021-12-02
21,SU53086M,2113648,불참,2021-12-02
21,0WL9321T,2113648,찬성,2021-12-02
21,PZA4062H,2113648,찬성,2021-12-02
21,8348421R,2113648,불참,2021-12-02
21,H5476989,2113648,찬성,2021-12-02
21,40E3739H,2113648,찬성,2021-12-02
21,0R68099X,2113648,찬성,2021-12-02
21,2385336L,2113648,찬성,2021-12-02
21,IN328264,2113648,찬성,2021-12-02
21,XBT9550Q,2113648,찬성,2021-12-02
21,MO52543L,2113648,기권,2021-12-02
21,0W194007,2113648,찬성,2021-12-02
21,WMG57662,2113648,찬성,2021-12-02
21,NCP9875N,2113648,찬성,2021-12-02
21,WTR5885Y,2113648,찬성,2021-12-02
21,3425169D,2113648,찬성,2021-12-02
21,ICH23251,2113648,불참,2021-12-02
21,25I8709Q,2113648,찬성,2021-12-02
21,OIA3741M,2113648,찬성,2021-12-02
21,6MO8786S,2113648,찬성,2021-12-02
21,NQR1206Q,2113648,불참,2021-12-02
21,NAL4555X,2113648,불참,2021-12-02
21,OW53107J,2113648,찬성,2021-12-02
21,PEP6922S,2113648,찬성,2021-12-02
21,DAN6731C,2113648,기권,2021-12-02
21,L2I9861C,2113648,불참,2021-12-02
21,SVH3899R,2113648,찬성,2021-12-02
21,IOW8224X,2113648,찬성,2021-12-02
21,9JF4562W,2113648,찬성,2021-12-02
21,Y7K5946R,2113648,찬성,2021-12-02
21,ATB59635,2113648,찬성,2021-12-02
21,SBK1544B,2113648,불참,2021-12-02
21,S9U45255,2113648,찬성,2021-12-02
21,8SV6917G,2113648,불참,2021-12-02
21,NUB4941Z,2125818,찬성,2023-12-08
21,9S151177,2125818,불참,2023-12-08
21,USR7059P,2125818,불참,2023-12-08
21,P2N50879,2125818,찬성,2023-12-08
21,A2V51235,2125818,불참,2023-12-08
21,7469929V,2125818,찬성,2023-12-08
21,M7T9712V,2125818,불참,2023-12-08
21,1WE5693J,2125818,불참,2023-12-08
21,8FB1535Y,2125818,찬성,2023-12-08
21,MR210505,2125818,불참,2023-12-08
21,ZA54991S,2125818,찬성,2023-12-08
21,0827740Q,2125818,불참,2023-12-08
21,0W194007,2125818,찬성,2023-12-08
21,NCP9875N,2125818,찬성,2023-12-08
21,6MO8786S,2125818,찬성,2023-12-08
21,CT85313K,2125818,찬성,2023-12-08
21,L2I9861C,2125818,찬성,2023-12-08
21,KUO3574J,2125818,찬성,2023-12-08
21,8FC9697X,2125818,불참,2023-12-08
21,ZRF3039U,2125818,불참,2023-12-08
21,8KF7223D,2125818,불참,2023-12-08
21,WHV3448W,2125818,불참,2023-12-08
21,LH97552Q,2125818,찬성,2023-12-08
21,O6D8329R,2125818,불참,2023-12-08
21,MSY7784L,2125818,불참,2023-12-08
21,N9X9673B,2125818,불참,2023-12-08
21,CAA7713A,2125818,찬성,2023-12-08
21,YKW37422,2125818,찬성,2023-12-08
21,BCQ55105,2125818,찬성,2023-12-08
21,LJK4960Z,2125818,찬성,2023-12-08
21,IUD9392R,2125818,불참,2023-12-08
21,DBA1057Z,2125818,불참,2023-12-08
21,CNW5754J,2125818,찬성,2023-12-08
21,8Q88373R,2125818,불참,2023-12-08
21,LT72093S,2125818,찬성,2023-12-08
21,FDC3144T,2125818,찬성,2023-12-08
21,I7R13867,2125818,찬성,2023-12-08
21,B7R2742J,2125818,찬성,2023-12-08
21,RD42006Y,2125818,불참,2023-12-08
21,66W6739S,2125818,찬성,2023-12-08
21,F5U2979W,2125818,찬성,2023-12-08
21,YOG1280B,2125818,찬성,2023-12-08
21,FIC9046Z,2125818,불참,2023-12-08
21,DWK26447,2125818,찬성,2023-12-08
21,KFM1081G,2125818,찬성,2023-12-08
21,F0I5053J,2125818,찬성,2023-12-08
21,NLR6572J,2125818,찬성,2023-12-08
21,YTA7297R,2125818,찬성,2023-12-08
21,L7T64271,2125818,찬성,2023-12-08
21,4X525582,2125818,불참,2023-12-08
21,GKD32201,2125818,찬성,2023-12-08
21,G7512472,2125818,불참,2023-12-08
21,3TO11703,2125818,불참,2023-12-08
21,S741317G,2125818,찬성,2023-12-08
21,CCU1009B,2125818,불참,2023-12-08
21,MU69217P,2125818,불참,2023-12-08
21,2N793392,2125818,찬성,2023-12-08
21,LM13674V,2125818,불참,2023-12-08
21,QD25323M,2125818,찬성,2023-12-08
21,JVB6983V,2125818,찬성,2023-12-08
21,DAY6557K,2125818,찬성,2023-12-08
21,GP07421U,2125818,찬성,2023-12-08
21,FGI27280,2125818,불참,2023-12-08
21,4XG1439M,2125818,찬성,2023-12-08
21,A0P4646G,2125818,찬성,2023-12-08
21,7I09543O,2125818,불참,2023-12-08
21,3DK8989T,2125818,찬성,2023-12-08
21,D4L60530,2125818,불참,2023-12-08
21,M6H1705E,2125818,찬성,2023-12-08
21,OFE45081,2125818,찬성,2023-12-08
21,09I2323E,2125818,찬성,2023-12-08
21,NTT8182Q,2125818,찬성,2023-12-08
21,A3H7195R,2125818,불참,2023-12-08
21,ZYH1940A,2125818,불참,2023-12-08
21,0VU8517U,2125818,불참,2023-12-08
21,M0A1658U,2125818,불참,2023-12-08
21,HSW1214Q,2125818,찬성,2023-12-08
21,NZF1659U,2125818,불참,2023-12-08
21,WDS6044S,2125818,찬성,2023-12-08
21,3BC6890E,2125818,불참,2023-12-08
21,ZDR63255,2125818,불참,2023-12-08
21,KR14136C,2125818,불참,2023-12-08
21,5765663F,2125818,찬성,2023-12-08
21,GFF1986K,2125818,찬성,2023-12-08
21,ZKU88693,2125818,불참,2023-12-08
21,WJL30106,2125818,불참,2023-12-08
21,5KV96424,2125818,불참,2023-12-08
21,KNM3215T,2125818,불참,2023-12-08
21,60490713,2125818,불참,2023-12-08
21,UM51067K,2125818,찬성,2023-12-08
21,HKJ99607,2125818,불참,2023-12-08
21,X3170462,2125818,찬성,2023-12-08
21,MY318392,2125818,찬성,2023-12-08
21,4T026790,2125818,찬성,2023-12-08
21,EH27538E,2125818,찬성,2023-12-08
21,WFU14784,2125818,찬성,2023-12-08
21,SU53086M,2125818,불참,2023-12-08
21,0WL9321T,2125818,찬성,2023-12-08
21,PZA4062H,2125818,불참,2023-12-08
21,GF286398,2125818,불참,2023-12-08
21,8348421R,2125818,찬성,2023-12-08
21,H5476989,2125818,찬성,2023-12-08
21,JQA21112,2125818,찬성,2023-12-08
21,4L695580,2125818,찬성,2023-12-08
21,40E3739H,2125818,불참,2023-12-08
21,6FS10566,2125818,찬성,2023-12-08
21,HXT76735,2125818,불참,2023-12-08
21,RPN2293B,2125818,불참,2023-12-08
21,0R68099X,2125818,불참,2023-12-08
21,6RM29022,2125818,찬성,2023-12-08
21,MQU41854,2125818,찬성,2023-12-08
21,V429892C,2125818,불참,2023-12-08
21,2385336L,2125818,찬성,2023-12-08
21,IN328264,2125818,불참,2023-12-08
21,XBT9550Q,2125818,불참,2023-12-08
21,MO52543L,2125818,불참,2023-12-08
21,X1K3667J,2125818,불참,2023-12-08
21,WMG57662,2125818,찬성,2023-12-08
21,I5I2468R,2125818,찬성,2023-12-08
21,WTR5885Y,2125818,불참,2023-12-08
21,3425169D,2125818,찬성,2023-12-08
21,IOW1101J,2125818,불참,2023-12-08
21,25I8709Q,2125818,찬성,2023-12-08
21,OIA3741M,2125818,찬성,2023-12-08
21,XWX1513T,2125818,불참,2023-12-08
21,BLC8630L,2125818,불참,2023-12-08
21,NQR1206Q,2125818,찬성,2023-12-08
21,LG63087O,2125818,찬성,2023-12-08
21,OW53107J,2125818,불참,2023-12-08
21,PEP6922S,2125818,찬성,2023-12-08
21,DAN6731C,2125818,불참,2023-12-08
21,VG24001G,2125818,불참,2023-12-08
21,WCD5518S,2125818,찬성,2023-12-08
21,SVH3899R,2125818,찬성,2023-12-08
21,IOW8224X,2125818,불참,2023-12-08
21,9JF4562W,2125818,찬성,2023-12-08
21,Y7K5946R,2125818,찬성,2023-12-08
21,Z7Y7827F,2125818,불참,2023-12-08
21,ATB59635,2125818,찬성,2023-12-08
21,D6U6678O,2125818,찬성,2023-12-08
21,FU87526G,2125818,찬성,2023-12-08
21,S9U45255,2125818,찬성,2023-12-08
21,8SV6917G,2125818,찬성,2023-12-08
21,QKO6165V,2125818,불참,2023-12-08
21,GD131760,2125818,불참,2023-12-08
21,V0O5343U,2125818,찬성,2023-12-08
21,68P7228G,2125818,찬성,2023-12-08
21,P0F1530P,2125818,불참,2023-12-08
21,XPP2564T,2125818,찬성,2023-12-08
21,FRN1867O,2125818,불참,2023-12-08
21,LQW3652K,2125818,찬성,2023-12-08
21,RO593601,2125818,찬성,2023-12-08
21,PFG2137X,2125818,불참,2023-12-08
21,UB114374,2125818,찬성,2023-12-08
21,GAV6441G,2125818,찬성,2023-12-08
21,0YT3774N,2125818,불참,2023-12-08
21,7JC3239L,2125818,찬성,2023-12-08
21,40S1959J,2125818,불참,2023-12-08
21,IL74008M,2125818,찬성,2023-12-08
21,8P37634C,2125818,불참,2023-12-08
21,CNZ51556,2125818,찬성,2023-12-08
21,N4R2421C,2125818,찬성,2023-12-08
21,3C23171A,2125818,찬성,2023-12-08
21,GDG1847Z,2125818,찬성,2023-12-08
21,P2N4585G,2125818,찬성,2023-12-08
21,O7R5461J,2125818,불참,2023-12-08
21,JMY9959W,2125818,불참,2023-12-08
21,7R156073,2125818,찬성,2023-12-08
21,6AR6743G,2125818,불참,2023-12-08
21,J2O8643H,2125818,불참,2023-12-08
21,VCP96419,2125818,불참,2023-12-08
21,6AU2417B,2125818,불참,2023-12-08
21,8VJ8533R,2125818,찬성,2023-12-08
21,B7D7534L,2125818,찬성,2023-12-08
21,GX22581L,2125818,불참,2023-12-08
21,SE233396,2125818,찬성,2023-12-08
21,AFH96856,2125818,불참,2023-12-08
21,52P3934K,2125818,불참,2023-12-08
21,B7H6207C,2125818,찬성,2023-12-08
21,6399076T,2125818,찬성,2023-12-08
21,4U29186R,2125818,불참,2023-12-08
21,F5Y4026Q,2125818,불참,2023-12-08
21,6RD62559,2125818,찬성,2023-12-08
21,1Y73132H,2125818,찬성,2023-12-08
21,I0S53762,2125818,불참,2023-12-08
21,TKJ4800F,2125818,불참,2023-12-08
21,04T3751T,2125818,찬성,2023-12-08
21,EVH1507C,2125818,찬성,2023-12-08
21,K5F2023J,2125818,불참,2023-12-08
21,14M56632,2125818,찬성,2023-12-08
21,5MD4184K,2125818,불참,2023-12-08
21,5K93695T,2125818,불참,2023-12-08
21,DPZ7685X,2125818,불참,2023-12-08
21,6U243644,2125818,불참,2023-12-08
21,E9R4507P,2125818,찬성,2023-12-08
21,UHB5553T,2125818,찬성,2023-12-08
21,KFS1358P,2125818,찬성,2023-12-08
21,J9S37905,2125818,불참,2023-12-08
21,A494529E,2125818,불참,2023-12-08
21,VRY5522V,2125818,찬성,2023-12-08
21,0PK7354M,2125818,찬성,2023-12-08
21,O0I2045I,2125818,찬성,2023-12-08
21,CZB4125D,2125818,불참,2023-12-08
21,Z6R3959C,2125818,불참,2023-12-08
21,QUM8288K,2125818,불참,2023-12-08
21,UGH6481E,2125818,불참,2023-12-08
21,S824682L,2125818,찬성,2023-12-08
21,W4X85128,2125818,불참,2023-12-08
21,Q9H5708M,2125818,불참,2023-12-08
21,JZY9937U,2125818,불참,2023-12-08
21,MRK4871S,2125818,불참,2023-12-08
21,2NV6751W,2125818,불참,2023-12-08
21,BM63269Y,2125818,불참,2023-12-08
21,M7O7878U,2125818,찬성,2023-12-08
21,YLS4431M,2125818,찬성,2023-12-08
21,MNZ4401T,2125818,불참,2023-12-08
21,3ZR4438W,2125818,찬성,2023-12-08
21,HSS7466Y,2125818,불참,2023-12-08
21,16D7652C,2125818,불참,2023-12-08
21,KB04377U,2125818,찬성,2023-12-08
21,FU53642G,2125818,불참,2023-12-08
21,MLH1404S,2125818,불참,2023-12-08
21,8VY63414,2125818,불참,2023-12-08
21,XR24352K,2125818,찬성,2023-12-08
21,QQP4727N,2125818,불참,2023-12-08
21,JEZ3130Q,2125818,불참,2023-12-08
21,9L57027L,2125818,찬성,2023-12-08
21,GOC54665,2125818,불참,2023-12-08
21,5UN9725L,2125818,불참,2023-12-08
21,K3W33496,2125818,찬성,2023-12-08
21,NCO99988,2125818,찬성,2023-12-08
21,M2Q9024I,2125818,불참,2023-12-08
21,CI15627C,2125818,불참,2023-12-08
21,C7E79345,2125818,불참,2023-12-08
21,4019850M,2125818,불참,2023-12-08
21,UQ282145,2125818,찬성,2023-12-08
21,9YO73104,2125818,불참,2023-12-08
21,TRE2429O,2125818,찬성,2023-12-08
21,E6U4345C,2125818,불참,2023-12-08
21,7BM2933Y,2125818,찬성,2023-12-08
21,CDL93608,2125818,불참,2023-12-08
21,2UD1340H,2125818,찬성,2023-12-08
21,9VR65006,2125818,불참,2023-12-08
21,X7I4680R,2125818,찬성,2023-12-08
21,EMC8812P,2125818,찬성,2023-12-08
21,XJC13432,2125818,찬성,2023-12-08
21,XSP20229,2125818,불참,2023-12-08
21,T465023H,2125818,찬성,2023-12-08
21,3RW63706,2125818,찬성,2023-12-08
21,RQQ3807K,2125818,찬성,2023-12-08
21,FH777496,2125818,찬성,2023-12-08
21,FYI20317,2125818,찬성,2023-12-08
21,8X15119P,2125818,찬성,2023-12-08
21,ZYP7962W,2125818,찬성,2023-12-08
21,3249208I,2125818,불참,2023-12-08
21,GX38539O,2125818,찬성,2023-12-08
21,XEF29171,2125818,찬성,2023-12-08
21,WVU2479T,2125818,불참,2023-12-08
21,9D939735,2125818,불참,2023-12-08
21,QTW6852F,2125818,불참,2023-12-08
21,7XY7109I,2125818,찬성,2023-12-08
21,TST4507I,2125818,찬성,2023-12-08
21,JC14718Q,2125818,찬성,2023-12-08
21,5KV82250,2125818,찬성,2023-12-08
21,L7J93733,2125818,찬성,2023-12-08
21,DAV7257X,2125818,불참,2023-12-08
21,GE71932C,2125818,불참,2023-12-08
21,6YT83269,2125818,찬성,2023-12-08
21,1MU99298,2125818,불참,2023-12-08
21,17M85910,2125818,찬성,2023-12-08
21,G152611B,2125818,불참,2023-12-08
21,SQ36001H,2125818,불참,2023-12-08
21,G1570880,2125818,찬성,2023-12-08
21,9LD2641Q,2125818,불참,2023-12-08
21,FOK3459D,2125818,불참,2023-12-08
21,QUO78839,2125818,불참,2023-12-08
21,BT62420K,2125818,불참,2023-12-08
21,LPB30152,2125818,찬성,2023-12-08
21,MD083627,2125818,찬성,2023-12-08
21,TZP9391O,2125818,찬성,2023-12-08
21,6V37131U,2125818,불참,2023-12-08
21,OSV9142K,2125818,찬성,2023-12-08
21,FJK3396E,2125818,찬성,2023-12-08
21,ZDP5704Q,2125818,찬성,2023-12-08
21,71J2365L,2125818,불참,2023-12-08
21,7O71647Z,2125818,불참,2023-12-08
21,W1Q6753M,2125818,불참,2023-12-08
21,E1J8836Y,2125818,찬성,2023-12-08
21,6EN68926,2125818,찬성,2023-12-08
21,1BX7234U,2125818,찬성,2023-12-08
21,QHL3248U,2125818,불참,2023-12-08
21,TJW93720,2125818,불참,2023-12-08
21,TZ228122,2125818,찬성,2023-12-08
21,9V18755A,2125818,불참,2023-12-08
21,XA42275R,2125818,찬성,2023-12-08
21,PO64874I,2125818,불참,2023-12-08
21,LBC8144B,2125818,찬성,2023-12-08
21,VHK3402G,2125818,불참,2023-12-08
21,F5U2979W,2104536,찬성,2022-10-27
21,YOG1280B,2104536,불참,2022-10-27
21,DWK26447,2104536,찬성,2022-10-27
21,NUB4941Z,2104536,찬성,2022-10-27
21,NLR6572J,2104536,찬성,2022-10-27
21,YTA7297R,2104536,찬성,2022-10-27
21,JNL7001A,2104536,찬성,2022-10-27
21,L7T64271,2104536,찬성,2022-10-27
21,GKD32201,2104536,불참,2022-10-27
21,G7512472,2104536,찬성,2022-10-27
21,3TO11703,2104536,찬성,2022-10-27
21,CCU1009B,2104536,찬성,2022-10-27
21,MU69217P,2104536,찬성,2022-10-27
21,66W6739S,2104536,찬성,2022-10-27
21,LM13674V,2104536,찬성,2022-10-27
21,QD25323M,2104536,찬성,2022-10-27
21,JVB6983V,2104536,찬성,2022-10-27
21,DAY6557K,2104536,찬성,2022-10-27
21,GP07421U,2104536,찬성,2022-10-27
21,FGI27280,2104536,불참,2022-10-27
21,4XG1439M,2104536,불참,2022-10-27
21,P2N50879,2104536,찬성,2022-10-27
21,A0P4646G,2104536,기권,2022-10-27
21,A2V51235,2104536,찬성,2022-10-27
21,7I09543O,2104536,찬성,2022-10-27
21,3DK8989T,2104536,찬성,2022-10-27
21,7469929V,2104536,찬성,2022-10-27
21,D4L60530,2104536,찬성,2022-10-27
21,M6H1705E,2104536,불참,2022-10-27
21,OFE45081,2104536,찬성,2022-10-27
21,09I2323E,2104536,찬성,2022-10-27
21,ZYH1940A,2104536,찬성,2022-10-27
21,0VU8517U,2104536,불참,2022-10-27
21,M0A1658U,2104536,찬성,2022-10-27
21,WDS6044S,2104536,찬성,2022-10-27
21,3BC6890E,2104536,찬성,2022-10-27
21,ZDR63255,2104536,찬성,2022-10-27
21,KR14136C,2104536,찬성,2022-10-27
21,SRP7336N,2104536,찬성,2022-10-27
21,GFF1986K,2104536,찬성,2022-10-27
21,ZKU88693,2104536,찬성,2022-10-27
21,5KV96424,2104536,불참,2022-10-27
21,60490713,2104536,찬성,2022-10-27
21,UM51067K,2104536,찬성,2022-10-27
21,HKJ99607,2104536,찬성,2022-10-27
21,1WE5693J,2104536,불참,2022-10-27
21,X3170462,2104536,찬성,2022-10-27
21,8FB1535Y,2104536,불참,2022-10-27
21,4T026790,2104536,찬성,2022-10-27
21,SU53086M,2104536,찬성,2022-10-27
21,PZA4062H,2104536,불참,2022-10-27
21,MR210505,2104536,불참,2022-10-27
21,GF286398,2104536,찬성,2022-10-27
21,8348421R,2104536,찬성,2022-10-27
21,JQA21112,2104536,찬성,2022-10-27
21,4L695580,2104536,찬성,2022-10-27
21,40E3739H,2104536,불참,2022-10-27
21,HXT76735,2104536,찬성,2022-10-27
21,RPN2293B,2104536,불참,2022-10-27
21,0R68099X,2104536,찬성,2022-10-27
21,6RM29022,2104536,찬성,2022-10-27
21,MQU41854,2104536,불참,2022-10-27
21,V429892C,2104536,찬성,2022-10-27
21,2385336L,2104536,찬성,2022-10-27
21,IN328264,2104536,불참,2022-10-27
21,XBT9550Q,2104536,불참,2022-10-27
21,0827740Q,2104536,찬성,2022-10-27
21,0W194007,2104536,불참,2022-10-27
21,X1K3667J,2104536,찬성,2022-10-27
21,WMG57662,2104536,찬성,2022-10-27
21,NCP9875N,2104536,찬성,2022-10-27
21,I5I2468R,2104536,찬성,2022-10-27
21,WTR5885Y,2104536,찬성,2022-10-27
21,3425169D,2104536,찬성,2022-10-27
21,IOW1101J,2104536,불참,2022-10-27
21,ICH23251,2104536,찬성,2022-10-27
21,25I8709Q,2104536,찬성,2022-10-27
21,OIA3741M,2104536,찬성,2022-10-27
21,CT85313K,2104536,불참,2022-10-27
21,BLC8630L,2104536,찬성,2022-10-27
21,NQR1206Q,2104536,찬성,2022-10-27
21,LG63087O,2104536,불참,2022-10-27
21,PEP6922S,2104536,찬성,2022-10-27
21,DAN6731C,2104536,불참,2022-10-27
21,VG24001G,2104536,찬성,2022-10-27
21,L2I9861C,2104536,불참,2022-10-27
21,WCD5518S,2104536,찬성,2022-10-27
21,SVH3899R,2104536,찬성,2022-10-27
21,9JF4562W,2104536,찬성,2022-10-27
21,Y7K5946R,2104536,찬성,2022-10-27
21,ATB59635,2104536,찬성,2022-10-27
21,SBK1544B,2104536,불참,2022-10-27
21,KUO3574J,2104536,불참,2022-10-27
21,D6U6678O,2104536,기권,2022-10-27
21,FU87526G,2104536,찬성,2022-10-27
21,S9U45255,2104536,찬성,2022-10-27
21,8SV6917G,2104536,찬성,2022-10-27
21,QKO6165V,2104536,불참,2022-10-27
21,ZRF3039U,2104536,찬성,2022-10-27
21,V0O5343U,2104536,찬성,2022-10-27
21,68P7228G,2104536,찬성,2022-10-27
21,FRN1867O,2104536,찬성,2022-10-27
21,LQW3652K,2104536,찬성,2022-10-27
21,UB114374,2104536,찬성,2022-10-27
21,GAV6441G,2104536,불참,2022-10-27
21,0YT3774N,2104536,찬성,2022-10-27
21,40S1959J,2104536,찬성,2022-10-27
21,IL74008M,2104536,찬성,2022-10-27
21,8KF7223D,2104536,찬성,2022-10-27
21,CNZ51556,2104536,찬성,2022-10-27
21,N4R2421C,2104536,찬성,2022-10-27
21,3C23171A,2104536,찬성,2022-10-27
21,GDG1847Z,2104536,찬성,2022-10-27
21,P2N4585G,2104536,찬성,2022-10-27
21,JMY9959W,2104536,찬성,2022-10-27
21,7R156073,2104536,찬성,2022-10-27
21,J2O8643H,2104536,찬성,2022-10-27
21,VCP96419,2104536,찬성,2022-10-27
21,6AU2417B,2104536,불참,2022-10-27
21,8VJ8533R,2104536,불참,2022-10-27
21,SE233396,2104536,찬성,2022-10-27
21,AFH96856,2104536,찬성,2022-10-27
21,52P3934K,2104536,찬성,2022-10-27
21,6399076T,2104536,찬성,2022-10-27
21,4U29186R,2104536,기권,2022-10-27
21,F5Y4026Q,2104536,찬성,2022-10-27
21,WHV3448W,2104536,불참,2022-10-27
21,6RD62559,2104536,찬성,2022-10-27
21,1Y73132H,2104536,찬성,2022-10-27
21,I0S53762,2104536,불참,2022-10-27
21,TKJ4800F,2104536,찬성,2022-10-27
21,O6D8329R,2104536,찬성,2022-10-27
21,04T3751T,2104536,찬성,2022-10-27
21,EVH1507C,2104536,찬성,2022-10-27
21,14M56632,2104536,불참,2022-10-27
21,5MD4184K,2104536,불참,2022-10-27
21,5K93695T,2104536,찬성,2022-10-27
21,6U243644,2104536,찬성,2022-10-27
21,E9R4507P,2104536,찬성,2022-10-27
21,UHB5553T,2104536,찬성,2022-10-27
21,KFS1358P,2104536,찬성,2022-10-27
21,J9S37905,2104536,찬성,2022-10-27
21,A494529E,2104536,찬성,2022-10-27
21,VRY5522V,2104536,찬성,2022-10-27
21,CAA7713A,2104536,찬성,2022-10-27
21,0PK7354M,2104536,찬성,2022-10-27
21,O0I2045I,2104536,찬성,2022-10-27
21,CZB4125D,2104536,불참,2022-10-27
21,Z6R3959C,2104536,불참,2022-10-27
21,UGH6481E,2104536,찬성,2022-10-27
21,S824682L,2104536,찬성,2022-10-27
21,W4X85128,2104536,불참,2022-10-27
21,Q9H5708M,2104536,찬성,2022-10-27
21,JZY9937U,2104536,찬성,2022-10-27
21,MRK4871S,2104536,찬성,2022-10-27
21,YKW37422,2104536,불참,2022-10-27
21,2NV6751W,2104536,찬성,2022-10-27
21,BM63269Y,2104536,불참,2022-10-27
21,M7O7878U,2104536,찬성,2022-10-27
21,YLS4431M,2104536,찬성,2022-10-27
21,MNZ4401T,2104536,불참,2022-10-27
21,3ZR4438W,2104536,찬성,2022-10-27
21,HSS7466Y,2104536,찬성,2022-10-27
21,KB04377U,2104536,불참,2022-10-27
21,FU53642G,2104536,찬성,2022-10-27
21,MLH1404S,2104536,찬성,2022-10-27
21,8VY63414,2104536,불참,2022-10-27
21,XR24352K,2104536,찬성,2022-10-27
21,QQP4727N,2104536,불참,2022-10-27
21,JEZ3130Q,2104536,찬성,2022-10-27
21,BCQ55105,2104536,찬성,2022-10-27
21,9L57027L,2104536,찬성,2022-10-27
21,GOC54665,2104536,찬성,2022-10-27
21,5UN9725L,2104536,찬성,2022-10-27
21,LJK4960Z,2104536,찬성,2022-10-27
21,IUD9392R,2104536,찬성,2022-10-27
21,K3W33496,2104536,불참,2022-10-27
21,M2Q9024I,2104536,찬성,2022-10-27
21,DBA1057Z,2104536,찬성,2022-10-27
21,CI15627C,2104536,불참,2022-10-27
21,4019850M,2104536,찬성,2022-10-27
21,UQ282145,2104536,불참,2022-10-27
21,9YO73104,2104536,찬성,2022-10-27
21,TRE2429O,2104536,찬성,2022-10-27
21,E6U4345C,2104536,찬성,2022-10-27
21,7BM2933Y,2104536,찬성,2022-10-27
21,CDL93608,2104536,찬성,2022-10-27
21,2UD1340H,2104536,찬성,2022-10-27
21,9VR65006,2104536,찬성,2022-10-27
21,X7I4680R,2104536,불참,2022-10-27
21,EMC8812P,2104536,불참,2022-10-27
21,XSP20229,2104536,찬성,2022-10-27
21,T465023H,2104536,찬성,2022-10-27
21,3RW63706,2104536,찬성,2022-10-27
21,RQQ3807K,2104536,찬성,2022-10-27
21,FH777496,2104536,찬성,2022-10-27
21,FYI20317,2104536,찬성,2022-10-27
21,8X15119P,2104536,불참,2022-10-27
21,ZYP7962W,2104536,불참,2022-10-27
21,CNW5754J,2104536,찬성,2022-10-27
21,3249208I,2104536,찬성,2022-10-27
21,GX38539O,2104536,찬성,2022-10-27
21,8Q88373R,2104536,불참,2022-10-27
21,XEF29171,2104536,찬성,2022-10-27
21,9D939735,2104536,불참,2022-10-27
21,QTW6852F,2104536,찬성,2022-10-27
21,7XY7109I,2104536,찬성,2022-10-27
21,TST4507I,2104536,찬성,2022-10-27
21,JC14718Q,2104536,찬성,2022-10-27
21,5KV82250,2104536,찬성,2022-10-27
21,L7J93733,2104536,찬성,2022-10-27
21,GE71932C,2104536,찬성,2022-10-27
21,6YT83269,2104536,찬성,2022-10-27
21,FDC3144T,2104536,찬성,2022-10-27
21,SQ36001H,2104536,불참,2022-10-27
21,G1570880,2104536,불참,2022-10-27
21,FOK3459D,2104536,찬성,2022-10-27
21,QUO78839,2104536,찬성,2022-10-27
21,MD083627,2104536,찬성,2022-10-27
21,TZP9391O,2104536,불참,2022-10-27
21,6V37131U,2104536,찬성,2022-10-27
21,OSV9142K,2104536,찬성,2022-10-27
21,B7R2742J,2104536,찬성,2022-10-27
21,FJK3396E,2104536,찬성,2022-10-27
21,71J2365L,2104536,찬성,2022-10-27
21,7O71647Z,2104536,찬성,2022-10-27
21,W1Q6753M,2104536,찬성,2022-10-27
21,E1J8836Y,2104536,불참,2022-10-27
21,RD42006Y,2104536,불참,2022-10-27
21,6EN68926,2104536,찬성,2022-10-27
21,QHL3248U,2104536,찬성,2022-10-27
21,TJW93720,2104536,찬성,2022-10-27
21,9S151177,2104536,찬성,2022-10-27
21,TZ228122,2104536,찬성,2022-10-27
21,9V18755A,2104536,찬성,2022-10-27
21,XA42275R,2104536,찬성,2022-10-27
21,PO64874I,2104536,찬성,2022-10-27
21,VHK3402G,2104536,불참,2022-10-27
21,FIC9046Z,2104536,불참,2022-10-27
21,LBC8144B,2104536,찬성,2022-10-27
21,4X525582,2104536,불참,2022-10-27
21,S741317G,2104536,찬성,2022-10-27
21,2N793392,2104536,찬성,2022-10-27
21,USR7059P,2104536,찬성,2022-10-27
21,NTT8182Q,2104536,찬성,2022-10-27
21,A3H7195R,2104536,찬성,2022-10-27
21,HSW1214Q,2104536,불참,2022-10-27
21,NZF1659U,2104536,찬성,2022-10-27
21,5765663F,2104536,찬성,2022-10-27
21,WJL30106,2104536,불참,2022-10-27
21,KNM3215T,2104536,찬성,2022-10-27
21,M7T9712V,2104536,찬성,2022-10-27
21,MY318392,2104536,찬성,2022-10-27
21,EH27538E,2104536,찬성,2022-10-27
21,WFU14784,2104536,찬성,2022-10-27
21,0WL9321T,2104536,찬성,2022-10-27
21,H5476989,2104536,찬성,2022-10-27
21,ZA54991S,2104536,찬성,2022-10-27
21,MO52543L,2104536,찬성,2022-10-27
21,6MO8786S,2104536,불참,2022-10-27
21,XWX1513T,2104536,불참,2022-10-27
21,OW53107J,2104536,찬성,2022-10-27
21,IOW8224X,2104536,찬성,2022-10-27
21,Z7Y7827F,2104536,찬성,2022-10-27
21,8FC9697X,2104536,찬성,2022-10-27
21,GD131760,2104536,불참,2022-10-27
21,P0F1530P,2104536,불참,2022-10-27
21,XPP2564T,2104536,찬성,2022-10-27
21,RO593601,2104536,찬성,2022-10-27
21,PFG2137X,2104536,찬성,2022-10-27
21,7JC3239L,2104536,불참,2022-10-27
21,8P37634C,2104536,찬성,2022-10-27
21,O7R5461J,2104536,찬성,2022-10-27
21,6AR6743G,2104536,찬성,2022-10-27
21,B7D7534L,2104536,찬성,2022-10-27
21,GX22581L,2104536,불참,2022-10-27
21,B7H6207C,2104536,불참,2022-10-27
21,LH97552Q,2104536,찬성,2022-10-27
21,MSY7784L,2104536,불참,2022-10-27
21,K5F2023J,2104536,찬성,2022-10-27
21,N9X9673B,2104536,찬성,2022-10-27
21,DPZ7685X,2104536,찬성,2022-10-27
21,QUM8288K,2104536,찬성,2022-10-27
21,16D7652C,2104536,찬성,2022-10-27
21,C7E79345,2104536,불참,2022-10-27
21,XJC13432,2104536,불참,2022-10-27
21,WVU2479T,2104536,찬성,2022-10-27
21,DAV7257X,2104536,찬성,2022-10-27
21,LT72093S,2104536,찬성,2022-10-27
21,1MU99298,2104536,찬성,2022-10-27
21,17M85910,2104536,찬성,2022-10-27
21,G152611B,2104536,불참,2022-10-27
21,I7R13867,2104536,찬성,2022-10-27
21,9LD2641Q,2104536,찬성,2022-10-27
21,BT62420K,2104536,찬성,2022-10-27
21,LPB30152,2104536,불참,2022-10-27
21,ZDP5704Q,2104536,찬성,2022-10-27
21,1BX7234U,2104536,찬성,2022-10-27
21,KFM1081G,2104536,찬성,2022-10-27
21,XJC13432,2123992,찬성,2023-08-24
21,T465023H,2123992,찬성,2023-08-24
21,ZYP7962W,2123992,찬성,2023-08-24
21,CNW5754J,2123992,찬성,2023-08-24
21,8Q88373R,2123992,찬성,2023-08-24
21,7XY7109I,2123992,불참,2023-08-24
21,LT72093S,2123992,불참,2023-08-24
21,FDC3144T,2123992,찬성,2023-08-24
21,MD083627,2123992,찬성,2023-08-24
21,OSV9142K,2123992,찬성,2023-08-24
21,B7R2742J,2123992,찬성,2023-08-24
21,ZDP5704Q,2123992,찬성,2023-08-24
21,71J2365L,2123992,불참,2023-08-24
21,7O71647Z,2123992,찬성,2023-08-24
21,E1J8836Y,2123992,찬성,2023-08-24
21,TJW93720,2123992,찬성,2023-08-24
21,9S151177,2123992,불참,2023-08-24
21,PO64874I,2123992,불참,2023-08-24
21,S741317G,2123992,불참,2023-08-24
21,66W6739S,2123992,찬성,2023-08-24
21,QD25323M,2123992,찬성,2023-08-24
21,USR7059P,2123992,불참,2023-08-24
21,P2N50879,2123992,찬성,2023-08-24
21,A2V51235,2123992,찬성,2023-08-24
21,7I09543O,2123992,찬성,2023-08-24
21,7469929V,2123992,불참,2023-08-24
21,OFE45081,2123992,찬성,2023-08-24
21,M7T9712V,2123992,불참,2023-08-24
21,HKJ99607,2123992,찬성,2023-08-24
21,1WE5693J,2123992,불참,2023-08-24
21,X3170462,2123992,찬성,2023-08-24
21,MY318392,2123992,찬성,2023-08-24
21,8FB1535Y,2123992,찬성,2023-08-24
21,SU53086M,2123992,찬성,2023-08-24
21,MR210505,2123992,불참,2023-08-24
21,40E3739H,2123992,찬성,2023-08-24
21,RPN2293B,2123992,불참,2023-08-24
21,ZA54991S,2123992,불참,2023-08-24
21,0827740Q,2123992,찬성,2023-08-24
21,0W194007,2123992,찬성,2023-08-24
21,NCP9875N,2123992,찬성,2023-08-24
21,I5I2468R,2123992,찬성,2023-08-24
21,3425169D,2123992,찬성,2023-08-24
21,CT85313K,2123992,찬성,2023-08-24
21,BLC8630L,2123992,찬성,2023-08-24
21,NQR1206Q,2123992,찬성,2023-08-24
21,KUO3574J,2123992,불참,2023-08-24
21,D6U6678O,2123992,찬성,2023-08-24
21,8FC9697X,2123992,불참,2023-08-24
21,ZRF3039U,2123992,찬성,2023-08-24
21,68P7228G,2123992,불참,2023-08-24
21,P0F1530P,2123992,불참,2023-08-24
21,LQW3652K,2123992,찬성,2023-08-24
21,0YT3774N,2123992,찬성,2023-08-24
21,IL74008M,2123992,찬성,2023-08-24
21,8KF7223D,2123992,불참,2023-08-24
21,CNZ51556,2123992,찬성,2023-08-24
21,N4R2421C,2123992,찬성,2023-08-24
21,3C23171A,2123992,찬성,2023-08-24
21,GDG1847Z,2123992,찬성,2023-08-24
21,P2N4585G,2123992,찬성,2023-08-24
21,VCP96419,2123992,찬성,2023-08-24
21,6AU2417B,2123992,불참,2023-08-24
21,B7D7534L,2123992,불참,2023-08-24
21,6399076T,2123992,찬성,2023-08-24
21,WHV3448W,2123992,찬성,2023-08-24
21,04T3751T,2123992,찬성,2023-08-24
21,N9X9673B,2123992,찬성,2023-08-24
21,CAA7713A,2123992,찬성,2023-08-24
21,UGH6481E,2123992,찬성,2023-08-24
21,JZY9937U,2123992,불참,2023-08-24
21,YKW37422,2123992,불참,2023-08-24
21,KB04377U,2123992,찬성,2023-08-24
21,FU53642G,2123992,찬성,2023-08-24
21,MLH1404S,2123992,불참,2023-08-24
21,9L57027L,2123992,불참,2023-08-24
21,IUD9392R,2123992,불참,2023-08-24
21,DBA1057Z,2123992,찬성,2023-08-24
21,CI15627C,2123992,불참,2023-08-24
21,UQ282145,2123992,불참,2023-08-24
21,TRE2429O,2123992,찬성,2023-08-24
21,9VR65006,2123992,찬성,2023-08-24
21,F5U2979W,2123992,찬성,2023-08-24
21,YOG1280B,2123992,찬성,2023-08-24
21,FIC9046Z,2123992,불참,2023-08-24
21,DWK26447,2123992,찬성,2023-08-24
21,NUB4941Z,2123992,불참,2023-08-24
21,KFM1081G,2123992,불참,2023-08-24
21,NLR6572J,2123992,찬성,2023-08-24
21,YTA7297R,2123992,찬성,2023-08-24
21,L7T64271,2123992,찬성,2023-08-24
21,4X525582,2123992,불참,2023-08-24
21,GKD32201,2123992,찬성,2023-08-24
21,G7512472,2123992,찬성,2023-08-24
21,3TO11703,2123992,찬성,2023-08-24
21,CCU1009B,2123992,찬성,2023-08-24
21,MU69217P,2123992,불참,2023-08-24
21,2N793392,2123992,불참,2023-08-24
21,LM13674V,2123992,찬성,2023-08-24
21,JVB6983V,2123992,찬성,2023-08-24
21,DAY6557K,2123992,찬성,2023-08-24
21,GP07421U,2123992,찬성,2023-08-24
21,FGI27280,2123992,불참,2023-08-24
21,4XG1439M,2123992,찬성,2023-08-24
21,A0P4646G,2123992,불참,2023-08-24
21,3DK8989T,2123992,찬성,2023-08-24
21,D4L60530,2123992,찬성,2023-08-24
21,M6H1705E,2123992,찬성,2023-08-24
21,09I2323E,2123992,찬성,2023-08-24
21,NTT8182Q,2123992,찬성,2023-08-24
21,A3H7195R,2123992,불참,2023-08-24
21,ZYH1940A,2123992,찬성,2023-08-24
21,0VU8517U,2123992,찬성,2023-08-24
21,M0A1658U,2123992,찬성,2023-08-24
21,HSW1214Q,2123992,찬성,2023-08-24
21,NZF1659U,2123992,찬성,2023-08-24
21,WDS6044S,2123992,찬성,2023-08-24
21,3BC6890E,2123992,찬성,2023-08-24
21,ZDR63255,2123992,찬성,2023-08-24
21,KR14136C,2123992,불참,2023-08-24
21,SRP7336N,2123992,찬성,2023-08-24
21,5765663F,2123992,불참,2023-08-24
21,GFF1986K,2123992,찬성,2023-08-24
21,ZKU88693,2123992,찬성,2023-08-24
21,WJL30106,2123992,불참,2023-08-24
21,5KV96424,2123992,불참,2023-08-24
21,KNM3215T,2123992,찬성,2023-08-24
21,60490713,2123992,불참,2023-08-24
21,UM51067K,2123992,찬성,2023-08-24
21,4T026790,2123992,불참,2023-08-24
21,EH27538E,2123992,찬성,2023-08-24
21,WFU14784,2123992,찬성,2023-08-24
21,0WL9321T,2123992,찬성,2023-08-24
21,PZA4062H,2123992,찬성,2023-08-24
21,GF286398,2123992,찬성,2023-08-24
21,8348421R,2123992,불참,2023-08-24
21,H5476989,2123992,불참,2023-08-24
21,JQA21112,2123992,찬성,2023-08-24
21,4L695580,2123992,찬성,2023-08-24
21,6FS10566,2123992,찬성,2023-08-24
21,HXT76735,2123992,찬성,2023-08-24
21,0R68099X,2123992,찬성,2023-08-24
21,6RM29022,2123992,찬성,2023-08-24
21,MQU41854,2123992,불참,2023-08-24
21,V429892C,2123992,찬성,2023-08-24
21,2385336L,2123992,찬성,2023-08-24
21,IN328264,2123992,찬성,2023-08-24
21,XBT9550Q,2123992,찬성,2023-08-24
21,MO52543L,2123992,불참,2023-08-24
21,X1K3667J,2123992,불참,2023-08-24
21,WMG57662,2123992,찬성,2023-08-24
21,WTR5885Y,2123992,불참,2023-08-24
21,IOW1101J,2123992,불참,2023-08-24
21,ICH23251,2123992,불참,2023-08-24
21,25I8709Q,2123992,불참,2023-08-24
21,OIA3741M,2123992,찬성,2023-08-24
21,6MO8786S,2123992,찬성,2023-08-24
21,XWX1513T,2123992,찬성,2023-08-24
21,LG63087O,2123992,찬성,2023-08-24
21,OW53107J,2123992,찬성,2023-08-24
21,PEP6922S,2123992,불참,2023-08-24
21,DAN6731C,2123992,찬성,2023-08-24
21,VG24001G,2123992,찬성,2023-08-24
21,L2I9861C,2123992,찬성,2023-08-24
21,WCD5518S,2123992,찬성,2023-08-24
21,SVH3899R,2123992,찬성,2023-08-24
21,IOW8224X,2123992,찬성,2023-08-24
21,9JF4562W,2123992,찬성,2023-08-24
21,Y7K5946R,2123992,불참,2023-08-24
21,Z7Y7827F,2123992,찬성,2023-08-24
21,ATB59635,2123992,불참,2023-08-24
21,FU87526G,2123992,불참,2023-08-24
21,S9U45255,2123992,찬성,2023-08-24
21,8SV6917G,2123992,찬성,2023-08-24
21,QKO6165V,2123992,불참,2023-08-24
21,GD131760,2123992,찬성,2023-08-24
21,V0O5343U,2123992,찬성,2023-08-24
21,XPP2564T,2123992,불참,2023-08-24
21,FRN1867O,2123992,불참,2023-08-24
21,RO593601,2123992,찬성,2023-08-24
21,PFG2137X,2123992,찬성,2023-08-24
21,UB114374,2123992,찬성,2023-08-24
21,GAV6441G,2123992,찬성,2023-08-24
21,7JC3239L,2123992,찬성,2023-08-24
21,40S1959J,2123992,찬성,2023-08-24
21,8P37634C,2123992,찬성,2023-08-24
21,O7R5461J,2123992,찬성,2023-08-24
21,JMY9959W,2123992,불참,2023-08-24
21,7R156073,2123992,불참,2023-08-24
21,6AR6743G,2123992,불참,2023-08-24
21,J2O8643H,2123992,찬성,2023-08-24
21,8VJ8533R,2123992,기권,2023-08-24
21,GX22581L,2123992,찬성,2023-08-24
21,SE233396,2123992,찬성,2023-08-24
21,AFH96856,2123992,불참,2023-08-24
21,52P3934K,2123992,찬성,2023-08-24
21,B7H6207C,2123992,찬성,2023-08-24
21,4U29186R,2123992,찬성,2023-08-24
21,F5Y4026Q,2123992,찬성,2023-08-24
21,6RD62559,2123992,찬성,2023-08-24
21,1Y73132H,2123992,찬성,2023-08-24
21,I0S53762,2123992,불참,2023-08-24
21,LH97552Q,2123992,찬성,2023-08-24
21,TKJ4800F,2123992,찬성,2023-08-24
21,O6D8329R,2123992,찬성,2023-08-24
21,MSY7784L,2123992,찬성,2023-08-24
21,EVH1507C,2123992,찬성,2023-08-24
21,K5F2023J,2123992,찬성,2023-08-24
21,14M56632,2123992,찬성,2023-08-24
21,5MD4184K,2123992,찬성,2023-08-24
21,5K93695T,2123992,불참,2023-08-24
21,DPZ7685X,2123992,찬성,2023-08-24
21,6U243644,2123992,불참,2023-08-24
21,E9R4507P,2123992,찬성,2023-08-24
21,UHB5553T,2123992,찬성,2023-08-24
21,KFS1358P,2123992,찬성,2023-08-24
21,J9S37905,2123992,찬성,2023-08-24
21,A494529E,2123992,불참,2023-08-24
21,VRY5522V,2123992,기권,2023-08-24
21,0PK7354M,2123992,불참,2023-08-24
21,O0I2045I,2123992,불참,2023-08-24
21,CZB4125D,2123992,불참,2023-08-24
21,Z6R3959C,2123992,찬성,2023-08-24
21,QUM8288K,2123992,불참,2023-08-24
21,S824682L,2123992,찬성,2023-08-24
21,W4X85128,2123992,찬성,2023-08-24
21,Q9H5708M,2123992,불참,2023-08-24
21,MRK4871S,2123992,찬성,2023-08-24
21,2NV6751W,2123992,찬성,2023-08-24
21,BM63269Y,2123992,찬성,2023-08-24
21,M7O7878U,2123992,찬성,2023-08-24
21,YLS4431M,2123992,불참,2023-08-24
21,MNZ4401T,2123992,찬성,2023-08-24
21,3ZR4438W,2123992,찬성,2023-08-24
21,HSS7466Y,2123992,찬성,2023-08-24
21,16D7652C,2123992,찬성,2023-08-24
21,8VY63414,2123992,찬성,2023-08-24
21,XR24352K,2123992,찬성,2023-08-24
21,QQP4727N,2123992,찬성,2023-08-24
21,JEZ3130Q,2123992,찬성,2023-08-24
21,BCQ55105,2123992,불참,2023-08-24
21,GOC54665,2123992,불참,2023-08-24
21,5UN9725L,2123992,찬성,2023-08-24
21,LJK4960Z,2123992,불참,2023-08-24
21,K3W33496,2123992,찬성,2023-08-24
21,M2Q9024I,2123992,불참,2023-08-24
21,C7E79345,2123992,불참,2023-08-24
21,4019850M,2123992,찬성,2023-08-24
21,9YO73104,2123992,찬성,2023-08-24
21,E6U4345C,2123992,불참,2023-08-24
21,7BM2933Y,2123992,찬성,2023-08-24
21,CDL93608,2123992,불참,2023-08-24
21,2UD1340H,2123992,찬성,2023-08-24
21,X7I4680R,2123992,불참,2023-08-24
21,EMC8812P,2123992,찬성,2023-08-24
21,XSP20229,2123992,찬성,2023-08-24
21,3RW63706,2123992,찬성,2023-08-24
21,RQQ3807K,2123992,찬성,2023-08-24
21,FH777496,2123992,찬성,2023-08-24
21,FYI20317,2123992,불참,2023-08-24
21,8X15119P,2123992,찬성,2023-08-24
21,3249208I,2123992,찬성,2023-08-24
21,GX38539O,2123992,불참,2023-08-24
21,XEF29171,2123992,찬성,2023-08-24
21,WVU2479T,2123992,찬성,2023-08-24
21,9D939735,2123992,불참,2023-08-24
21,QTW6852F,2123992,찬성,2023-08-24
21,TST4507I,2123992,찬성,2023-08-24
21,JC14718Q,2123992,찬성,2023-08-24
21,5KV82250,2123992,찬성,2023-08-24
21,L7J93733,2123992,찬성,2023-08-24
21,DAV7257X,2123992,찬성,2023-08-24
21,GE71932C,2123992,찬성,2023-08-24
21,6YT83269,2123992,찬성,2023-08-24
21,1MU99298,2123992,불참,2023-08-24
21,17M85910,2123992,불참,2023-08-24
21,G152611B,2123992,불참,2023-08-24
21,I7R13867,2123992,찬성,2023-08-24
21,SQ36001H,2123992,불참,2023-08-24
21,G1570880,2123992,찬성,2023-08-24
21,9LD2641Q,2123992,찬성,2023-08-24
21,FOK3459D,2123992,찬성,2023-08-24
21,QUO78839,2123992,찬성,2023-08-24
21,BT62420K,2123992,불참,2023-08-24
21,LPB30152,2123992,불참,2023-08-24
21,TZP9391O,2123992,찬성,2023-08-24
21,6V37131U,2123992,불참,2023-08-24
21,FJK3396E,2123992,찬성,2023-08-24
21,W1Q6753M,2123992,찬성,2023-08-24
21,RD42006Y,2123992,찬성,2023-08-24
21,6EN68926,2123992,찬성,2023-08-24
21,1BX7234U,2123992,찬성,2023-08-24
21,QHL3248U,2123992,불참,2023-08-24
21,TZ228122,2123992,불참,2023-08-24
21,9V18755A,2123992,불참,2023-08-24
21,XA42275R,2123992,찬성,2023-08-24
21,LBC8144B,2123992,찬성,2023-08-24
21,VHK3402G,2123992,찬성,2023-08-24
21,WHV3448W,2126212,찬성,2024-01-09
21,O6D8329R,2126212,찬성,2024-01-09
21,N9X9673B,2126212,불참,2024-01-09
21,5K93695T,2126212,찬성,2024-01-09
21,E9R4507P,2126212,찬성,2024-01-09
21,J9S37905,2126212,불참,2024-01-09
21,VRY5522V,2126212,찬성,2024-01-09
21,0PK7354M,2126212,찬성,2024-01-09
21,CZB4125D,2126212,불참,2024-01-09
21,Z6R3959C,2126212,불참,2024-01-09
21,UGH6481E,2126212,찬성,2024-01-09
21,JZY9937U,2126212,불참,2024-01-09
21,YKW37422,2126212,찬성,2024-01-09
21,8VY63414,2126212,찬성,2024-01-09
21,JEZ3130Q,2126212,불참,2024-01-09
21,BCQ55105,2126212,찬성,2024-01-09
21,5UN9725L,2126212,불참,2024-01-09
21,IUD9392R,2126212,불참,2024-01-09
21,M2Q9024I,2126212,불참,2024-01-09
21,DBA1057Z,2126212,불참,2024-01-09
21,UQ282145,2126212,불참,2024-01-09
21,9VR65006,2126212,불참,2024-01-09
21,EMC8812P,2126212,찬성,2024-01-09
21,XJC13432,2126212,찬성,2024-01-09
21,T465023H,2126212,불참,2024-01-09
21,3RW63706,2126212,찬성,2024-01-09
21,RQQ3807K,2126212,불참,2024-01-09
21,CNW5754J,2126212,찬성,2024-01-09
21,3249208I,2126212,찬성,2024-01-09
21,GX38539O,2126212,찬성,2024-01-09
21,8Q88373R,2126212,불참,2024-01-09
21,JC14718Q,2126212,찬성,2024-01-09
21,5KV82250,2126212,찬성,2024-01-09
21,LT72093S,2126212,찬성,2024-01-09
21,FDC3144T,2126212,찬성,2024-01-09
21,I7R13867,2126212,불참,2024-01-09
21,SQ36001H,2126212,찬성,2024-01-09
21,9LD2641Q,2126212,찬성,2024-01-09
21,MD083627,2126212,찬성,2024-01-09
21,OSV9142K,2126212,찬성,2024-01-09
21,B7R2742J,2126212,찬성,2024-01-09
21,ZDP5704Q,2126212,찬성,2024-01-09
21,7O71647Z,2126212,찬성,2024-01-09
21,E1J8836Y,2126212,찬성,2024-01-09
21,RD42006Y,2126212,불참,2024-01-09
21,6EN68926,2126212,찬성,2024-01-09
21,TJW93720,2126212,찬성,2024-01-09
21,9S151177,2126212,찬성,2024-01-09
21,PO64874I,2126212,찬성,2024-01-09
21,F5U2979W,2126212,불참,2024-01-09
21,NUB4941Z,2126212,찬성,2024-01-09
21,YTA7297R,2126212,찬성,2024-01-09
21,G7512472,2126212,찬성,2024-01-09
21,3TO11703,2126212,찬성,2024-01-09
21,P2N50879,2126212,찬성,2024-01-09
21,A0P4646G,2126212,찬성,2024-01-09
21,A2V51235,2126212,찬성,2024-01-09
21,7I09543O,2126212,찬성,2024-01-09
21,3DK8989T,2126212,찬성,2024-01-09
21,OFE45081,2126212,찬성,2024-01-09
21,ZYH1940A,2126212,찬성,2024-01-09
21,M0A1658U,2126212,찬성,2024-01-09
21,HSW1214Q,2126212,찬성,2024-01-09
21,3BC6890E,2126212,찬성,2024-01-09
21,ZKU88693,2126212,찬성,2024-01-09
21,WJL30106,2126212,찬성,2024-01-09
21,60490713,2126212,찬성,2024-01-09
21,1WE5693J,2126212,불참,2024-01-09
21,X3170462,2126212,불참,2024-01-09
21,8FB1535Y,2126212,찬성,2024-01-09
21,WFU14784,2126212,찬성,2024-01-09
21,SU53086M,2126212,찬성,2024-01-09
21,0WL9321T,2126212,찬성,2024-01-09
21,JQA21112,2126212,찬성,2024-01-09
21,4L695580,2126212,찬성,2024-01-09
21,RPN2293B,2126212,찬성,2024-01-09
21,MQU41854,2126212,불참,2024-01-09
21,V429892C,2126212,찬성,2024-01-09
21,0827740Q,2126212,찬성,2024-01-09
21,0W194007,2126212,찬성,2024-01-09
21,NCP9875N,2126212,찬성,2024-01-09
21,I5I2468R,2126212,찬성,2024-01-09
21,3425169D,2126212,찬성,2024-01-09
21,CT85313K,2126212,찬성,2024-01-09
21,BLC8630L,2126212,찬성,2024-01-09
21,NQR1206Q,2126212,찬성,2024-01-09
21,LG63087O,2126212,찬성,2024-01-09
21,VG24001G,2126212,찬성,2024-01-09
21,WCD5518S,2126212,찬성,2024-01-09
21,SVH3899R,2126212,찬성,2024-01-09
21,KUO3574J,2126212,찬성,2024-01-09
21,D6U6678O,2126212,찬성,2024-01-09
21,S9U45255,2126212,찬성,2024-01-09
21,8FC9697X,2126212,찬성,2024-01-09
21,QKO6165V,2126212,불참,2024-01-09
21,ZRF3039U,2126212,찬성,2024-01-09
21,68P7228G,2126212,찬성,2024-01-09
21,GAV6441G,2126212,찬성,2024-01-09
21,0YT3774N,2126212,찬성,2024-01-09
21,40S1959J,2126212,찬성,2024-01-09
21,IL74008M,2126212,찬성,2024-01-09
21,8KF7223D,2126212,찬성,2024-01-09
21,3C23171A,2126212,찬성,2024-01-09
21,P2N4585G,2126212,찬성,2024-01-09
21,6AR6743G,2126212,불참,2024-01-09
21,VCP96419,2126212,찬성,2024-01-09
21,B7D7534L,2126212,찬성,2024-01-09
21,GX22581L,2126212,찬성,2024-01-09
21,52P3934K,2126212,찬성,2024-01-09
21,B7H6207C,2126212,찬성,2024-01-09
21,6399076T,2126212,찬성,2024-01-09
21,4U29186R,2126212,찬성,2024-01-09
21,F5Y4026Q,2126212,찬성,2024-01-09
21,YOG1280B,2126212,찬성,2024-01-09
21,FIC9046Z,2126212,찬성,2024-01-09
21,DWK26447,2126212,찬성,2024-01-09
21,KFM1081G,2126212,불참,2024-01-09
21,F0I5053J,2126212,찬성,2024-01-09
21,MSO2590I,2126212,찬성,2024-01-09
21,NLR6572J,2126212,찬성,2024-01-09
21,L7T64271,2126212,찬성,2024-01-09
21,4X525582,2126212,불참,2024-01-09
21,GKD32201,2126212,찬성,2024-01-09
21,S741317G,2126212,찬성,2024-01-09
21,CCU1009B,2126212,찬성,2024-01-09
21,MU69217P,2126212,찬성,2024-01-09
21,2N793392,2126212,찬성,2024-01-09
21,LM13674V,2126212,불참,2024-01-09
21,QD25323M,2126212,찬성,2024-01-09
21,JVB6983V,2126212,찬성,2024-01-09
21,DAY6557K,2126212,찬성,2024-01-09
21,GP07421U,2126212,찬성,2024-01-09
21,FGI27280,2126212,불참,2024-01-09
21,USR7059P,2126212,찬성,2024-01-09
21,4XG1439M,2126212,찬성,2024-01-09
21,7469929V,2126212,찬성,2024-01-09
21,D4L60530,2126212,불참,2024-01-09
21,M6H1705E,2126212,찬성,2024-01-09
21,09I2323E,2126212,찬성,2024-01-09
21,NTT8182Q,2126212,찬성,2024-01-09
21,A3H7195R,2126212,찬성,2024-01-09
21,0VU8517U,2126212,불참,2024-01-09
21,NZF1659U,2126212,불참,2024-01-09
21,WDS6044S,2126212,찬성,2024-01-09
21,ZDR63255,2126212,찬성,2024-01-09
21,KR14136C,2126212,찬성,2024-01-09
21,5765663F,2126212,찬성,2024-01-09
21,GFF1986K,2126212,찬성,2024-01-09
21,5KV96424,2126212,찬성,2024-01-09
21,KNM3215T,2126212,불참,2024-01-09
21,M7T9712V,2126212,기권,2024-01-09
21,UM51067K,2126212,찬성,2024-01-09
21,HKJ99607,2126212,찬성,2024-01-09
21,MY318392,2126212,찬성,2024-01-09
21,4T026790,2126212,찬성,2024-01-09
21,EH27538E,2126212,찬성,2024-01-09
21,PZA4062H,2126212,찬성,2024-01-09
21,MR210505,2126212,찬성,2024-01-09
21,GF286398,2126212,불참,2024-01-09
21,8348421R,2126212,찬성,2024-01-09
21,H5476989,2126212,불참,2024-01-09
21,40E3739H,2126212,찬성,2024-01-09
21,6FS10566,2126212,기권,2024-01-09
21,HXT76735,2126212,찬성,2024-01-09
21,0R68099X,2126212,찬성,2024-01-09
21,6RM29022,2126212,찬성,2024-01-09
21,2385336L,2126212,찬성,2024-01-09
21,IN328264,2126212,불참,2024-01-09
21,XBT9550Q,2126212,찬성,2024-01-09
21,ZA54991S,2126212,찬성,2024-01-09
21,MO52543L,2126212,찬성,2024-01-09
21,X1K3667J,2126212,불참,2024-01-09
21,WMG57662,2126212,찬성,2024-01-09
21,WTR5885Y,2126212,찬성,2024-01-09
21,IOW1101J,2126212,찬성,2024-01-09
21,25I8709Q,2126212,찬성,2024-01-09
21,OIA3741M,2126212,찬성,2024-01-09
21,6MO8786S,2126212,찬성,2024-01-09
21,XWX1513T,2126212,불참,2024-01-09
21,OW53107J,2126212,찬성,2024-01-09
21,PEP6922S,2126212,찬성,2024-01-09
21,DAN6731C,2126212,찬성,2024-01-09
21,L2I9861C,2126212,찬성,2024-01-09
21,IOW8224X,2126212,찬성,2024-01-09
21,9JF4562W,2126212,찬성,2024-01-09
21,Y7K5946R,2126212,찬성,2024-01-09
21,Z7Y7827F,2126212,찬성,2024-01-09
21,ATB59635,2126212,찬성,2024-01-09
21,FU87526G,2126212,찬성,2024-01-09
21,8SV6917G,2126212,불참,2024-01-09
21,GD131760,2126212,찬성,2024-01-09
21,V0O5343U,2126212,불참,2024-01-09
21,P0F1530P,2126212,찬성,2024-01-09
21,XPP2564T,2126212,찬성,2024-01-09
21,FRN1867O,2126212,불참,2024-01-09
21,LQW3652K,2126212,불참,2024-01-09
21,RO593601,2126212,찬성,2024-01-09
21,PFG2137X,2126212,찬성,2024-01-09
21,UB114374,2126212,불참,2024-01-09
21,7JC3239L,2126212,찬성,2024-01-09
21,8P37634C,2126212,찬성,2024-01-09
21,CNZ51556,2126212,찬성,2024-01-09
21,N4R2421C,2126212,찬성,2024-01-09
21,GDG1847Z,2126212,찬성,2024-01-09
21,O7R5461J,2126212,찬성,2024-01-09
21,JMY9959W,2126212,불참,2024-01-09
21,7R156073,2126212,찬성,2024-01-09
21,J2O8643H,2126212,불참,2024-01-09
21,6AU2417B,2126212,찬성,2024-01-09
21,8VJ8533R,2126212,찬성,2024-01-09
21,SE233396,2126212,불참,2024-01-09
21,AFH96856,2126212,불참,2024-01-09
21,6RD62559,2126212,찬성,2024-01-09
21,1Y73132H,2126212,찬성,2024-01-09
21,I0S53762,2126212,찬성,2024-01-09
21,LH97552Q,2126212,찬성,2024-01-09
21,TKJ4800F,2126212,찬성,2024-01-09
21,04T3751T,2126212,찬성,2024-01-09
21,MSY7784L,2126212,찬성,2024-01-09
21,EVH1507C,2126212,찬성,2024-01-09
21,K5F2023J,2126212,찬성,2024-01-09
21,14M56632,2126212,찬성,2024-01-09
21,5MD4184K,2126212,찬성,2024-01-09
21,DPZ7685X,2126212,찬성,2024-01-09
21,6U243644,2126212,찬성,2024-01-09
21,UHB5553T,2126212,불참,2024-01-09
21,KFS1358P,2126212,찬성,2024-01-09
21,A494529E,2126212,불참,2024-01-09
21,CAA7713A,2126212,찬성,2024-01-09
21,O0I2045I,2126212,찬성,2024-01-09
21,QUM8288K,2126212,불참,2024-01-09
21,S824682L,2126212,찬성,2024-01-09
21,W4X85128,2126212,찬성,2024-01-09
21,Q9H5708M,2126212,불참,2024-01-09
21,MRK4871S,2126212,찬성,2024-01-09
21,2NV6751W,2126212,찬성,2024-01-09
21,BM63269Y,2126212,찬성,2024-01-09
21,M7O7878U,2126212,불참,2024-01-09
21,YLS4431M,2126212,찬성,2024-01-09
21,MNZ4401T,2126212,찬성,2024-01-09
21,3ZR4438W,2126212,찬성,2024-01-09
21,HSS7466Y,2126212,찬성,2024-01-09
21,16D7652C,2126212,불참,2024-01-09
21,KB04377U,2126212,찬성,2024-01-09
21,FU53642G,2126212,찬성,2024-01-09
21,MLH1404S,2126212,찬성,2024-01-09
21,XR24352K,2126212,찬성,2024-01-09
21,QQP4727N,2126212,불참,2024-01-09
21,9L57027L,2126212,찬성,2024-01-09
21,GOC54665,2126212,불참,2024-01-09
21,LJK4960Z,2126212,찬성,2024-01-09
21,K3W33496,2126212,찬성,2024-01-09
21,NCO99988,2126212,찬성,2024-01-09
21,CI15627C,2126212,불참,2024-01-09
21,C7E79345,2126212,불참,2024-01-09
21,4019850M,2126212,찬성,2024-01-09
21,9YO73104,2126212,찬성,2024-01-09
21,TRE2429O,2126212,불참,2024-01-09
21,E6U4345C,2126212,찬성,2024-01-09
21,7BM2933Y,2126212,찬성,2024-01-09
21,CDL93608,2126212,불참,2024-01-09
21,2UD1340H,2126212,불참,2024-01-09
21,X7I4680R,2126212,찬성,2024-01-09
21,XSP20229,2126212,찬성,2024-01-09
21,FH777496,2126212,찬성,2024-01-09
21,FYI20317,2126212,찬성,2024-01-09
21,8X15119P,2126212,불참,2024-01-09
21,ZYP7962W,2126212,찬성,2024-01-09
21,XEF29171,2126212,찬성,2024-01-09
21,WVU2479T,2126212,불참,2024-01-09
21,9D939735,2126212,불참,2024-01-09
21,QTW6852F,2126212,찬성,2024-01-09
21,7XY7109I,2126212,찬성,2024-01-09
21,TST4507I,2126212,불참,2024-01-09
21,L7J93733,2126212,찬성,2024-01-09
21,DAV7257X,2126212,찬성,2024-01-09
21,GE71932C,2126212,찬성,2024-01-09
21,6YT83269,2126212,불참,2024-01-09
21,1MU99298,2126212,찬성,2024-01-09
21,17M85910,2126212,찬성,2024-01-09
21,G152611B,2126212,찬성,2024-01-09
21,G1570880,2126212,찬성,2024-01-09
21,FOK3459D,2126212,불참,2024-01-09
21,QUO78839,2126212,찬성,2024-01-09
21,BT62420K,2126212,불참,2024-01-09
21,LPB30152,2126212,찬성,2024-01-09
21,TZP9391O,2126212,찬성,2024-01-09
21,6V37131U,2126212,찬성,2024-01-09
21,FJK3396E,2126212,찬성,2024-01-09
21,71J2365L,2126212,찬성,2024-01-09
21,W1Q6753M,2126212,찬성,2024-01-09
21,1BX7234U,2126212,찬성,2024-01-09
21,QHL3248U,2126212,불참,2024-01-09
21,TZ228122,2126212,찬성,2024-01-09
21,9V18755A,2126212,찬성,2024-01-09
21,XA42275R,2126212,찬성,2024-01-09
21,LBC8144B,2126212,찬성,2024-01-09
21,VHK3402G,2126212,찬성,2024-01-09
21,T465023H,2111659,찬성,2021-07-23
21,RQQ3807K,2111659,찬성,2021-07-23
21,7XY7109I,2111659,찬성,2021-07-23
21,TST4507I,2111659,찬성,2021-07-23
21,JC14718Q,2111659,찬성,2021-07-23
21,5KV82250,2111659,찬성,2021-07-23
21,1MU99298,2111659,찬성,2021-07-23
21,FDC3144T,2111659,찬성,2021-07-23
21,17M85910,2111659,찬성,2021-07-23
21,9LD2641Q,2111659,찬성,2021-07-23
21,BT62420K,2111659,찬성,2021-07-23
21,6V37131U,2111659,찬성,2021-07-23
21,1BX7234U,2111659,찬성,2021-07-23
21,QHL3248U,2111659,찬성,2021-07-23
21,9V18755A,2111659,찬성,2021-07-23
21,FIC9046Z,2111659,불참,2021-07-23
21,GKD32201,2111659,찬성,2021-07-23
21,2N793392,2111659,찬성,2021-07-23
21,QD25323M,2111659,찬성,2021-07-23
21,DAY6557K,2111659,찬성,2021-07-23
21,A0P4646G,2111659,찬성,2021-07-23
21,7I09543O,2111659,찬성,2021-07-23
21,3DK8989T,2111659,불참,2021-07-23
21,7469929V,2111659,찬성,2021-07-23
21,09I2323E,2111659,찬성,2021-07-23
21,A3H7195R,2111659,찬성,2021-07-23
21,HSW1214Q,2111659,찬성,2021-07-23
21,ZDR63255,2111659,찬성,2021-07-23
21,GFF1986K,2111659,찬성,2021-07-23
21,WJL30106,2111659,찬성,2021-07-23
21,1WE5693J,2111659,찬성,2021-07-23
21,X3170462,2111659,불참,2021-07-23
21,MY318392,2111659,찬성,2021-07-23
21,WFU14784,2111659,찬성,2021-07-23
21,8348421R,2111659,불참,2021-07-23
21,JQA21112,2111659,불참,2021-07-23
21,4L695580,2111659,찬성,2021-07-23
21,40E3739H,2111659,찬성,2021-07-23
21,RPN2293B,2111659,찬성,2021-07-23
21,V429892C,2111659,찬성,2021-07-23
21,ZA54991S,2111659,찬성,2021-07-23
21,25I8709Q,2111659,찬성,2021-07-23
21,CT85313K,2111659,찬성,2021-07-23
21,PAO22428,2111659,찬성,2021-07-23
21,BLC8630L,2111659,불참,2021-07-23
21,S9U45255,2111659,찬성,2021-07-23
21,V0O5343U,2111659,불참,2021-07-23
21,P0F1530P,2111659,불참,2021-07-23
21,FRN1867O,2111659,찬성,2021-07-23
21,CNZ51556,2111659,불참,2021-07-23
21,N4R2421C,2111659,불참,2021-07-23
21,GDG1847Z,2111659,찬성,2021-07-23
21,O7R5461J,2111659,찬성,2021-07-23
21,52P3934K,2111659,찬성,2021-07-23
21,6399076T,2111659,찬성,2021-07-23
21,4U29186R,2111659,찬성,2021-07-23
21,F5Y4026Q,2111659,불참,2021-07-23
21,N9X9673B,2111659,불참,2021-07-23
21,TP066860,2111659,찬성,2021-07-23
21,E9R4507P,2111659,찬성,2021-07-23
21,KFS1358P,2111659,찬성,2021-07-23
21,CAA7713A,2111659,찬성,2021-07-23
21,Z6R3959C,2111659,찬성,2021-07-23
21,Q9H5708M,2111659,찬성,2021-07-23
21,MRK4871S,2111659,불참,2021-07-23
21,2NV6751W,2111659,찬성,2021-07-23
21,BM63269Y,2111659,불참,2021-07-23
21,8VY63414,2111659,찬성,2021-07-23
21,XR24352K,2111659,찬성,2021-07-23
21,QQP4727N,2111659,찬성,2021-07-23
21,IUL4848V,2111659,찬성,2021-07-23
21,JEZ3130Q,2111659,찬성,2021-07-23
21,9L57027L,2111659,찬성,2021-07-23
21,LJK4960Z,2111659,불참,2021-07-23
21,DBA1057Z,2111659,찬성,2021-07-23
21,CI15627C,2111659,찬성,2021-07-23
21,4019850M,2111659,찬성,2021-07-23
21,2UD1340H,2111659,찬성,2021-07-23
21,X7I4680R,2111659,찬성,2021-07-23
21,JNL7001A,2111659,찬성,2021-07-23
21,L7T64271,2111659,찬성,2021-07-23
21,4X525582,2111659,불참,2021-07-23
21,G7512472,2111659,찬성,2021-07-23
21,3TO11703,2111659,불참,2021-07-23
21,S741317G,2111659,찬성,2021-07-23
21,CCU1009B,2111659,찬성,2021-07-23
21,MU69217P,2111659,불참,2021-07-23
21,66W6739S,2111659,찬성,2021-07-23
21,LM13674V,2111659,찬성,2021-07-23
21,GP07421U,2111659,찬성,2021-07-23
21,FGI27280,2111659,불참,2021-07-23
21,USR7059P,2111659,기권,2021-07-23
21,4XG1439M,2111659,불참,2021-07-23
21,P2N50879,2111659,찬성,2021-07-23
21,A2V51235,2111659,찬성,2021-07-23
21,1X376850,2111659,찬성,2021-07-23
21,D4L60530,2111659,찬성,2021-07-23
21,M6H1705E,2111659,찬성,2021-07-23
21,OFE45081,2111659,찬성,2021-07-23
21,NTT8182Q,2111659,찬성,2021-07-23
21,ZYH1940A,2111659,찬성,2021-07-23
21,0VU8517U,2111659,불참,2021-07-23
21,M0A1658U,2111659,찬성,2021-07-23
21,WDS6044S,2111659,찬성,2021-07-23
21,3BC6890E,2111659,불참,2021-07-23
21,KR14136C,2111659,찬성,2021-07-23
21,SRP7336N,2111659,찬성,2021-07-23
21,5765663F,2111659,찬성,2021-07-23
21,5KV96424,2111659,찬성,2021-07-23
21,KNM3215T,2111659,찬성,2021-07-23
21,M7T9712V,2111659,찬성,2021-07-23
21,60490713,2111659,찬성,2021-07-23
21,UM51067K,2111659,찬성,2021-07-23
21,HKJ99607,2111659,불참,2021-07-23
21,8FB1535Y,2111659,찬성,2021-07-23
21,4T026790,2111659,찬성,2021-07-23
21,EH27538E,2111659,찬성,2021-07-23
21,SU53086M,2111659,찬성,2021-07-23
21,0WL9321T,2111659,찬성,2021-07-23
21,PZA4062H,2111659,찬성,2021-07-23
21,MR210505,2111659,찬성,2021-07-23
21,GF286398,2111659,찬성,2021-07-23
21,H5476989,2111659,찬성,2021-07-23
21,HXT76735,2111659,찬성,2021-07-23
21,0R68099X,2111659,찬성,2021-07-23
21,4A067125,2111659,불참,2021-07-23
21,2385336L,2111659,찬성,2021-07-23
21,IN328264,2111659,불참,2021-07-23
21,XBT9550Q,2111659,찬성,2021-07-23
21,MO52543L,2111659,불참,2021-07-23
21,0827740Q,2111659,찬성,2021-07-23
21,0W194007,2111659,불참,2021-07-23
21,X1K3667J,2111659,찬성,2021-07-23
21,WMG57662,2111659,찬성,2021-07-23
21,NCP9875N,2111659,찬성,2021-07-23
21,I5I2468R,2111659,찬성,2021-07-23
21,WTR5885Y,2111659,반대,2021-07-23
21,L5P27909,2111659,찬성,2021-07-23
21,3425169D,2111659,찬성,2021-07-23
21,IOW1101J,2111659,찬성,2021-07-23
21,ICH23251,2111659,찬성,2021-07-23
21,OIA3741M,2111659,찬성,2021-07-23
21,6MO8786S,2111659,찬성,2021-07-23
21,XWX1513T,2111659,찬성,2021-07-23
21,NQR1206Q,2111659,찬성,2021-07-23
21,0767470D,2111659,불참,2021-07-23
21,LG63087O,2111659,찬성,2021-07-23
21,NAL4555X,2111659,불참,2021-07-23
21,OW53107J,2111659,찬성,2021-07-23
21,PEP6922S,2111659,불참,2021-07-23
21,DAN6731C,2111659,불참,2021-07-23
21,VG24001G,2111659,찬성,2021-07-23
21,L2I9861C,2111659,불참,2021-07-23
21,WCD5518S,2111659,찬성,2021-07-23
21,SVH3899R,2111659,불참,2021-07-23
21,I434361W,2111659,불참,2021-07-23
21,IOW8224X,2111659,찬성,2021-07-23
21,9JF4562W,2111659,찬성,2021-07-23
21,Y7K5946R,2111659,찬성,2021-07-23
21,Z7Y7827F,2111659,찬성,2021-07-23
21,D6U6678O,2111659,찬성,2021-07-23
21,FU87526G,2111659,찬성,2021-07-23
21,8SV6917G,2111659,불참,2021-07-23
21,8FC9697X,2111659,불참,2021-07-23
21,QKO6165V,2111659,찬성,2021-07-23
21,GD131760,2111659,찬성,2021-07-23
21,ZRF3039U,2111659,찬성,2021-07-23
21,68P7228G,2111659,찬성,2021-07-23
21,XPP2564T,2111659,불참,2021-07-23
21,LQW3652K,2111659,찬성,2021-07-23
21,UB114374,2111659,찬성,2021-07-23
21,GAV6441G,2111659,찬성,2021-07-23
21,0YT3774N,2111659,찬성,2021-07-23
21,7JC3239L,2111659,찬성,2021-07-23
21,40S1959J,2111659,찬성,2021-07-23
21,IL74008M,2111659,찬성,2021-07-23
21,8KF7223D,2111659,찬성,2021-07-23
21,8P37634C,2111659,찬성,2021-07-23
21,3C23171A,2111659,찬성,2021-07-23
21,P2N4585G,2111659,찬성,2021-07-23
21,TVF3669B,2111659,찬성,2021-07-23
21,JMY9959W,2111659,찬성,2021-07-23
21,7R156073,2111659,불참,2021-07-23
21,6AR6743G,2111659,불참,2021-07-23
21,J2O8643H,2111659,찬성,2021-07-23
21,VCP96419,2111659,찬성,2021-07-23
21,6AU2417B,2111659,찬성,2021-07-23
21,8VJ8533R,2111659,찬성,2021-07-23
21,B7D7534L,2111659,찬성,2021-07-23
21,GX22581L,2111659,찬성,2021-07-23
21,SE233396,2111659,찬성,2021-07-23
21,AFH96856,2111659,찬성,2021-07-23
21,B7H6207C,2111659,찬성,2021-07-23
21,WHV3448W,2111659,찬성,2021-07-23
21,1Y73132H,2111659,찬성,2021-07-23
21,I0S53762,2111659,불참,2021-07-23
21,LH97552Q,2111659,찬성,2021-07-23
21,TKJ4800F,2111659,찬성,2021-07-23
21,O6D8329R,2111659,찬성,2021-07-23
21,04T3751T,2111659,찬성,2021-07-23
21,MSY7784L,2111659,찬성,2021-07-23
21,EVH1507C,2111659,찬성,2021-07-23
21,K5F2023J,2111659,찬성,2021-07-23
21,14M56632,2111659,불참,2021-07-23
21,5MD4184K,2111659,불참,2021-07-23
21,5K93695T,2111659,불참,2021-07-23
21,DPZ7685X,2111659,찬성,2021-07-23
21,6U243644,2111659,찬성,2021-07-23
21,UHB5553T,2111659,찬성,2021-07-23
21,J9S37905,2111659,불참,2021-07-23
21,A494529E,2111659,찬성,2021-07-23
21,VRY5522V,2111659,찬성,2021-07-23
21,0PK7354M,2111659,찬성,2021-07-23
21,CZB4125D,2111659,불참,2021-07-23
21,QUM8288K,2111659,불참,2021-07-23
21,UGH6481E,2111659,찬성,2021-07-23
21,S824682L,2111659,찬성,2021-07-23
21,W4X85128,2111659,찬성,2021-07-23
21,CFE3998F,2111659,불참,2021-07-23
21,JZY9937U,2111659,불참,2021-07-23
21,YKW37422,2111659,찬성,2021-07-23
21,M7O7878U,2111659,찬성,2021-07-23
21,YLS4431M,2111659,불참,2021-07-23
21,MNZ4401T,2111659,찬성,2021-07-23
21,3ZR4438W,2111659,불참,2021-07-23
21,16D7652C,2111659,불참,2021-07-23
21,KB04377U,2111659,찬성,2021-07-23
21,FU53642G,2111659,찬성,2021-07-23
21,MLH1404S,2111659,불참,2021-07-23
21,BCQ55105,2111659,찬성,2021-07-23
21,GOC54665,2111659,찬성,2021-07-23
21,5UN9725L,2111659,불참,2021-07-23
21,K3W33496,2111659,기권,2021-07-23
21,M2Q9024I,2111659,찬성,2021-07-23
21,21N57758,2111659,찬성,2021-07-23
21,C7E79345,2111659,불참,2021-07-23
21,UQ282145,2111659,찬성,2021-07-23
21,9YO73104,2111659,불참,2021-07-23
21,TRE2429O,2111659,찬성,2021-07-23
21,E6U4345C,2111659,찬성,2021-07-23
21,7BM2933Y,2111659,찬성,2021-07-23
21,CDL93608,2111659,찬성,2021-07-23
21,9VR65006,2111659,불참,2021-07-23
21,EMC8812P,2111659,찬성,2021-07-23
21,XJC13432,2111659,불참,2021-07-23
21,D0C85236,2111659,불참,2021-07-23
21,XSP20229,2111659,찬성,2021-07-23
21,3RW63706,2111659,찬성,2021-07-23
21,FH777496,2111659,찬성,2021-07-23
21,FYI20317,2111659,찬성,2021-07-23
21,8X15119P,2111659,불참,2021-07-23
21,ZYP7962W,2111659,불참,2021-07-23
21,CNW5754J,2111659,찬성,2021-07-23
21,3249208I,2111659,찬성,2021-07-23
21,GX38539O,2111659,찬성,2021-07-23
21,8Q88373R,2111659,찬성,2021-07-23
21,WVU2479T,2111659,찬성,2021-07-23
21,9D939735,2111659,찬성,2021-07-23
21,QTW6852F,2111659,불참,2021-07-23
21,L7J93733,2111659,불참,2021-07-23
21,LT72093S,2111659,찬성,2021-07-23
21,GE71932C,2111659,찬성,2021-07-23
21,6YT83269,2111659,찬성,2021-07-23
21,G152611B,2111659,찬성,2021-07-23
21,I7R13867,2111659,찬성,2021-07-23
21,FOK3459D,2111659,찬성,2021-07-23
21,QUO78839,2111659,찬성,2021-07-23
21,LPB30152,2111659,찬성,2021-07-23
21,MD083627,2111659,찬성,2021-07-23
21,TZP9391O,2111659,찬성,2021-07-23
21,OSV9142K,2111659,찬성,2021-07-23
21,B7R2742J,2111659,찬성,2021-07-23
21,FJK3396E,2111659,찬성,2021-07-23
21,ZDP5704Q,2111659,찬성,2021-07-23
21,71J2365L,2111659,찬성,2021-07-23
21,7O71647Z,2111659,찬성,2021-07-23
21,W1Q6753M,2111659,찬성,2021-07-23
21,E1J8836Y,2111659,찬성,2021-07-23
21,RD42006Y,2111659,불참,2021-07-23
21,6EN68926,2111659,불참,2021-07-23
21,AE685067,2111659,찬성,2021-07-23
21,TJW93720,2111659,찬성,2021-07-23
21,9S151177,2111659,찬성,2021-07-23
21,TZ228122,2111659,찬성,2021-07-23
21,XA42275R,2111659,찬성,2021-07-23
21,PO64874I,2111659,찬성,2021-07-23
21,NZF1659U,2111659,찬성,2021-07-23
21,ZKU88693,2111659,불참,2021-07-23
21,ATB59635,2111659,찬성,2021-07-23
21,SBK1544B,2111659,찬성,2021-07-23
21,KUO3574J,2111659,찬성,2021-07-23
21,RO593601,2111659,찬성,2021-07-23
21,MHK9919B,2111659,불참,2021-07-23
21,O0I2045I,2111659,불참,2021-07-23
21,HSS7466Y,2111659,찬성,2021-07-23
21,XEF29171,2111659,찬성,2021-07-23
21,DAV7257X,2111659,찬성,2021-07-23
21,SQ36001H,2111659,찬성,2021-07-23
21,G1570880,2111659,찬성,2021-07-23
21,PFG2137X,2111659,찬성,2021-07-23
21,JNL7001A,2102794,찬성,2020-11-19
21,GKD32201,2102794,찬성,2020-11-19
21,S741317G,2102794,찬성,2020-11-19
21,2N793392,2102794,찬성,2020-11-19
21,LM13674V,2102794,기권,2020-11-19
21,1X376850,2102794,찬성,2020-11-19
21,3DK8989T,2102794,찬성,2020-11-19
21,7469929V,2102794,찬성,2020-11-19
21,D4L60530,2102794,찬성,2020-11-19
21,M6H1705E,2102794,찬성,2020-11-19
21,OFE45081,2102794,찬성,2020-11-19
21,NTT8182Q,2102794,찬성,2020-11-19
21,ZYH1940A,2102794,찬성,2020-11-19
21,NZF1659U,2102794,찬성,2020-11-19
21,WDS6044S,2102794,찬성,2020-11-19
21,SRP7336N,2102794,찬성,2020-11-19
21,GFF1986K,2102794,찬성,2020-11-19
21,WJL30106,2102794,찬성,2020-11-19
21,60490713,2102794,찬성,2020-11-19
21,UM51067K,2102794,찬성,2020-11-19
21,HKJ99607,2102794,찬성,2020-11-19
21,1WE5693J,2102794,불참,2020-11-19
21,4T026790,2102794,찬성,2020-11-19
21,EH27538E,2102794,찬성,2020-11-19
21,WFU14784,2102794,찬성,2020-11-19
21,GF286398,2102794,찬성,2020-11-19
21,H5476989,2102794,찬성,2020-11-19
21,4L695580,2102794,찬성,2020-11-19
21,40E3739H,2102794,찬성,2020-11-19
21,RPN2293B,2102794,찬성,2020-11-19
21,V429892C,2102794,찬성,2020-11-19
21,2385336L,2102794,찬성,2020-11-19
21,IN328264,2102794,찬성,2020-11-19
21,0827740Q,2102794,찬성,2020-11-19
21,0W194007,2102794,찬성,2020-11-19
21,X1K3667J,2102794,찬성,2020-11-19
21,WTR5885Y,2102794,찬성,2020-11-19
21,IOW1101J,2102794,찬성,2020-11-19
21,25I8709Q,2102794,찬성,2020-11-19
21,OIA3741M,2102794,찬성,2020-11-19
21,CT85313K,2102794,찬성,2020-11-19
21,PAO22428,2102794,불참,2020-11-19
21,BLC8630L,2102794,찬성,2020-11-19
21,0767470D,2102794,불참,2020-11-19
21,LG63087O,2102794,찬성,2020-11-19
21,PEP6922S,2102794,찬성,2020-11-19
21,DAN6731C,2102794,기권,2020-11-19
21,VG24001G,2102794,기권,2020-11-19
21,I434361W,2102794,찬성,2020-11-19
21,9JF4562W,2102794,찬성,2020-11-19
21,SBK1544B,2102794,찬성,2020-11-19
21,8SV6917G,2102794,불참,2020-11-19
21,ZRF3039U,2102794,찬성,2020-11-19
21,V0O5343U,2102794,찬성,2020-11-19
21,68P7228G,2102794,찬성,2020-11-19
21,XPP2564T,2102794,불참,2020-11-19
21,FRN1867O,2102794,찬성,2020-11-19
21,PFG2137X,2102794,찬성,2020-11-19
21,GAV6441G,2102794,찬성,2020-11-19
21,7JC3239L,2102794,기권,2020-11-19
21,8KF7223D,2102794,찬성,2020-11-19
21,CNZ51556,2102794,찬성,2020-11-19
21,N4R2421C,2102794,찬성,2020-11-19
21,3C23171A,2102794,찬성,2020-11-19
21,GDG1847Z,2102794,찬성,2020-11-19
21,LNR7932L,2102794,찬성,2020-11-19
21,O7R5461J,2102794,찬성,2020-11-19
21,7R156073,2102794,찬성,2020-11-19
21,J2O8643H,2102794,찬성,2020-11-19
21,VCP96419,2102794,찬성,2020-11-19
21,8VJ8533R,2102794,기권,2020-11-19
21,GX22581L,2102794,기권,2020-11-19
21,SE233396,2102794,찬성,2020-11-19
21,52P3934K,2102794,찬성,2020-11-19
21,6399076T,2102794,찬성,2020-11-19
21,4U29186R,2102794,찬성,2020-11-19
21,F5Y4026Q,2102794,찬성,2020-11-19
21,MSY7784L,2102794,불참,2020-11-19
21,5MD4184K,2102794,찬성,2020-11-19
21,5K93695T,2102794,반대,2020-11-19
21,DPZ7685X,2102794,찬성,2020-11-19
21,KFS1358P,2102794,찬성,2020-11-19
21,A494529E,2102794,찬성,2020-11-19
21,VRY5522V,2102794,찬성,2020-11-19
21,CZB4125D,2102794,불참,2020-11-19
21,Z6R3959C,2102794,찬성,2020-11-19
21,UGH6481E,2102794,찬성,2020-11-19
21,S824682L,2102794,찬성,2020-11-19
21,Q9H5708M,2102794,찬성,2020-11-19
21,MRK4871S,2102794,찬성,2020-11-19
21,2NV6751W,2102794,찬성,2020-11-19
21,3ZR4438W,2102794,불참,2020-11-19
21,16D7652C,2102794,찬성,2020-11-19
21,8VY63414,2102794,찬성,2020-11-19
21,QQP4727N,2102794,찬성,2020-11-19
21,LJK4960Z,2102794,찬성,2020-11-19
21,K3W33496,2102794,찬성,2020-11-19
21,CI15627C,2102794,불참,2020-11-19
21,21N57758,2102794,찬성,2020-11-19
21,TRE2429O,2102794,찬성,2020-11-19
21,2UD1340H,2102794,찬성,2020-11-19
21,EMC8812P,2102794,불참,2020-11-19
21,XJC13432,2102794,찬성,2020-11-19
21,T465023H,2102794,찬성,2020-11-19
21,FH777496,2102794,찬성,2020-11-19
21,FYI20317,2102794,찬성,2020-11-19
21,WVU2479T,2102794,찬성,2020-11-19
21,9D939735,2102794,찬성,2020-11-19
21,7XY7109I,2102794,찬성,2020-11-19
21,TST4507I,2102794,불참,2020-11-19
21,JC14718Q,2102794,찬성,2020-11-19
21,5KV82250,2102794,찬성,2020-11-19
21,L7J93733,2102794,찬성,2020-11-19
21,6YT83269,2102794,찬성,2020-11-19
21,1MU99298,2102794,찬성,2020-11-19
21,FDC3144T,2102794,반대,2020-11-19
21,SQ36001H,2102794,찬성,2020-11-19
21,9LD2641Q,2102794,찬성,2020-11-19
21,FOK3459D,2102794,찬성,2020-11-19
21,BT62420K,2102794,찬성,2020-11-19
21,TZP9391O,2102794,찬성,2020-11-19
21,71J2365L,2102794,찬성,2020-11-19
21,7O71647Z,2102794,찬성,2020-11-19
21,6EN68926,2102794,불참,2020-11-19
21,1BX7234U,2102794,불참,2020-11-19
21,QHL3248U,2102794,찬성,2020-11-19
21,9V18755A,2102794,찬성,2020-11-19
21,4019850M,2102794,찬성,2020-11-19
21,UQ282145,2102794,찬성,2020-11-19
21,9YO73104,2102794,찬성,2020-11-19
21,E6U4345C,2102794,찬성,2020-11-19
21,7BM2933Y,2102794,찬성,2020-11-19
21,CDL93608,2102794,찬성,2020-11-19
21,9VR65006,2102794,불참,2020-11-19
21,X7I4680R,2102794,찬성,2020-11-19
21,D0C85236,2102794,찬성,2020-11-19
21,XSP20229,2102794,찬성,2020-11-19
21,3RW63706,2102794,찬성,2020-11-19
21,RQQ3807K,2102794,찬성,2020-11-19
21,8X15119P,2102794,기권,2020-11-19
21,ZYP7962W,2102794,찬성,2020-11-19
21,CNW5754J,2102794,찬성,2020-11-19
21,3249208I,2102794,찬성,2020-11-19
21,GX38539O,2102794,불참,2020-11-19
21,8Q88373R,2102794,불참,2020-11-19
21,XEF29171,2102794,찬성,2020-11-19
21,QTW6852F,2102794,찬성,2020-11-19
21,DAV7257X,2102794,찬성,2020-11-19
21,LT72093S,2102794,찬성,2020-11-19
21,GE71932C,2102794,찬성,2020-11-19
21,17M85910,2102794,찬성,2020-11-19
21,G152611B,2102794,기권,2020-11-19
21,I7R13867,2102794,찬성,2020-11-19
21,G1570880,2102794,찬성,2020-11-19
21,QUO78839,2102794,찬성,2020-11-19
21,LPB30152,2102794,찬성,2020-11-19
21,MD083627,2102794,찬성,2020-11-19
21,6V37131U,2102794,찬성,2020-11-19
21,OSV9142K,2102794,찬성,2020-11-19
21,B7R2742J,2102794,찬성,2020-11-19
21,FJK3396E,2102794,찬성,2020-11-19
21,ZDP5704Q,2102794,찬성,2020-11-19
21,W1Q6753M,2102794,찬성,2020-11-19
21,MHK9919B,2102794,찬성,2020-11-19
21,E1J8836Y,2102794,찬성,2020-11-19
21,RD42006Y,2102794,찬성,2020-11-19
21,AE685067,2102794,찬성,2020-11-19
21,TJW93720,2102794,찬성,2020-11-19
21,9S151177,2102794,찬성,2020-11-19
21,TZ228122,2102794,찬성,2020-11-19
21,XA42275R,2102794,찬성,2020-11-19
21,PO64874I,2102794,찬성,2020-11-19
21,D6U6678O,2102794,찬성,2020-11-19
21,FU87526G,2102794,기권,2020-11-19
21,S9U45255,2102794,찬성,2020-11-19
21,8FC9697X,2102794,찬성,2020-11-19
21,QKO6165V,2102794,찬성,2020-11-19
21,GD131760,2102794,찬성,2020-11-19
21,P0F1530P,2102794,불참,2020-11-19
21,LQW3652K,2102794,찬성,2020-11-19
21,RO593601,2102794,찬성,2020-11-19
21,UB114374,2102794,기권,2020-11-19
21,0YT3774N,2102794,찬성,2020-11-19
21,40S1959J,2102794,찬성,2020-11-19
21,IL74008M,2102794,찬성,2020-11-19
21,8P37634C,2102794,찬성,2020-11-19
21,P2N4585G,2102794,찬성,2020-11-19
21,TVF3669B,2102794,불참,2020-11-19
21,JMY9959W,2102794,찬성,2020-11-19
21,6AR6743G,2102794,찬성,2020-11-19
21,6AU2417B,2102794,찬성,2020-11-19
21,B7D7534L,2102794,찬성,2020-11-19
21,AFH96856,2102794,찬성,2020-11-19
21,B7H6207C,2102794,찬성,2020-11-19
21,WHV3448W,2102794,찬성,2020-11-19
21,1Y73132H,2102794,불참,2020-11-19
21,I0S53762,2102794,불참,2020-11-19
21,LH97552Q,2102794,찬성,2020-11-19
21,TKJ4800F,2102794,찬성,2020-11-19
21,O6D8329R,2102794,찬성,2020-11-19
21,04T3751T,2102794,찬성,2020-11-19
21,EVH1507C,2102794,찬성,2020-11-19
21,K5F2023J,2102794,불참,2020-11-19
21,14M56632,2102794,찬성,2020-11-19
21,N9X9673B,2102794,찬성,2020-11-19
21,TP066860,2102794,불참,2020-11-19
21,6U243644,2102794,찬성,2020-11-19
21,E9R4507P,2102794,찬성,2020-11-19
21,UHB5553T,2102794,찬성,2020-11-19
21,J9S37905,2102794,불참,2020-11-19
21,CAA7713A,2102794,찬성,2020-11-19
21,0PK7354M,2102794,찬성,2020-11-19
21,O0I2045I,2102794,찬성,2020-11-19
21,QUM8288K,2102794,불참,2020-11-19
21,W4X85128,2102794,찬성,2020-11-19
21,CFE3998F,2102794,불참,2020-11-19
21,JZY9937U,2102794,찬성,2020-11-19
21,YKW37422,2102794,불참,2020-11-19
21,BM63269Y,2102794,찬성,2020-11-19
21,M7O7878U,2102794,찬성,2020-11-19
21,YLS4431M,2102794,찬성,2020-11-19
21,MNZ4401T,2102794,찬성,2020-11-19
21,HSS7466Y,2102794,찬성,2020-11-19
21,KB04377U,2102794,불참,2020-11-19
21,FU53642G,2102794,찬성,2020-11-19
21,MLH1404S,2102794,찬성,2020-11-19
21,XR24352K,2102794,찬성,2020-11-19
21,IUL4848V,2102794,찬성,2020-11-19
21,JEZ3130Q,2102794,찬성,2020-11-19
21,BCQ55105,2102794,찬성,2020-11-19
21,9L57027L,2102794,찬성,2020-11-19
21,GOC54665,2102794,찬성,2020-11-19
21,5UN9725L,2102794,불참,2020-11-19
21,M2Q9024I,2102794,불참,2020-11-19
21,DBA1057Z,2102794,찬성,2020-11-19
21,C7E79345,2102794,찬성,2020-11-19
21,L7T64271,2102794,찬성,2020-11-19
21,4X525582,2102794,찬성,2020-11-19
21,G7512472,2102794,찬성,2020-11-19
21,3TO11703,2102794,찬성,2020-11-19
21,CCU1009B,2102794,찬성,2020-11-19
21,MU69217P,2102794,불참,2020-11-19
21,66W6739S,2102794,찬성,2020-11-19
21,QD25323M,2102794,찬성,2020-11-19
21,DAY6557K,2102794,찬성,2020-11-19
21,GP07421U,2102794,불참,2020-11-19
21,FGI27280,2102794,찬성,2020-11-19
21,USR7059P,2102794,기권,2020-11-19
21,4XG1439M,2102794,찬성,2020-11-19
21,P2N50879,2102794,찬성,2020-11-19
21,A0P4646G,2102794,찬성,2020-11-19
21,A2V51235,2102794,찬성,2020-11-19
21,7I09543O,2102794,찬성,2020-11-19
21,09I2323E,2102794,불참,2020-11-19
21,A3H7195R,2102794,찬성,2020-11-19
21,0VU8517U,2102794,찬성,2020-11-19
21,M0A1658U,2102794,찬성,2020-11-19
21,HSW1214Q,2102794,찬성,2020-11-19
21,3BC6890E,2102794,기권,2020-11-19
21,ZDR63255,2102794,찬성,2020-11-19
21,KR14136C,2102794,찬성,2020-11-19
21,5765663F,2102794,찬성,2020-11-19
21,ZKU88693,2102794,찬성,2020-11-19
21,5KV96424,2102794,찬성,2020-11-19
21,KNM3215T,2102794,찬성,2020-11-19
21,M7T9712V,2102794,기권,2020-11-19
21,X3170462,2102794,불참,2020-11-19
21,MY318392,2102794,찬성,2020-11-19
21,8FB1535Y,2102794,찬성,2020-11-19
21,SU53086M,2102794,찬성,2020-11-19
21,0WL9321T,2102794,찬성,2020-11-19
21,PZA4062H,2102794,찬성,2020-11-19
21,MR210505,2102794,찬성,2020-11-19
21,8348421R,2102794,찬성,2020-11-19
21,JQA21112,2102794,찬성,2020-11-19
21,HXT76735,2102794,찬성,2020-11-19
21,0R68099X,2102794,찬성,2020-11-19
21,4A067125,2102794,찬성,2020-11-19
21,XBT9550Q,2102794,찬성,2020-11-19
21,ZA54991S,2102794,찬성,2020-11-19
21,MO52543L,2102794,찬성,2020-11-19
21,WMG57662,2102794,찬성,2020-11-19
21,NCP9875N,2102794,찬성,2020-11-19
21,I5I2468R,2102794,찬성,2020-11-19
21,L5P27909,2102794,찬성,2020-11-19
21,3425169D,2102794,찬성,2020-11-19
21,ICH23251,2102794,찬성,2020-11-19
21,6MO8786S,2102794,찬성,2020-11-19
21,XWX1513T,2102794,찬성,2020-11-19
21,NQR1206Q,2102794,찬성,2020-11-19
21,NAL4555X,2102794,찬성,2020-11-19
21,OW53107J,2102794,찬성,2020-11-19
21,L2I9861C,2102794,기권,2020-11-19
21,WCD5518S,2102794,찬성,2020-11-19
21,SVH3899R,2102794,찬성,2020-11-19
21,IOW8224X,2102794,찬성,2020-11-19
21,Y7K5946R,2102794,찬성,2020-11-19
21,Z7Y7827F,2102794,찬성,2020-11-19
21,ATB59635,2102794,찬성,2020-11-19
21,KUO3574J,2102794,찬성,2020-11-19
21,F5U2979W,2118809,불참,2022-12-08
21,YOG1280B,2118809,불참,2022-12-08
21,DWK26447,2118809,불참,2022-12-08
21,NUB4941Z,2118809,찬성,2022-12-08
21,NLR6572J,2118809,찬성,2022-12-08
21,YTA7297R,2118809,찬성,2022-12-08
21,JNL7001A,2118809,찬성,2022-12-08
21,L7T64271,2118809,찬성,2022-12-08
21,3TO11703,2118809,불참,2022-12-08
21,CCU1009B,2118809,찬성,2022-12-08
21,MU69217P,2118809,불참,2022-12-08
21,66W6739S,2118809,불참,2022-12-08
21,LM13674V,2118809,찬성,2022-12-08
21,QD25323M,2118809,찬성,2022-12-08
21,JVB6983V,2118809,불참,2022-12-08
21,DAY6557K,2118809,찬성,2022-12-08
21,GP07421U,2118809,불참,2022-12-08
21,4XG1439M,2118809,찬성,2022-12-08
21,P2N50879,2118809,불참,2022-12-08
21,A0P4646G,2118809,불참,2022-12-08
21,A2V51235,2118809,찬성,2022-12-08
21,7I09543O,2118809,찬성,2022-12-08
21,3DK8989T,2118809,불참,2022-12-08
21,D4L60530,2118809,찬성,2022-12-08
21,M6H1705E,2118809,불참,2022-12-08
21,OFE45081,2118809,불참,2022-12-08
21,09I2323E,2118809,불참,2022-12-08
21,ZYH1940A,2118809,불참,2022-12-08
21,0VU8517U,2118809,찬성,2022-12-08
21,M0A1658U,2118809,찬성,2022-12-08
21,WDS6044S,2118809,찬성,2022-12-08
21,3BC6890E,2118809,찬성,2022-12-08
21,ZDR63255,2118809,불참,2022-12-08
21,SRP7336N,2118809,찬성,2022-12-08
21,GFF1986K,2118809,찬성,2022-12-08
21,ZKU88693,2118809,불참,2022-12-08
21,5KV96424,2118809,불참,2022-12-08
21,60490713,2118809,불참,2022-12-08
21,UM51067K,2118809,찬성,2022-12-08
21,HKJ99607,2118809,불참,2022-12-08
21,1WE5693J,2118809,불참,2022-12-08
21,X3170462,2118809,찬성,2022-12-08
21,8FB1535Y,2118809,찬성,2022-12-08
21,4T026790,2118809,찬성,2022-12-08
21,SU53086M,2118809,불참,2022-12-08
21,PZA4062H,2118809,찬성,2022-12-08
21,GF286398,2118809,찬성,2022-12-08
21,8348421R,2118809,불참,2022-12-08
21,JQA21112,2118809,찬성,2022-12-08
21,4L695580,2118809,찬성,2022-12-08
21,40E3739H,2118809,불참,2022-12-08
21,RPN2293B,2118809,찬성,2022-12-08
21,MQU41854,2118809,찬성,2022-12-08
21,IN328264,2118809,찬성,2022-12-08
21,XBT9550Q,2118809,불참,2022-12-08
21,0827740Q,2118809,불참,2022-12-08
21,0W194007,2118809,찬성,2022-12-08
21,WMG57662,2118809,찬성,2022-12-08
21,NCP9875N,2118809,찬성,2022-12-08
21,I5I2468R,2118809,찬성,2022-12-08
21,3425169D,2118809,찬성,2022-12-08
21,IOW1101J,2118809,찬성,2022-12-08
21,ICH23251,2118809,불참,2022-12-08
21,OIA3741M,2118809,찬성,2022-12-08
21,CT85313K,2118809,찬성,2022-12-08
21,BLC8630L,2118809,찬성,2022-12-08
21,NQR1206Q,2118809,찬성,2022-12-08
21,LG63087O,2118809,불참,2022-12-08
21,PEP6922S,2118809,불참,2022-12-08
21,DAN6731C,2118809,불참,2022-12-08
21,VG24001G,2118809,찬성,2022-12-08
21,WCD5518S,2118809,찬성,2022-12-08
21,SVH3899R,2118809,찬성,2022-12-08
21,Y7K5946R,2118809,찬성,2022-12-08
21,ATB59635,2118809,불참,2022-12-08
21,SBK1544B,2118809,불참,2022-12-08
21,KUO3574J,2118809,찬성,2022-12-08
21,D6U6678O,2118809,찬성,2022-12-08
21,FU87526G,2118809,불참,2022-12-08
21,S9U45255,2118809,불참,2022-12-08
21,8SV6917G,2118809,찬성,2022-12-08
21,QKO6165V,2118809,불참,2022-12-08
21,68P7228G,2118809,찬성,2022-12-08
21,LQW3652K,2118809,찬성,2022-12-08
21,GAV6441G,2118809,찬성,2022-12-08
21,40S1959J,2118809,찬성,2022-12-08
21,IL74008M,2118809,찬성,2022-12-08
21,CNZ51556,2118809,불참,2022-12-08
21,P2N4585G,2118809,찬성,2022-12-08
21,7R156073,2118809,불참,2022-12-08
21,6AU2417B,2118809,불참,2022-12-08
21,8VJ8533R,2118809,찬성,2022-12-08
21,AFH96856,2118809,불참,2022-12-08
21,52P3934K,2118809,불참,2022-12-08
21,6399076T,2118809,찬성,2022-12-08
21,4U29186R,2118809,찬성,2022-12-08
21,F5Y4026Q,2118809,불참,2022-12-08
21,WHV3448W,2118809,찬성,2022-12-08
21,6RD62559,2118809,찬성,2022-12-08
21,I0S53762,2118809,찬성,2022-12-08
21,O6D8329R,2118809,찬성,2022-12-08
21,04T3751T,2118809,불참,2022-12-08
21,EVH1507C,2118809,찬성,2022-12-08
21,5MD4184K,2118809,찬성,2022-12-08
21,5K93695T,2118809,찬성,2022-12-08
21,UHB5553T,2118809,찬성,2022-12-08
21,KFS1358P,2118809,찬성,2022-12-08
21,J9S37905,2118809,찬성,2022-12-08
21,VRY5522V,2118809,기권,2022-12-08
21,0PK7354M,2118809,찬성,2022-12-08
21,O0I2045I,2118809,기권,2022-12-08
21,UGH6481E,2118809,찬성,2022-12-08
21,S824682L,2118809,찬성,2022-12-08
21,W4X85128,2118809,찬성,2022-12-08
21,JZY9937U,2118809,찬성,2022-12-08
21,MRK4871S,2118809,불참,2022-12-08
21,YKW37422,2118809,찬성,2022-12-08
21,2NV6751W,2118809,찬성,2022-12-08
21,M7O7878U,2118809,찬성,2022-12-08
21,3ZR4438W,2118809,찬성,2022-12-08
21,KB04377U,2118809,찬성,2022-12-08
21,FU53642G,2118809,찬성,2022-12-08
21,MLH1404S,2118809,찬성,2022-12-08
21,8VY63414,2118809,찬성,2022-12-08
21,QQP4727N,2118809,찬성,2022-12-08
21,JEZ3130Q,2118809,찬성,2022-12-08
21,BCQ55105,2118809,불참,2022-12-08
21,LJK4960Z,2118809,찬성,2022-12-08
21,IUD9392R,2118809,찬성,2022-12-08
21,K3W33496,2118809,불참,2022-12-08
21,M2Q9024I,2118809,찬성,2022-12-08
21,DBA1057Z,2118809,찬성,2022-12-08
21,CI15627C,2118809,찬성,2022-12-08
21,4019850M,2118809,찬성,2022-12-08
21,TRE2429O,2118809,찬성,2022-12-08
21,E6U4345C,2118809,찬성,2022-12-08
21,7BM2933Y,2118809,찬성,2022-12-08
21,CDL93608,2118809,불참,2022-12-08
21,2UD1340H,2118809,찬성,2022-12-08
21,9VR65006,2118809,찬성,2022-12-08
21,X7I4680R,2118809,불참,2022-12-08
21,EMC8812P,2118809,찬성,2022-12-08
21,XSP20229,2118809,찬성,2022-12-08
21,T465023H,2118809,찬성,2022-12-08
21,3RW63706,2118809,찬성,2022-12-08
21,RQQ3807K,2118809,찬성,2022-12-08
21,8X15119P,2118809,불참,2022-12-08
21,CNW5754J,2118809,찬성,2022-12-08
21,3249208I,2118809,불참,2022-12-08
21,9D939735,2118809,불참,2022-12-08
21,TST4507I,2118809,찬성,2022-12-08
21,JC14718Q,2118809,찬성,2022-12-08
21,5KV82250,2118809,찬성,2022-12-08
21,L7J93733,2118809,찬성,2022-12-08
21,6YT83269,2118809,찬성,2022-12-08
21,FDC3144T,2118809,찬성,2022-12-08
21,SQ36001H,2118809,찬성,2022-12-08
21,G1570880,2118809,찬성,2022-12-08
21,QUO78839,2118809,찬성,2022-12-08
21,6V37131U,2118809,불참,2022-12-08
21,OSV9142K,2118809,찬성,2022-12-08
21,FJK3396E,2118809,불참,2022-12-08
21,71J2365L,2118809,찬성,2022-12-08
21,7O71647Z,2118809,찬성,2022-12-08
21,W1Q6753M,2118809,찬성,2022-12-08
21,E1J8836Y,2118809,찬성,2022-12-08
21,6EN68926,2118809,찬성,2022-12-08
21,QHL3248U,2118809,불참,2022-12-08
21,XA42275R,2118809,찬성,2022-12-08
21,PO64874I,2118809,불참,2022-12-08
21,VHK3402G,2118809,불참,2022-12-08
21,B7D7534L,2118809,찬성,2022-12-08
21,GX22581L,2118809,불참,2022-12-08
21,SE233396,2118809,찬성,2022-12-08
21,B7H6207C,2118809,찬성,2022-12-08
21,1Y73132H,2118809,찬성,2022-12-08
21,LH97552Q,2118809,찬성,2022-12-08
21,TKJ4800F,2118809,찬성,2022-12-08
21,MSY7784L,2118809,불참,2022-12-08
21,K5F2023J,2118809,찬성,2022-12-08
21,14M56632,2118809,찬성,2022-12-08
21,N9X9673B,2118809,찬성,2022-12-08
21,DPZ7685X,2118809,불참,2022-12-08
21,6U243644,2118809,찬성,2022-12-08
21,E9R4507P,2118809,불참,2022-12-08
21,A494529E,2118809,찬성,2022-12-08
21,CAA7713A,2118809,찬성,2022-12-08
21,CZB4125D,2118809,불참,2022-12-08
21,Z6R3959C,2118809,불참,2022-12-08
21,QUM8288K,2118809,찬성,2022-12-08
21,Q9H5708M,2118809,찬성,2022-12-08
21,BM63269Y,2118809,찬성,2022-12-08
21,YLS4431M,2118809,찬성,2022-12-08
21,MNZ4401T,2118809,찬성,2022-12-08
21,HSS7466Y,2118809,불참,2022-12-08
21,16D7652C,2118809,찬성,2022-12-08
21,XR24352K,2118809,찬성,2022-12-08
21,9L57027L,2118809,찬성,2022-12-08
21,GOC54665,2118809,불참,2022-12-08
21,5UN9725L,2118809,불참,2022-12-08
21,C7E79345,2118809,불참,2022-12-08
21,UQ282145,2118809,불참,2022-12-08
21,9YO73104,2118809,찬성,2022-12-08
21,XJC13432,2118809,불참,2022-12-08
21,FH777496,2118809,찬성,2022-12-08
21,FYI20317,2118809,찬성,2022-12-08
21,ZYP7962W,2118809,불참,2022-12-08
21,GX38539O,2118809,찬성,2022-12-08
21,8Q88373R,2118809,찬성,2022-12-08
21,XEF29171,2118809,찬성,2022-12-08
21,WVU2479T,2118809,불참,2022-12-08
21,QTW6852F,2118809,찬성,2022-12-08
21,7XY7109I,2118809,불참,2022-12-08
21,DAV7257X,2118809,찬성,2022-12-08
21,LT72093S,2118809,찬성,2022-12-08
21,GE71932C,2118809,찬성,2022-12-08
21,1MU99298,2118809,찬성,2022-12-08
21,17M85910,2118809,찬성,2022-12-08
21,G152611B,2118809,불참,2022-12-08
21,I7R13867,2118809,찬성,2022-12-08
21,9LD2641Q,2118809,찬성,2022-12-08
21,FOK3459D,2118809,불참,2022-12-08
21,BT62420K,2118809,찬성,2022-12-08
21,LPB30152,2118809,찬성,2022-12-08
21,MD083627,2118809,불참,2022-12-08
21,TZP9391O,2118809,찬성,2022-12-08
21,B7R2742J,2118809,찬성,2022-12-08
21,ZDP5704Q,2118809,불참,2022-12-08
21,RD42006Y,2118809,찬성,2022-12-08
21,1BX7234U,2118809,찬성,2022-12-08
21,TJW93720,2118809,찬성,2022-12-08
21,9S151177,2118809,찬성,2022-12-08
21,TZ228122,2118809,찬성,2022-12-08
21,9V18755A,2118809,찬성,2022-12-08
21,LBC8144B,2118809,찬성,2022-12-08
21,FIC9046Z,2118809,불참,2022-12-08
21,KFM1081G,2118809,찬성,2022-12-08
21,4X525582,2118809,불참,2022-12-08
21,GKD32201,2118809,찬성,2022-12-08
21,G7512472,2118809,찬성,2022-12-08
21,S741317G,2118809,찬성,2022-12-08
21,2N793392,2118809,찬성,2022-12-08
21,FGI27280,2118809,불참,2022-12-08
21,USR7059P,2118809,불참,2022-12-08
21,7469929V,2118809,불참,2022-12-08
21,NTT8182Q,2118809,찬성,2022-12-08
21,A3H7195R,2118809,불참,2022-12-08
21,HSW1214Q,2118809,찬성,2022-12-08
21,NZF1659U,2118809,불참,2022-12-08
21,KR14136C,2118809,불참,2022-12-08
21,5765663F,2118809,찬성,2022-12-08
21,WJL30106,2118809,불참,2022-12-08
21,KNM3215T,2118809,찬성,2022-12-08
21,M7T9712V,2118809,불참,2022-12-08
21,MY318392,2118809,찬성,2022-12-08
21,EH27538E,2118809,찬성,2022-12-08
21,WFU14784,2118809,불참,2022-12-08
21,0WL9321T,2118809,찬성,2022-12-08
21,MR210505,2118809,불참,2022-12-08
21,H5476989,2118809,찬성,2022-12-08
21,HXT76735,2118809,불참,2022-12-08
21,0R68099X,2118809,찬성,2022-12-08
21,6RM29022,2118809,찬성,2022-12-08
21,V429892C,2118809,불참,2022-12-08
21,2385336L,2118809,찬성,2022-12-08
21,ZA54991S,2118809,찬성,2022-12-08
21,MO52543L,2118809,불참,2022-12-08
21,X1K3667J,2118809,찬성,2022-12-08
21,WTR5885Y,2118809,찬성,2022-12-08
21,25I8709Q,2118809,찬성,2022-12-08
21,6MO8786S,2118809,불참,2022-12-08
21,XWX1513T,2118809,찬성,2022-12-08
21,OW53107J,2118809,불참,2022-12-08
21,L2I9861C,2118809,찬성,2022-12-08
21,IOW8224X,2118809,찬성,2022-12-08
21,9JF4562W,2118809,찬성,2022-12-08
21,Z7Y7827F,2118809,불참,2022-12-08
21,8FC9697X,2118809,불참,2022-12-08
21,GD131760,2118809,불참,2022-12-08
21,ZRF3039U,2118809,불참,2022-12-08
21,V0O5343U,2118809,찬성,2022-12-08
21,P0F1530P,2118809,불참,2022-12-08
21,XPP2564T,2118809,찬성,2022-12-08
21,FRN1867O,2118809,찬성,2022-12-08
21,RO593601,2118809,찬성,2022-12-08
21,PFG2137X,2118809,찬성,2022-12-08
21,UB114374,2118809,불참,2022-12-08
21,0YT3774N,2118809,불참,2022-12-08
21,7JC3239L,2118809,찬성,2022-12-08
21,8KF7223D,2118809,찬성,2022-12-08
21,8P37634C,2118809,찬성,2022-12-08
21,N4R2421C,2118809,불참,2022-12-08
21,3C23171A,2118809,기권,2022-12-08
21,GDG1847Z,2118809,불참,2022-12-08
21,O7R5461J,2118809,찬성,2022-12-08
21,JMY9959W,2118809,불참,2022-12-08
21,6AR6743G,2118809,불참,2022-12-08
21,J2O8643H,2118809,찬성,2022-12-08
21,VCP96419,2118809,불참,2022-12-08
21,F5U2979W,2118768,불참,2022-12-08
21,YOG1280B,2118768,불참,2022-12-08
21,FIC9046Z,2118768,불참,2022-12-08
21,DWK26447,2118768,찬성,2022-12-08
21,NUB4941Z,2118768,찬성,2022-12-08
21,NLR6572J,2118768,찬성,2022-12-08
21,YTA7297R,2118768,찬성,2022-12-08
21,JNL7001A,2118768,찬성,2022-12-08
21,L7T64271,2118768,찬성,2022-12-08
21,GKD32201,2118768,찬성,2022-12-08
21,G7512472,2118768,찬성,2022-12-08
21,3TO11703,2118768,불참,2022-12-08
21,CCU1009B,2118768,찬성,2022-12-08
21,MU69217P,2118768,찬성,2022-12-08
21,66W6739S,2118768,불참,2022-12-08
21,LM13674V,2118768,찬성,2022-12-08
21,QD25323M,2118768,불참,2022-12-08
21,JVB6983V,2118768,찬성,2022-12-08
21,DAY6557K,2118768,찬성,2022-12-08
21,GP07421U,2118768,찬성,2022-12-08
21,FGI27280,2118768,불참,2022-12-08
21,4XG1439M,2118768,찬성,2022-12-08
21,P2N50879,2118768,찬성,2022-12-08
21,A0P4646G,2118768,불참,2022-12-08
21,A2V51235,2118768,찬성,2022-12-08
21,7I09543O,2118768,찬성,2022-12-08
21,3DK8989T,2118768,불참,2022-12-08
21,7469929V,2118768,찬성,2022-12-08
21,D4L60530,2118768,찬성,2022-12-08
21,M6H1705E,2118768,찬성,2022-12-08
21,OFE45081,2118768,기권,2022-12-08
21,09I2323E,2118768,불참,2022-12-08
21,NTT8182Q,2118768,찬성,2022-12-08
21,ZYH1940A,2118768,찬성,2022-12-08
21,0VU8517U,2118768,찬성,2022-12-08
21,M0A1658U,2118768,찬성,2022-12-08
21,HSW1214Q,2118768,찬성,2022-12-08
21,WDS6044S,2118768,불참,2022-12-08
21,3BC6890E,2118768,찬성,2022-12-08
21,ZDR63255,2118768,불참,2022-12-08
21,KR14136C,2118768,찬성,2022-12-08
21,SRP7336N,2118768,불참,2022-12-08
21,GFF1986K,2118768,찬성,2022-12-08
21,ZKU88693,2118768,찬성,2022-12-08
21,WJL30106,2118768,불참,2022-12-08
21,5KV96424,2118768,찬성,2022-12-08
21,60490713,2118768,찬성,2022-12-08
21,UM51067K,2118768,찬성,2022-12-08
21,HKJ99607,2118768,불참,2022-12-08
21,1WE5693J,2118768,찬성,2022-12-08
21,X3170462,2118768,찬성,2022-12-08
21,8FB1535Y,2118768,찬성,2022-12-08
21,4T026790,2118768,찬성,2022-12-08
21,EH27538E,2118768,찬성,2022-12-08
21,WFU14784,2118768,찬성,2022-12-08
21,SU53086M,2118768,찬성,2022-12-08
21,0WL9321T,2118768,찬성,2022-12-08
21,PZA4062H,2118768,찬성,2022-12-08
21,MR210505,2118768,불참,2022-12-08
21,GF286398,2118768,찬성,2022-12-08
21,8348421R,2118768,불참,2022-12-08
21,H5476989,2118768,찬성,2022-12-08
21,JQA21112,2118768,찬성,2022-12-08
21,4L695580,2118768,찬성,2022-12-08
21,40E3739H,2118768,찬성,2022-12-08
21,HXT76735,2118768,찬성,2022-12-08
21,RPN2293B,2118768,찬성,2022-12-08
21,0R68099X,2118768,찬성,2022-12-08
21,6RM29022,2118768,찬성,2022-12-08
21,MQU41854,2118768,찬성,2022-12-08
21,V429892C,2118768,찬성,2022-12-08
21,2385336L,2118768,찬성,2022-12-08
21,IN328264,2118768,불참,2022-12-08
21,XBT9550Q,2118768,찬성,2022-12-08
21,ZA54991S,2118768,찬성,2022-12-08
21,MO52543L,2118768,찬성,2022-12-08
21,0827740Q,2118768,찬성,2022-12-08
21,0W194007,2118768,찬성,2022-12-08
21,X1K3667J,2118768,찬성,2022-12-08
21,WMG57662,2118768,찬성,2022-12-08
21,NCP9875N,2118768,찬성,2022-12-08
21,I5I2468R,2118768,찬성,2022-12-08
21,WTR5885Y,2118768,기권,2022-12-08
21,3425169D,2118768,찬성,2022-12-08
21,IOW1101J,2118768,찬성,2022-12-08
21,ICH23251,2118768,찬성,2022-12-08
21,25I8709Q,2118768,찬성,2022-12-08
21,OIA3741M,2118768,찬성,2022-12-08
21,XWX1513T,2118768,찬성,2022-12-08
21,CT85313K,2118768,찬성,2022-12-08
21,BLC8630L,2118768,찬성,2022-12-08
21,NQR1206Q,2118768,찬성,2022-12-08
21,LG63087O,2118768,불참,2022-12-08
21,PEP6922S,2118768,찬성,2022-12-08
21,DAN6731C,2118768,찬성,2022-12-08
21,VG24001G,2118768,찬성,2022-12-08
21,L2I9861C,2118768,찬성,2022-12-08
21,WCD5518S,2118768,찬성,2022-12-08
21,SVH3899R,2118768,찬성,2022-12-08
21,9JF4562W,2118768,찬성,2022-12-08
21,Y7K5946R,2118768,찬성,2022-12-08
21,ATB59635,2118768,찬성,2022-12-08
21,SBK1544B,2118768,불참,2022-12-08
21,KUO3574J,2118768,찬성,2022-12-08
21,D6U6678O,2118768,찬성,2022-12-08
21,FU87526G,2118768,찬성,2022-12-08
21,S9U45255,2118768,불참,2022-12-08
21,8SV6917G,2118768,찬성,2022-12-08
21,8FC9697X,2118768,찬성,2022-12-08
21,QKO6165V,2118768,불참,2022-12-08
21,ZRF3039U,2118768,불참,2022-12-08
21,V0O5343U,2118768,찬성,2022-12-08
21,68P7228G,2118768,찬성,2022-12-08
21,P0F1530P,2118768,찬성,2022-12-08
21,XPP2564T,2118768,불참,2022-12-08
21,FRN1867O,2118768,찬성,2022-12-08
21,LQW3652K,2118768,찬성,2022-12-08
21,RO593601,2118768,찬성,2022-12-08
21,PFG2137X,2118768,찬성,2022-12-08
21,UB114374,2118768,찬성,2022-12-08
21,GAV6441G,2118768,찬성,2022-12-08
21,0YT3774N,2118768,찬성,2022-12-08
21,40S1959J,2118768,찬성,2022-12-08
21,IL74008M,2118768,찬성,2022-12-08
21,8KF7223D,2118768,찬성,2022-12-08
21,CNZ51556,2118768,찬성,2022-12-08
21,N4R2421C,2118768,불참,2022-12-08
21,3C23171A,2118768,찬성,2022-12-08
21,GDG1847Z,2118768,찬성,2022-12-08
21,P2N4585G,2118768,찬성,2022-12-08
21,JMY9959W,2118768,불참,2022-12-08
21,7R156073,2118768,찬성,2022-12-08
21,J2O8643H,2118768,찬성,2022-12-08
21,VCP96419,2118768,찬성,2022-12-08
21,6AU2417B,2118768,불참,2022-12-08
21,8VJ8533R,2118768,찬성,2022-12-08
21,B7D7534L,2118768,찬성,2022-12-08
21,GX22581L,2118768,찬성,2022-12-08
21,SE233396,2118768,찬성,2022-12-08
21,AFH96856,2118768,찬성,2022-12-08
21,52P3934K,2118768,찬성,2022-12-08
21,B7H6207C,2118768,찬성,2022-12-08
21,6399076T,2118768,찬성,2022-12-08
21,4U29186R,2118768,찬성,2022-12-08
21,F5Y4026Q,2118768,불참,2022-12-08
21,WHV3448W,2118768,찬성,2022-12-08
21,6RD62559,2118768,찬성,2022-12-08
21,1Y73132H,2118768,찬성,2022-12-08
21,I0S53762,2118768,불참,2022-12-08
21,TKJ4800F,2118768,불참,2022-12-08
21,O6D8329R,2118768,찬성,2022-12-08
21,04T3751T,2118768,불참,2022-12-08
21,MSY7784L,2118768,찬성,2022-12-08
21,EVH1507C,2118768,찬성,2022-12-08
21,K5F2023J,2118768,찬성,2022-12-08
21,14M56632,2118768,찬성,2022-12-08
21,N9X9673B,2118768,불참,2022-12-08
21,5MD4184K,2118768,찬성,2022-12-08
21,5K93695T,2118768,찬성,2022-12-08
21,6U243644,2118768,찬성,2022-12-08
21,E9R4507P,2118768,찬성,2022-12-08
21,UHB5553T,2118768,찬성,2022-12-08
21,KFS1358P,2118768,찬성,2022-12-08
21,J9S37905,2118768,찬성,2022-12-08
21,A494529E,2118768,찬성,2022-12-08
21,VRY5522V,2118768,찬성,2022-12-08
21,CAA7713A,2118768,찬성,2022-12-08
21,0PK7354M,2118768,찬성,2022-12-08
21,O0I2045I,2118768,찬성,2022-12-08
21,CZB4125D,2118768,찬성,2022-12-08
21,Z6R3959C,2118768,불참,2022-12-08
21,QUM8288K,2118768,찬성,2022-12-08
21,UGH6481E,2118768,찬성,2022-12-08
21,S824682L,2118768,찬성,2022-12-08
21,W4X85128,2118768,불참,2022-12-08
21,Q9H5708M,2118768,찬성,2022-12-08
21,JZY9937U,2118768,찬성,2022-12-08
21,MRK4871S,2118768,찬성,2022-12-08
21,YKW37422,2118768,불참,2022-12-08
21,2NV6751W,2118768,찬성,2022-12-08
21,BM63269Y,2118768,찬성,2022-12-08
21,M7O7878U,2118768,찬성,2022-12-08
21,YLS4431M,2118768,찬성,2022-12-08
21,MNZ4401T,2118768,찬성,2022-12-08
21,3ZR4438W,2118768,찬성,2022-12-08
21,HSS7466Y,2118768,찬성,2022-12-08
21,KB04377U,2118768,찬성,2022-12-08
21,FU53642G,2118768,찬성,2022-12-08
21,MLH1404S,2118768,찬성,2022-12-08
21,8VY63414,2118768,찬성,2022-12-08
21,XR24352K,2118768,찬성,2022-12-08
21,QQP4727N,2118768,불참,2022-12-08
21,JEZ3130Q,2118768,찬성,2022-12-08
21,BCQ55105,2118768,찬성,2022-12-08
21,9L57027L,2118768,찬성,2022-12-08
21,GOC54665,2118768,찬성,2022-12-08
21,5UN9725L,2118768,찬성,2022-12-08
21,LJK4960Z,2118768,찬성,2022-12-08
21,IUD9392R,2118768,불참,2022-12-08
21,K3W33496,2118768,찬성,2022-12-08
21,M2Q9024I,2118768,찬성,2022-12-08
21,DBA1057Z,2118768,찬성,2022-12-08
21,CI15627C,2118768,찬성,2022-12-08
21,C7E79345,2118768,불참,2022-12-08
21,4019850M,2118768,찬성,2022-12-08
21,UQ282145,2118768,찬성,2022-12-08
21,9YO73104,2118768,찬성,2022-12-08
21,TRE2429O,2118768,찬성,2022-12-08
21,E6U4345C,2118768,찬성,2022-12-08
21,7BM2933Y,2118768,찬성,2022-12-08
21,CDL93608,2118768,불참,2022-12-08
21,2UD1340H,2118768,찬성,2022-12-08
21,9VR65006,2118768,찬성,2022-12-08
21,X7I4680R,2118768,불참,2022-12-08
21,EMC8812P,2118768,찬성,2022-12-08
21,XJC13432,2118768,불참,2022-12-08
21,XSP20229,2118768,찬성,2022-12-08
21,T465023H,2118768,찬성,2022-12-08
21,3RW63706,2118768,찬성,2022-12-08
21,RQQ3807K,2118768,찬성,2022-12-08
21,FH777496,2118768,찬성,2022-12-08
21,FYI20317,2118768,찬성,2022-12-08
21,8X15119P,2118768,찬성,2022-12-08
21,ZYP7962W,2118768,불참,2022-12-08
21,CNW5754J,2118768,찬성,2022-12-08
21,3249208I,2118768,찬성,2022-12-08
21,GX38539O,2118768,찬성,2022-12-08
21,8Q88373R,2118768,찬성,2022-12-08
21,XEF29171,2118768,찬성,2022-12-08
21,WVU2479T,2118768,찬성,2022-12-08
21,9D939735,2118768,찬성,2022-12-08
21,QTW6852F,2118768,찬성,2022-12-08
21,7XY7109I,2118768,찬성,2022-12-08
21,TST4507I,2118768,찬성,2022-12-08
21,JC14718Q,2118768,찬성,2022-12-08
21,5KV82250,2118768,찬성,2022-12-08
21,L7J93733,2118768,찬성,2022-12-08
21,DAV7257X,2118768,찬성,2022-12-08
21,GE71932C,2118768,찬성,2022-12-08
21,6YT83269,2118768,찬성,2022-12-08
21,FDC3144T,2118768,찬성,2022-12-08
21,G152611B,2118768,불참,2022-12-08
21,I7R13867,2118768,찬성,2022-12-08
21,SQ36001H,2118768,찬성,2022-12-08
21,G1570880,2118768,찬성,2022-12-08
21,FOK3459D,2118768,찬성,2022-12-08
21,QUO78839,2118768,찬성,2022-12-08
21,LPB30152,2118768,찬성,2022-12-08
21,MD083627,2118768,불참,2022-12-08
21,TZP9391O,2118768,찬성,2022-12-08
21,6V37131U,2118768,찬성,2022-12-08
21,OSV9142K,2118768,찬성,2022-12-08
21,B7R2742J,2118768,찬성,2022-12-08
21,FJK3396E,2118768,찬성,2022-12-08
21,ZDP5704Q,2118768,찬성,2022-12-08
21,71J2365L,2118768,찬성,2022-12-08
21,7O71647Z,2118768,찬성,2022-12-08
21,W1Q6753M,2118768,찬성,2022-12-08
21,E1J8836Y,2118768,불참,2022-12-08
21,RD42006Y,2118768,찬성,2022-12-08
21,6EN68926,2118768,불참,2022-12-08
21,QHL3248U,2118768,찬성,2022-12-08
21,TJW93720,2118768,찬성,2022-12-08
21,9S151177,2118768,찬성,2022-12-08
21,TZ228122,2118768,찬성,2022-12-08
21,9V18755A,2118768,찬성,2022-12-08
21,XA42275R,2118768,찬성,2022-12-08
21,PO64874I,2118768,찬성,2022-12-08
21,LBC8144B,2118768,찬성,2022-12-08
21,VHK3402G,2118768,불참,2022-12-08
21,KFM1081G,2118768,찬성,2022-12-08
21,1BX7234U,2118768,찬성,2022-12-08
21,S741317G,2118768,찬성,2022-12-08
21,2N793392,2118768,찬성,2022-12-08
21,USR7059P,2118768,찬성,2022-12-08
21,A3H7195R,2118768,찬성,2022-12-08
21,NZF1659U,2118768,찬성,2022-12-08
21,5765663F,2118768,찬성,2022-12-08
21,KNM3215T,2118768,찬성,2022-12-08
21,M7T9712V,2118768,찬성,2022-12-08
21,MY318392,2118768,찬성,2022-12-08
21,6MO8786S,2118768,찬성,2022-12-08
21,OW53107J,2118768,찬성,2022-12-08
21,IOW8224X,2118768,찬성,2022-12-08
21,Z7Y7827F,2118768,찬성,2022-12-08
21,GD131760,2118768,불참,2022-12-08
21,7JC3239L,2118768,불참,2022-12-08
21,8P37634C,2118768,찬성,2022-12-08
21,O7R5461J,2118768,찬성,2022-12-08
21,6AR6743G,2118768,찬성,2022-12-08
21,LH97552Q,2118768,찬성,2022-12-08
21,DPZ7685X,2118768,찬성,2022-12-08
21,16D7652C,2118768,찬성,2022-12-08
21,LT72093S,2118768,찬성,2022-12-08
21,1MU99298,2118768,찬성,2022-12-08
21,17M85910,2118768,찬성,2022-12-08
21,9LD2641Q,2118768,찬성,2022-12-08
21,BT62420K,2118768,찬성,2022-12-08
21,4X525582,2118768,불참,2022-12-08
21,QQP4727N,2110258,찬성,2021-05-21
21,GOC54665,2110258,불참,2021-05-21
21,LJK4960Z,2110258,찬성,2021-05-21
21,CI15627C,2110258,찬성,2021-05-21
21,4019850M,2110258,찬성,2021-05-21
21,UQ282145,2110258,찬성,2021-05-21
21,2UD1340H,2110258,찬성,2021-05-21
21,X7I4680R,2110258,찬성,2021-05-21
21,EMC8812P,2110258,찬성,2021-05-21
21,T465023H,2110258,찬성,2021-05-21
21,7XY7109I,2110258,찬성,2021-05-21
21,TST4507I,2110258,찬성,2021-05-21
21,JC14718Q,2110258,찬성,2021-05-21
21,5KV82250,2110258,불참,2021-05-21
21,L7J93733,2110258,찬성,2021-05-21
21,LT72093S,2110258,찬성,2021-05-21
21,6YT83269,2110258,불참,2021-05-21
21,1MU99298,2110258,찬성,2021-05-21
21,FDC3144T,2110258,찬성,2021-05-21
21,17M85910,2110258,찬성,2021-05-21
21,G152611B,2110258,불참,2021-05-21
21,9LD2641Q,2110258,찬성,2021-05-21
21,QUO78839,2110258,찬성,2021-05-21
21,BT62420K,2110258,찬성,2021-05-21
21,6V37131U,2110258,찬성,2021-05-21
21,1BX7234U,2110258,찬성,2021-05-21
21,QHL3248U,2110258,찬성,2021-05-21
21,9V18755A,2110258,찬성,2021-05-21
21,XA42275R,2110258,찬성,2021-05-21
21,FIC9046Z,2110258,찬성,2021-05-21
21,JNL7001A,2110258,불참,2021-05-21
21,4X525582,2110258,불참,2021-05-21
21,GKD32201,2110258,찬성,2021-05-21
21,S741317G,2110258,찬성,2021-05-21
21,2N793392,2110258,찬성,2021-05-21
21,QD25323M,2110258,찬성,2021-05-21
21,A0P4646G,2110258,불참,2021-05-21
21,1X376850,2110258,찬성,2021-05-21
21,7469929V,2110258,찬성,2021-05-21
21,D4L60530,2110258,찬성,2021-05-21
21,09I2323E,2110258,찬성,2021-05-21
21,A3H7195R,2110258,찬성,2021-05-21
21,NZF1659U,2110258,찬성,2021-05-21
21,WDS6044S,2110258,찬성,2021-05-21
21,ZDR63255,2110258,찬성,2021-05-21
21,5765663F,2110258,찬성,2021-05-21
21,GFF1986K,2110258,찬성,2021-05-21
21,WJL30106,2110258,찬성,2021-05-21
21,KNM3215T,2110258,찬성,2021-05-21
21,1WE5693J,2110258,찬성,2021-05-21
21,MY318392,2110258,찬성,2021-05-21
21,4T026790,2110258,찬성,2021-05-21
21,EH27538E,2110258,찬성,2021-05-21
21,WFU14784,2110258,찬성,2021-05-21
21,4L695580,2110258,찬성,2021-05-21
21,40E3739H,2110258,찬성,2021-05-21
21,RPN2293B,2110258,찬성,2021-05-21
21,V429892C,2110258,찬성,2021-05-21
21,ZA54991S,2110258,찬성,2021-05-21
21,IOW1101J,2110258,찬성,2021-05-21
21,25I8709Q,2110258,불참,2021-05-21
21,PAO22428,2110258,찬성,2021-05-21
21,BLC8630L,2110258,찬성,2021-05-21
21,DAN6731C,2110258,찬성,2021-05-21
21,VG24001G,2110258,찬성,2021-05-21
21,WCD5518S,2110258,찬성,2021-05-21
21,I434361W,2110258,찬성,2021-05-21
21,SBK1544B,2110258,찬성,2021-05-21
21,ZRF3039U,2110258,찬성,2021-05-21
21,V0O5343U,2110258,찬성,2021-05-21
21,P0F1530P,2110258,찬성,2021-05-21
21,FRN1867O,2110258,찬성,2021-05-21
21,GAV6441G,2110258,찬성,2021-05-21
21,7JC3239L,2110258,찬성,2021-05-21
21,CNZ51556,2110258,찬성,2021-05-21
21,N4R2421C,2110258,찬성,2021-05-21
21,O7R5461J,2110258,찬성,2021-05-21
21,VCP96419,2110258,찬성,2021-05-21
21,52P3934K,2110258,불참,2021-05-21
21,6399076T,2110258,찬성,2021-05-21
21,4U29186R,2110258,찬성,2021-05-21
21,F5Y4026Q,2110258,찬성,2021-05-21
21,MSY7784L,2110258,불참,2021-05-21
21,N9X9673B,2110258,찬성,2021-05-21
21,5K93695T,2110258,찬성,2021-05-21
21,KFS1358P,2110258,찬성,2021-05-21
21,J9S37905,2110258,불참,2021-05-21
21,CZB4125D,2110258,찬성,2021-05-21
21,Z6R3959C,2110258,불참,2021-05-21
21,Q9H5708M,2110258,불참,2021-05-21
21,2NV6751W,2110258,찬성,2021-05-21
21,BM63269Y,2110258,불참,2021-05-21
21,XR24352K,2110258,찬성,2021-05-21
21,L7T64271,2110258,찬성,2021-05-21
21,G7512472,2110258,찬성,2021-05-21
21,3TO11703,2110258,찬성,2021-05-21
21,CCU1009B,2110258,찬성,2021-05-21
21,MU69217P,2110258,찬성,2021-05-21
21,66W6739S,2110258,찬성,2021-05-21
21,LM13674V,2110258,불참,2021-05-21
21,DAY6557K,2110258,찬성,2021-05-21
21,GP07421U,2110258,찬성,2021-05-21
21,FGI27280,2110258,찬성,2021-05-21
21,USR7059P,2110258,찬성,2021-05-21
21,4XG1439M,2110258,찬성,2021-05-21
21,P2N50879,2110258,찬성,2021-05-21
21,A2V51235,2110258,찬성,2021-05-21
21,7I09543O,2110258,찬성,2021-05-21
21,3DK8989T,2110258,불참,2021-05-21
21,M6H1705E,2110258,찬성,2021-05-21
21,OFE45081,2110258,찬성,2021-05-21
21,NTT8182Q,2110258,찬성,2021-05-21
21,ZYH1940A,2110258,찬성,2021-05-21
21,0VU8517U,2110258,불참,2021-05-21
21,M0A1658U,2110258,찬성,2021-05-21
21,HSW1214Q,2110258,찬성,2021-05-21
21,3BC6890E,2110258,찬성,2021-05-21
21,KR14136C,2110258,불참,2021-05-21
21,SRP7336N,2110258,찬성,2021-05-21
21,ZKU88693,2110258,찬성,2021-05-21
21,5KV96424,2110258,찬성,2021-05-21
21,M7T9712V,2110258,찬성,2021-05-21
21,60490713,2110258,찬성,2021-05-21
21,UM51067K,2110258,불참,2021-05-21
21,HKJ99607,2110258,찬성,2021-05-21
21,X3170462,2110258,찬성,2021-05-21
21,8FB1535Y,2110258,찬성,2021-05-21
21,SU53086M,2110258,찬성,2021-05-21
21,0WL9321T,2110258,찬성,2021-05-21
21,PZA4062H,2110258,찬성,2021-05-21
21,MR210505,2110258,찬성,2021-05-21
21,GF286398,2110258,찬성,2021-05-21
21,8348421R,2110258,찬성,2021-05-21
21,H5476989,2110258,찬성,2021-05-21
21,JQA21112,2110258,찬성,2021-05-21
21,HXT76735,2110258,찬성,2021-05-21
21,0R68099X,2110258,찬성,2021-05-21
21,4A067125,2110258,불참,2021-05-21
21,2385336L,2110258,찬성,2021-05-21
21,IN328264,2110258,불참,2021-05-21
21,XBT9550Q,2110258,찬성,2021-05-21
21,MO52543L,2110258,불참,2021-05-21
21,0827740Q,2110258,찬성,2021-05-21
21,0W194007,2110258,찬성,2021-05-21
21,X1K3667J,2110258,찬성,2021-05-21
21,WMG57662,2110258,불참,2021-05-21
21,NCP9875N,2110258,찬성,2021-05-21
21,I5I2468R,2110258,불참,2021-05-21
21,WTR5885Y,2110258,불참,2021-05-21
21,L5P27909,2110258,불참,2021-05-21
21,3425169D,2110258,찬성,2021-05-21
21,ICH23251,2110258,불참,2021-05-21
21,OIA3741M,2110258,찬성,2021-05-21
21,6MO8786S,2110258,찬성,2021-05-21
21,XWX1513T,2110258,찬성,2021-05-21
21,CT85313K,2110258,찬성,2021-05-21
21,NQR1206Q,2110258,찬성,2021-05-21
21,0767470D,2110258,불참,2021-05-21
21,LG63087O,2110258,찬성,2021-05-21
21,NAL4555X,2110258,찬성,2021-05-21
21,OW53107J,2110258,찬성,2021-05-21
21,PEP6922S,2110258,찬성,2021-05-21
21,L2I9861C,2110258,불참,2021-05-21
21,SVH3899R,2110258,찬성,2021-05-21
21,IOW8224X,2110258,찬성,2021-05-21
21,9JF4562W,2110258,찬성,2021-05-21
21,Y7K5946R,2110258,찬성,2021-05-21
21,Z7Y7827F,2110258,찬성,2021-05-21
21,ATB59635,2110258,찬성,2021-05-21
21,KUO3574J,2110258,찬성,2021-05-21
21,D6U6678O,2110258,찬성,2021-05-21
21,FU87526G,2110258,기권,2021-05-21
21,S9U45255,2110258,불참,2021-05-21
21,8SV6917G,2110258,불참,2021-05-21
21,8FC9697X,2110258,찬성,2021-05-21
21,QKO6165V,2110258,불참,2021-05-21
21,GD131760,2110258,불참,2021-05-21
21,68P7228G,2110258,불참,2021-05-21
21,XPP2564T,2110258,불참,2021-05-21
21,LQW3652K,2110258,불참,2021-05-21
21,RO593601,2110258,찬성,2021-05-21
21,PFG2137X,2110258,찬성,2021-05-21
21,UB114374,2110258,불참,2021-05-21
21,0YT3774N,2110258,찬성,2021-05-21
21,40S1959J,2110258,기권,2021-05-21
21,IL74008M,2110258,찬성,2021-05-21
21,8KF7223D,2110258,찬성,2021-05-21
21,8P37634C,2110258,찬성,2021-05-21
21,3C23171A,2110258,찬성,2021-05-21
21,GDG1847Z,2110258,찬성,2021-05-21
21,P2N4585G,2110258,찬성,2021-05-21
21,TVF3669B,2110258,찬성,2021-05-21
21,JMY9959W,2110258,찬성,2021-05-21
21,7R156073,2110258,불참,2021-05-21
21,6AR6743G,2110258,불참,2021-05-21
21,J2O8643H,2110258,찬성,2021-05-21
21,6AU2417B,2110258,찬성,2021-05-21
21,8VJ8533R,2110258,불참,2021-05-21
21,B7D7534L,2110258,찬성,2021-05-21
21,GX22581L,2110258,찬성,2021-05-21
21,SE233396,2110258,찬성,2021-05-21
21,AFH96856,2110258,찬성,2021-05-21
21,B7H6207C,2110258,찬성,2021-05-21
21,WHV3448W,2110258,찬성,2021-05-21
21,1Y73132H,2110258,불참,2021-05-21
21,I0S53762,2110258,불참,2021-05-21
21,LH97552Q,2110258,찬성,2021-05-21
21,TKJ4800F,2110258,찬성,2021-05-21
21,O6D8329R,2110258,불참,2021-05-21
21,04T3751T,2110258,찬성,2021-05-21
21,EVH1507C,2110258,찬성,2021-05-21
21,K5F2023J,2110258,찬성,2021-05-21
21,14M56632,2110258,불참,2021-05-21
21,5MD4184K,2110258,찬성,2021-05-21
21,TP066860,2110258,찬성,2021-05-21
21,DPZ7685X,2110258,찬성,2021-05-21
21,6U243644,2110258,찬성,2021-05-21
21,E9R4507P,2110258,찬성,2021-05-21
21,UHB5553T,2110258,찬성,2021-05-21
21,A494529E,2110258,찬성,2021-05-21
21,VRY5522V,2110258,찬성,2021-05-21
21,CAA7713A,2110258,찬성,2021-05-21
21,0PK7354M,2110258,찬성,2021-05-21
21,O0I2045I,2110258,찬성,2021-05-21
21,QUM8288K,2110258,불참,2021-05-21
21,UGH6481E,2110258,불참,2021-05-21
21,S824682L,2110258,찬성,2021-05-21
21,W4X85128,2110258,기권,2021-05-21
21,CFE3998F,2110258,불참,2021-05-21
21,JZY9937U,2110258,불참,2021-05-21
21,MRK4871S,2110258,찬성,2021-05-21
21,YKW37422,2110258,불참,2021-05-21
21,M7O7878U,2110258,찬성,2021-05-21
21,YLS4431M,2110258,불참,2021-05-21
21,MNZ4401T,2110258,찬성,2021-05-21
21,3ZR4438W,2110258,불참,2021-05-21
21,HSS7466Y,2110258,찬성,2021-05-21
21,16D7652C,2110258,불참,2021-05-21
21,KB04377U,2110258,찬성,2021-05-21
21,FU53642G,2110258,찬성,2021-05-21
21,MLH1404S,2110258,찬성,2021-05-21
21,8VY63414,2110258,찬성,2021-05-21
21,IUL4848V,2110258,찬성,2021-05-21
21,JEZ3130Q,2110258,찬성,2021-05-21
21,BCQ55105,2110258,찬성,2021-05-21
21,9L57027L,2110258,불참,2021-05-21
21,5UN9725L,2110258,불참,2021-05-21
21,K3W33496,2110258,찬성,2021-05-21
21,M2Q9024I,2110258,찬성,2021-05-21
21,DBA1057Z,2110258,불참,2021-05-21
21,21N57758,2110258,찬성,2021-05-21
21,C7E79345,2110258,불참,2021-05-21
21,9YO73104,2110258,찬성,2021-05-21
21,TRE2429O,2110258,찬성,2021-05-21
21,E6U4345C,2110258,찬성,2021-05-21
21,7BM2933Y,2110258,찬성,2021-05-21
21,CDL93608,2110258,찬성,2021-05-21
21,9VR65006,2110258,불참,2021-05-21
21,XJC13432,2110258,찬성,2021-05-21
21,D0C85236,2110258,찬성,2021-05-21
21,XSP20229,2110258,불참,2021-05-21
21,3RW63706,2110258,찬성,2021-05-21
21,RQQ3807K,2110258,불참,2021-05-21
21,FH777496,2110258,찬성,2021-05-21
21,FYI20317,2110258,찬성,2021-05-21
21,8X15119P,2110258,불참,2021-05-21
21,ZYP7962W,2110258,불참,2021-05-21
21,CNW5754J,2110258,찬성,2021-05-21
21,3249208I,2110258,불참,2021-05-21
21,GX38539O,2110258,찬성,2021-05-21
21,8Q88373R,2110258,찬성,2021-05-21
21,XEF29171,2110258,찬성,2021-05-21
21,WVU2479T,2110258,찬성,2021-05-21
21,9D939735,2110258,불참,2021-05-21
21,QTW6852F,2110258,찬성,2021-05-21
21,DAV7257X,2110258,찬성,2021-05-21
21,GE71932C,2110258,불참,2021-05-21
21,I7R13867,2110258,찬성,2021-05-21
21,SQ36001H,2110258,찬성,2021-05-21
21,G1570880,2110258,찬성,2021-05-21
21,FOK3459D,2110258,찬성,2021-05-21
21,LPB30152,2110258,찬성,2021-05-21
21,MD083627,2110258,찬성,2021-05-21
21,TZP9391O,2110258,찬성,2021-05-21
21,OSV9142K,2110258,찬성,2021-05-21
21,B7R2742J,2110258,찬성,2021-05-21
21,FJK3396E,2110258,찬성,2021-05-21
21,ZDP5704Q,2110258,찬성,2021-05-21
21,71J2365L,2110258,불참,2021-05-21
21,7O71647Z,2110258,찬성,2021-05-21
21,W1Q6753M,2110258,찬성,2021-05-21
21,MHK9919B,2110258,불참,2021-05-21
21,E1J8836Y,2110258,찬성,2021-05-21
21,RD42006Y,2110258,찬성,2021-05-21
21,6EN68926,2110258,불참,2021-05-21
21,AE685067,2110258,불참,2021-05-21
21,TJW93720,2110258,찬성,2021-05-21
21,9S151177,2110258,찬성,2021-05-21
21,TZ228122,2110258,찬성,2021-05-21
21,PO64874I,2110258,불참,2021-05-21
21,JVB6983V,2115480,찬성,2022-09-27
21,E1J8836Y,2115480,찬성,2022-09-27
21,M0A1658U,2115480,불참,2022-09-27
21,SRP7336N,2115480,불참,2022-09-27
21,1WE5693J,2115480,찬성,2022-09-27
21,GF286398,2115480,찬성,2022-09-27
21,KUO3574J,2115480,찬성,2022-09-27
21,8SV6917G,2115480,찬성,2022-09-27
21,LQW3652K,2115480,찬성,2022-09-27
21,P2N4585G,2115480,찬성,2022-09-27
21,8VJ8533R,2115480,찬성,2022-09-27
21,6399076T,2115480,찬성,2022-09-27
21,5K93695T,2115480,찬성,2022-09-27
21,JEZ3130Q,2115480,찬성,2022-09-27
21,K3W33496,2115480,불참,2022-09-27
21,CI15627C,2115480,불참,2022-09-27
21,TRE2429O,2115480,불참,2022-09-27
21,XSP20229,2115480,찬성,2022-09-27
21,T465023H,2115480,찬성,2022-09-27
21,8X15119P,2115480,불참,2022-09-27
21,9D939735,2115480,찬성,2022-09-27
21,L7J93733,2115480,찬성,2022-09-27
21,FDC3144T,2115480,불참,2022-09-27
21,FJK3396E,2115480,불참,2022-09-27
21,A2V51235,2115480,찬성,2022-09-27
21,F5U2979W,2115480,찬성,2022-09-27
21,YOG1280B,2115480,불참,2022-09-27
21,FIC9046Z,2115480,불참,2022-09-27
21,DWK26447,2115480,찬성,2022-09-27
21,NUB4941Z,2115480,불참,2022-09-27
21,KFM1081G,2115480,찬성,2022-09-27
21,NLR6572J,2115480,찬성,2022-09-27
21,YTA7297R,2115480,불참,2022-09-27
21,JNL7001A,2115480,불참,2022-09-27
21,L7T64271,2115480,기권,2022-09-27
21,4X525582,2115480,불참,2022-09-27
21,GKD32201,2115480,불참,2022-09-27
21,G7512472,2115480,찬성,2022-09-27
21,3TO11703,2115480,불참,2022-09-27
21,S741317G,2115480,불참,2022-09-27
21,CCU1009B,2115480,찬성,2022-09-27
21,MU69217P,2115480,찬성,2022-09-27
21,2N793392,2115480,찬성,2022-09-27
21,66W6739S,2115480,찬성,2022-09-27
21,LM13674V,2115480,찬성,2022-09-27
21,QD25323M,2115480,불참,2022-09-27
21,DAY6557K,2115480,찬성,2022-09-27
21,GP07421U,2115480,찬성,2022-09-27
21,FGI27280,2115480,불참,2022-09-27
21,USR7059P,2115480,불참,2022-09-27
21,4XG1439M,2115480,불참,2022-09-27
21,P2N50879,2115480,불참,2022-09-27
21,A0P4646G,2115480,찬성,2022-09-27
21,7I09543O,2115480,찬성,2022-09-27
21,3DK8989T,2115480,찬성,2022-09-27
21,7469929V,2115480,찬성,2022-09-27
21,D4L60530,2115480,찬성,2022-09-27
21,M6H1705E,2115480,찬성,2022-09-27
21,OFE45081,2115480,찬성,2022-09-27
21,09I2323E,2115480,찬성,2022-09-27
21,NTT8182Q,2115480,찬성,2022-09-27
21,A3H7195R,2115480,찬성,2022-09-27
21,ZYH1940A,2115480,찬성,2022-09-27
21,0VU8517U,2115480,찬성,2022-09-27
21,HSW1214Q,2115480,찬성,2022-09-27
21,NZF1659U,2115480,불참,2022-09-27
21,WDS6044S,2115480,불참,2022-09-27
21,3BC6890E,2115480,불참,2022-09-27
21,ZDR63255,2115480,불참,2022-09-27
21,KR14136C,2115480,불참,2022-09-27
21,5765663F,2115480,찬성,2022-09-27
21,GFF1986K,2115480,찬성,2022-09-27
21,ZKU88693,2115480,찬성,2022-09-27
21,WJL30106,2115480,찬성,2022-09-27
21,5KV96424,2115480,찬성,2022-09-27
21,KNM3215T,2115480,찬성,2022-09-27
21,M7T9712V,2115480,불참,2022-09-27
21,60490713,2115480,찬성,2022-09-27
21,UM51067K,2115480,불참,2022-09-27
21,HKJ99607,2115480,찬성,2022-09-27
21,X3170462,2115480,찬성,2022-09-27
21,MY318392,2115480,찬성,2022-09-27
21,8FB1535Y,2115480,찬성,2022-09-27
21,4T026790,2115480,찬성,2022-09-27
21,EH27538E,2115480,찬성,2022-09-27
21,WFU14784,2115480,불참,2022-09-27
21,SU53086M,2115480,찬성,2022-09-27
21,0WL9321T,2115480,불참,2022-09-27
21,PZA4062H,2115480,찬성,2022-09-27
21,MR210505,2115480,찬성,2022-09-27
21,8348421R,2115480,불참,2022-09-27
21,H5476989,2115480,찬성,2022-09-27
21,JQA21112,2115480,불참,2022-09-27
21,4L695580,2115480,불참,2022-09-27
21,40E3739H,2115480,찬성,2022-09-27
21,HXT76735,2115480,찬성,2022-09-27
21,RPN2293B,2115480,찬성,2022-09-27
21,0R68099X,2115480,불참,2022-09-27
21,6RM29022,2115480,불참,2022-09-27
21,MQU41854,2115480,찬성,2022-09-27
21,V429892C,2115480,찬성,2022-09-27
21,2385336L,2115480,찬성,2022-09-27
21,IN328264,2115480,불참,2022-09-27
21,XBT9550Q,2115480,찬성,2022-09-27
21,ZA54991S,2115480,찬성,2022-09-27
21,MO52543L,2115480,찬성,2022-09-27
21,0827740Q,2115480,찬성,2022-09-27
21,0W194007,2115480,찬성,2022-09-27
21,X1K3667J,2115480,찬성,2022-09-27
21,WMG57662,2115480,찬성,2022-09-27
21,NCP9875N,2115480,찬성,2022-09-27
21,I5I2468R,2115480,찬성,2022-09-27
21,WTR5885Y,2115480,불참,2022-09-27
21,3425169D,2115480,찬성,2022-09-27
21,IOW1101J,2115480,불참,2022-09-27
21,ICH23251,2115480,찬성,2022-09-27
21,25I8709Q,2115480,찬성,2022-09-27
21,OIA3741M,2115480,찬성,2022-09-27
21,6MO8786S,2115480,찬성,2022-09-27
21,XWX1513T,2115480,찬성,2022-09-27
21,CT85313K,2115480,찬성,2022-09-27
21,BLC8630L,2115480,찬성,2022-09-27
21,NQR1206Q,2115480,불참,2022-09-27
21,LG63087O,2115480,불참,2022-09-27
21,OW53107J,2115480,찬성,2022-09-27
21,PEP6922S,2115480,불참,2022-09-27
21,DAN6731C,2115480,찬성,2022-09-27
21,VG24001G,2115480,찬성,2022-09-27
21,L2I9861C,2115480,찬성,2022-09-27
21,WCD5518S,2115480,찬성,2022-09-27
21,SVH3899R,2115480,찬성,2022-09-27
21,IOW8224X,2115480,찬성,2022-09-27
21,9JF4562W,2115480,찬성,2022-09-27
21,Y7K5946R,2115480,찬성,2022-09-27
21,Z7Y7827F,2115480,불참,2022-09-27
21,ATB59635,2115480,찬성,2022-09-27
21,SBK1544B,2115480,불참,2022-09-27
21,D6U6678O,2115480,찬성,2022-09-27
21,FU87526G,2115480,찬성,2022-09-27
21,S9U45255,2115480,찬성,2022-09-27
21,8FC9697X,2115480,불참,2022-09-27
21,QKO6165V,2115480,불참,2022-09-27
21,GD131760,2115480,불참,2022-09-27
21,ZRF3039U,2115480,불참,2022-09-27
21,V0O5343U,2115480,찬성,2022-09-27
21,68P7228G,2115480,찬성,2022-09-27
21,P0F1530P,2115480,불참,2022-09-27
21,XPP2564T,2115480,불참,2022-09-27
21,FRN1867O,2115480,찬성,2022-09-27
21,RO593601,2115480,찬성,2022-09-27
21,PFG2137X,2115480,찬성,2022-09-27
21,UB114374,2115480,찬성,2022-09-27
21,GAV6441G,2115480,찬성,2022-09-27
21,0YT3774N,2115480,찬성,2022-09-27
21,7JC3239L,2115480,불참,2022-09-27
21,40S1959J,2115480,찬성,2022-09-27
21,IL74008M,2115480,찬성,2022-09-27
21,8KF7223D,2115480,불참,2022-09-27
21,8P37634C,2115480,불참,2022-09-27
21,CNZ51556,2115480,찬성,2022-09-27
21,N4R2421C,2115480,불참,2022-09-27
21,3C23171A,2115480,찬성,2022-09-27
21,GDG1847Z,2115480,찬성,2022-09-27
21,O7R5461J,2115480,불참,2022-09-27
21,JMY9959W,2115480,찬성,2022-09-27
21,7R156073,2115480,찬성,2022-09-27
21,6AR6743G,2115480,찬성,2022-09-27
21,J2O8643H,2115480,불참,2022-09-27
21,VCP96419,2115480,찬성,2022-09-27
21,6AU2417B,2115480,불참,2022-09-27
21,B7D7534L,2115480,찬성,2022-09-27
21,GX22581L,2115480,찬성,2022-09-27
21,SE233396,2115480,찬성,2022-09-27
21,AFH96856,2115480,찬성,2022-09-27
21,52P3934K,2115480,찬성,2022-09-27
21,B7H6207C,2115480,찬성,2022-09-27
21,4U29186R,2115480,찬성,2022-09-27
21,F5Y4026Q,2115480,불참,2022-09-27
21,WHV3448W,2115480,찬성,2022-09-27
21,6RD62559,2115480,불참,2022-09-27
21,1Y73132H,2115480,찬성,2022-09-27
21,I0S53762,2115480,불참,2022-09-27
21,LH97552Q,2115480,찬성,2022-09-27
21,TKJ4800F,2115480,불참,2022-09-27
21,O6D8329R,2115480,찬성,2022-09-27
21,04T3751T,2115480,불참,2022-09-27
21,MSY7784L,2115480,불참,2022-09-27
21,EVH1507C,2115480,찬성,2022-09-27
21,K5F2023J,2115480,찬성,2022-09-27
21,14M56632,2115480,불참,2022-09-27
21,N9X9673B,2115480,불참,2022-09-27
21,5MD4184K,2115480,찬성,2022-09-27
21,DPZ7685X,2115480,찬성,2022-09-27
21,6U243644,2115480,찬성,2022-09-27
21,E9R4507P,2115480,찬성,2022-09-27
21,UHB5553T,2115480,찬성,2022-09-27
21,KFS1358P,2115480,찬성,2022-09-27
21,J9S37905,2115480,찬성,2022-09-27
21,A494529E,2115480,찬성,2022-09-27
21,VRY5522V,2115480,찬성,2022-09-27
21,CAA7713A,2115480,찬성,2022-09-27
21,0PK7354M,2115480,찬성,2022-09-27
21,O0I2045I,2115480,불참,2022-09-27
21,CZB4125D,2115480,불참,2022-09-27
21,Z6R3959C,2115480,불참,2022-09-27
21,QUM8288K,2115480,찬성,2022-09-27
21,UGH6481E,2115480,찬성,2022-09-27
21,S824682L,2115480,찬성,2022-09-27
21,W4X85128,2115480,불참,2022-09-27
21,Q9H5708M,2115480,찬성,2022-09-27
21,JZY9937U,2115480,불참,2022-09-27
21,MRK4871S,2115480,찬성,2022-09-27
21,YKW37422,2115480,불참,2022-09-27
21,2NV6751W,2115480,찬성,2022-09-27
21,BM63269Y,2115480,찬성,2022-09-27
21,M7O7878U,2115480,찬성,2022-09-27
21,YLS4431M,2115480,기권,2022-09-27
21,MNZ4401T,2115480,불참,2022-09-27
21,3ZR4438W,2115480,찬성,2022-09-27
21,HSS7466Y,2115480,불참,2022-09-27
21,16D7652C,2115480,찬성,2022-09-27
21,KB04377U,2115480,찬성,2022-09-27
21,FU53642G,2115480,찬성,2022-09-27
21,MLH1404S,2115480,불참,2022-09-27
21,8VY63414,2115480,찬성,2022-09-27
21,XR24352K,2115480,불참,2022-09-27
21,QQP4727N,2115480,불참,2022-09-27
21,BCQ55105,2115480,찬성,2022-09-27
21,9L57027L,2115480,찬성,2022-09-27
21,GOC54665,2115480,불참,2022-09-27
21,5UN9725L,2115480,찬성,2022-09-27
21,LJK4960Z,2115480,찬성,2022-09-27
21,IUD9392R,2115480,찬성,2022-09-27
21,M2Q9024I,2115480,불참,2022-09-27
21,DBA1057Z,2115480,찬성,2022-09-27
21,C7E79345,2115480,찬성,2022-09-27
21,4019850M,2115480,찬성,2022-09-27
21,UQ282145,2115480,불참,2022-09-27
21,9YO73104,2115480,찬성,2022-09-27
21,E6U4345C,2115480,불참,2022-09-27
21,7BM2933Y,2115480,찬성,2022-09-27
21,CDL93608,2115480,불참,2022-09-27
21,2UD1340H,2115480,찬성,2022-09-27
21,9VR65006,2115480,찬성,2022-09-27
21,X7I4680R,2115480,찬성,2022-09-27
21,EMC8812P,2115480,찬성,2022-09-27
21,XJC13432,2115480,불참,2022-09-27
21,3RW63706,2115480,찬성,2022-09-27
21,RQQ3807K,2115480,찬성,2022-09-27
21,FH777496,2115480,찬성,2022-09-27
21,FYI20317,2115480,찬성,2022-09-27
21,ZYP7962W,2115480,불참,2022-09-27
21,CNW5754J,2115480,불참,2022-09-27
21,3249208I,2115480,찬성,2022-09-27
21,GX38539O,2115480,찬성,2022-09-27
21,8Q88373R,2115480,불참,2022-09-27
21,XEF29171,2115480,찬성,2022-09-27
21,WVU2479T,2115480,불참,2022-09-27
21,QTW6852F,2115480,불참,2022-09-27
21,7XY7109I,2115480,찬성,2022-09-27
21,TST4507I,2115480,찬성,2022-09-27
21,JC14718Q,2115480,찬성,2022-09-27
21,5KV82250,2115480,찬성,2022-09-27
21,DAV7257X,2115480,찬성,2022-09-27
21,LT72093S,2115480,찬성,2022-09-27
21,GE71932C,2115480,기권,2022-09-27
21,6YT83269,2115480,찬성,2022-09-27
21,1MU99298,2115480,찬성,2022-09-27
21,17M85910,2115480,찬성,2022-09-27
21,G152611B,2115480,불참,2022-09-27
21,I7R13867,2115480,찬성,2022-09-27
21,SQ36001H,2115480,찬성,2022-09-27
21,G1570880,2115480,찬성,2022-09-27
21,9LD2641Q,2115480,찬성,2022-09-27
21,FOK3459D,2115480,찬성,2022-09-27
21,QUO78839,2115480,찬성,2022-09-27
21,BT62420K,2115480,찬성,2022-09-27
21,LPB30152,2115480,찬성,2022-09-27
21,MD083627,2115480,불참,2022-09-27
21,TZP9391O,2115480,찬성,2022-09-27
21,6V37131U,2115480,찬성,2022-09-27
21,OSV9142K,2115480,찬성,2022-09-27
21,B7R2742J,2115480,찬성,2022-09-27
21,ZDP5704Q,2115480,찬성,2022-09-27
21,71J2365L,2115480,찬성,2022-09-27
21,7O71647Z,2115480,찬성,2022-09-27
21,W1Q6753M,2115480,찬성,2022-09-27
21,RD42006Y,2115480,불참,2022-09-27
21,6EN68926,2115480,찬성,2022-09-27
21,1BX7234U,2115480,불참,2022-09-27
21,QHL3248U,2115480,불참,2022-09-27
21,TJW93720,2115480,찬성,2022-09-27
21,9S151177,2115480,찬성,2022-09-27
21,TZ228122,2115480,불참,2022-09-27
21,9V18755A,2115480,불참,2022-09-27
21,XA42275R,2115480,찬성,2022-09-27
21,PO64874I,2115480,불참,2022-09-27
21,LBC8144B,2115480,찬성,2022-09-27
21,VHK3402G,2115480,불참,2022-09-27
21,F5U2979W,2118739,불참,2022-12-08
21,YOG1280B,2118739,불참,2022-12-08
21,DWK26447,2118739,찬성,2022-12-08
21,NUB4941Z,2118739,찬성,2022-12-08
21,NLR6572J,2118739,찬성,2022-12-08
21,YTA7297R,2118739,찬성,2022-12-08
21,JNL7001A,2118739,찬성,2022-12-08
21,L7T64271,2118739,찬성,2022-12-08
21,3TO11703,2118739,불참,2022-12-08
21,CCU1009B,2118739,찬성,2022-12-08
21,MU69217P,2118739,찬성,2022-12-08
21,66W6739S,2118739,불참,2022-12-08
21,LM13674V,2118739,찬성,2022-12-08
21,QD25323M,2118739,불참,2022-12-08
21,JVB6983V,2118739,기권,2022-12-08
21,DAY6557K,2118739,찬성,2022-12-08
21,GP07421U,2118739,찬성,2022-12-08
21,4XG1439M,2118739,찬성,2022-12-08
21,P2N50879,2118739,반대,2022-12-08
21,A0P4646G,2118739,불참,2022-12-08
21,A2V51235,2118739,찬성,2022-12-08
21,7I09543O,2118739,불참,2022-12-08
21,3DK8989T,2118739,기권,2022-12-08
21,D4L60530,2118739,찬성,2022-12-08
21,M6H1705E,2118739,찬성,2022-12-08
21,OFE45081,2118739,기권,2022-12-08
21,09I2323E,2118739,불참,2022-12-08
21,ZYH1940A,2118739,찬성,2022-12-08
21,0VU8517U,2118739,찬성,2022-12-08
21,M0A1658U,2118739,찬성,2022-12-08
21,WDS6044S,2118739,불참,2022-12-08
21,3BC6890E,2118739,불참,2022-12-08
21,ZDR63255,2118739,찬성,2022-12-08
21,SRP7336N,2118739,불참,2022-12-08
21,GFF1986K,2118739,찬성,2022-12-08
21,ZKU88693,2118739,불참,2022-12-08
21,5KV96424,2118739,찬성,2022-12-08
21,60490713,2118739,찬성,2022-12-08
21,HKJ99607,2118739,찬성,2022-12-08
21,1WE5693J,2118739,찬성,2022-12-08
21,X3170462,2118739,찬성,2022-12-08
21,8FB1535Y,2118739,찬성,2022-12-08
21,4T026790,2118739,찬성,2022-12-08
21,SU53086M,2118739,찬성,2022-12-08
21,PZA4062H,2118739,찬성,2022-12-08
21,GF286398,2118739,찬성,2022-12-08
21,8348421R,2118739,기권,2022-12-08
21,JQA21112,2118739,불참,2022-12-08
21,4L695580,2118739,불참,2022-12-08
21,40E3739H,2118739,찬성,2022-12-08
21,RPN2293B,2118739,찬성,2022-12-08
21,MQU41854,2118739,기권,2022-12-08
21,IN328264,2118739,찬성,2022-12-08
21,XBT9550Q,2118739,찬성,2022-12-08
21,0827740Q,2118739,찬성,2022-12-08
21,0W194007,2118739,찬성,2022-12-08
21,WMG57662,2118739,찬성,2022-12-08
21,NCP9875N,2118739,찬성,2022-12-08
21,I5I2468R,2118739,찬성,2022-12-08
21,3425169D,2118739,찬성,2022-12-08
21,IOW1101J,2118739,찬성,2022-12-08
21,ICH23251,2118739,찬성,2022-12-08
21,OIA3741M,2118739,찬성,2022-12-08
21,CT85313K,2118739,기권,2022-12-08
21,BLC8630L,2118739,찬성,2022-12-08
21,NQR1206Q,2118739,찬성,2022-12-08
21,LG63087O,2118739,불참,2022-12-08
21,PEP6922S,2118739,불참,2022-12-08
21,DAN6731C,2118739,기권,2022-12-08
21,VG24001G,2118739,기권,2022-12-08
21,WCD5518S,2118739,찬성,2022-12-08
21,SVH3899R,2118739,기권,2022-12-08
21,Y7K5946R,2118739,불참,2022-12-08
21,ATB59635,2118739,불참,2022-12-08
21,SBK1544B,2118739,불참,2022-12-08
21,KUO3574J,2118739,찬성,2022-12-08
21,D6U6678O,2118739,찬성,2022-12-08
21,FU87526G,2118739,찬성,2022-12-08
21,S9U45255,2118739,불참,2022-12-08
21,8SV6917G,2118739,찬성,2022-12-08
21,QKO6165V,2118739,불참,2022-12-08
21,68P7228G,2118739,찬성,2022-12-08
21,LQW3652K,2118739,기권,2022-12-08
21,GAV6441G,2118739,찬성,2022-12-08
21,40S1959J,2118739,찬성,2022-12-08
21,IL74008M,2118739,찬성,2022-12-08
21,CNZ51556,2118739,찬성,2022-12-08
21,P2N4585G,2118739,찬성,2022-12-08
21,7R156073,2118739,찬성,2022-12-08
21,6AU2417B,2118739,찬성,2022-12-08
21,8VJ8533R,2118739,불참,2022-12-08
21,AFH96856,2118739,찬성,2022-12-08
21,52P3934K,2118739,찬성,2022-12-08
21,6399076T,2118739,찬성,2022-12-08
21,4U29186R,2118739,반대,2022-12-08
21,F5Y4026Q,2118739,불참,2022-12-08
21,WHV3448W,2118739,찬성,2022-12-08
21,6RD62559,2118739,찬성,2022-12-08
21,I0S53762,2118739,불참,2022-12-08
21,O6D8329R,2118739,찬성,2022-12-08
21,04T3751T,2118739,불참,2022-12-08
21,EVH1507C,2118739,찬성,2022-12-08
21,5MD4184K,2118739,찬성,2022-12-08
21,5K93695T,2118739,찬성,2022-12-08
21,UHB5553T,2118739,찬성,2022-12-08
21,KFS1358P,2118739,찬성,2022-12-08
21,J9S37905,2118739,찬성,2022-12-08
21,VRY5522V,2118739,찬성,2022-12-08
21,0PK7354M,2118739,찬성,2022-12-08
21,O0I2045I,2118739,찬성,2022-12-08
21,UGH6481E,2118739,찬성,2022-12-08
21,S824682L,2118739,찬성,2022-12-08
21,W4X85128,2118739,반대,2022-12-08
21,JZY9937U,2118739,찬성,2022-12-08
21,MRK4871S,2118739,불참,2022-12-08
21,YKW37422,2118739,불참,2022-12-08
21,2NV6751W,2118739,찬성,2022-12-08
21,M7O7878U,2118739,찬성,2022-12-08
21,3ZR4438W,2118739,찬성,2022-12-08
21,KB04377U,2118739,불참,2022-12-08
21,FU53642G,2118739,찬성,2022-12-08
21,MLH1404S,2118739,찬성,2022-12-08
21,8VY63414,2118739,찬성,2022-12-08
21,QQP4727N,2118739,기권,2022-12-08
21,JEZ3130Q,2118739,찬성,2022-12-08
21,BCQ55105,2118739,찬성,2022-12-08
21,LJK4960Z,2118739,찬성,2022-12-08
21,IUD9392R,2118739,찬성,2022-12-08
21,K3W33496,2118739,찬성,2022-12-08
21,M2Q9024I,2118739,불참,2022-12-08
21,DBA1057Z,2118739,찬성,2022-12-08
21,CI15627C,2118739,찬성,2022-12-08
21,4019850M,2118739,찬성,2022-12-08
21,TRE2429O,2118739,찬성,2022-12-08
21,E6U4345C,2118739,찬성,2022-12-08
21,7BM2933Y,2118739,찬성,2022-12-08
21,CDL93608,2118739,찬성,2022-12-08
21,2UD1340H,2118739,찬성,2022-12-08
21,9VR65006,2118739,찬성,2022-12-08
21,X7I4680R,2118739,불참,2022-12-08
21,EMC8812P,2118739,찬성,2022-12-08
21,XSP20229,2118739,찬성,2022-12-08
21,T465023H,2118739,찬성,2022-12-08
21,3RW63706,2118739,기권,2022-12-08
21,RQQ3807K,2118739,찬성,2022-12-08
21,8X15119P,2118739,불참,2022-12-08
21,CNW5754J,2118739,찬성,2022-12-08
21,3249208I,2118739,찬성,2022-12-08
21,9D939735,2118739,찬성,2022-12-08
21,TST4507I,2118739,찬성,2022-12-08
21,JC14718Q,2118739,찬성,2022-12-08
21,5KV82250,2118739,찬성,2022-12-08
21,L7J93733,2118739,찬성,2022-12-08
21,6YT83269,2118739,찬성,2022-12-08
21,FDC3144T,2118739,찬성,2022-12-08
21,SQ36001H,2118739,찬성,2022-12-08
21,G1570880,2118739,찬성,2022-12-08
21,QUO78839,2118739,찬성,2022-12-08
21,6V37131U,2118739,찬성,2022-12-08
21,OSV9142K,2118739,반대,2022-12-08
21,FJK3396E,2118739,찬성,2022-12-08
21,71J2365L,2118739,찬성,2022-12-08
21,7O71647Z,2118739,찬성,2022-12-08
21,W1Q6753M,2118739,찬성,2022-12-08
21,E1J8836Y,2118739,찬성,2022-12-08
21,6EN68926,2118739,찬성,2022-12-08
21,QHL3248U,2118739,찬성,2022-12-08
21,XA42275R,2118739,찬성,2022-12-08
21,PO64874I,2118739,찬성,2022-12-08
21,VHK3402G,2118739,불참,2022-12-08
21,LBC8144B,2118739,찬성,2022-12-08
21,VCP96419,2118739,찬성,2022-12-08
21,B7D7534L,2118739,찬성,2022-12-08
21,GX22581L,2118739,불참,2022-12-08
21,SE233396,2118739,찬성,2022-12-08
21,B7H6207C,2118739,찬성,2022-12-08
21,1Y73132H,2118739,찬성,2022-12-08
21,LH97552Q,2118739,찬성,2022-12-08
21,TKJ4800F,2118739,찬성,2022-12-08
21,MSY7784L,2118739,불참,2022-12-08
21,K5F2023J,2118739,찬성,2022-12-08
21,14M56632,2118739,불참,2022-12-08
21,N9X9673B,2118739,불참,2022-12-08
21,DPZ7685X,2118739,찬성,2022-12-08
21,6U243644,2118739,불참,2022-12-08
21,E9R4507P,2118739,기권,2022-12-08
21,A494529E,2118739,찬성,2022-12-08
21,CAA7713A,2118739,찬성,2022-12-08
21,CZB4125D,2118739,찬성,2022-12-08
21,Z6R3959C,2118739,불참,2022-12-08
21,QUM8288K,2118739,반대,2022-12-08
21,Q9H5708M,2118739,찬성,2022-12-08
21,BM63269Y,2118739,찬성,2022-12-08
21,YLS4431M,2118739,찬성,2022-12-08
21,MNZ4401T,2118739,찬성,2022-12-08
21,HSS7466Y,2118739,찬성,2022-12-08
21,16D7652C,2118739,찬성,2022-12-08
21,XR24352K,2118739,찬성,2022-12-08
21,9L57027L,2118739,반대,2022-12-08
21,GOC54665,2118739,반대,2022-12-08
21,5UN9725L,2118739,기권,2022-12-08
21,C7E79345,2118739,불참,2022-12-08
21,UQ282145,2118739,찬성,2022-12-08
21,9YO73104,2118739,찬성,2022-12-08
21,XJC13432,2118739,기권,2022-12-08
21,FH777496,2118739,찬성,2022-12-08
21,FYI20317,2118739,찬성,2022-12-08
21,ZYP7962W,2118739,불참,2022-12-08
21,GX38539O,2118739,찬성,2022-12-08
21,8Q88373R,2118739,불참,2022-12-08
21,XEF29171,2118739,찬성,2022-12-08
21,WVU2479T,2118739,찬성,2022-12-08
21,QTW6852F,2118739,찬성,2022-12-08
21,7XY7109I,2118739,찬성,2022-12-08
21,DAV7257X,2118739,찬성,2022-12-08
21,LT72093S,2118739,찬성,2022-12-08
21,GE71932C,2118739,찬성,2022-12-08
21,1MU99298,2118739,찬성,2022-12-08
21,17M85910,2118739,찬성,2022-12-08
21,G152611B,2118739,불참,2022-12-08
21,I7R13867,2118739,찬성,2022-12-08
21,9LD2641Q,2118739,찬성,2022-12-08
21,FOK3459D,2118739,찬성,2022-12-08
21,BT62420K,2118739,찬성,2022-12-08
21,LPB30152,2118739,찬성,2022-12-08
21,MD083627,2118739,불참,2022-12-08
21,TZP9391O,2118739,찬성,2022-12-08
21,B7R2742J,2118739,찬성,2022-12-08
21,ZDP5704Q,2118739,찬성,2022-12-08
21,RD42006Y,2118739,찬성,2022-12-08
21,1BX7234U,2118739,찬성,2022-12-08
21,TJW93720,2118739,기권,2022-12-08
21,9S151177,2118739,불참,2022-12-08
21,TZ228122,2118739,찬성,2022-12-08
21,9V18755A,2118739,찬성,2022-12-08
21,FIC9046Z,2118739,불참,2022-12-08
21,KFM1081G,2118739,찬성,2022-12-08
21,4X525582,2118739,불참,2022-12-08
21,GKD32201,2118739,찬성,2022-12-08
21,G7512472,2118739,찬성,2022-12-08
21,S741317G,2118739,기권,2022-12-08
21,2N793392,2118739,찬성,2022-12-08
21,FGI27280,2118739,불참,2022-12-08
21,USR7059P,2118739,찬성,2022-12-08
21,7469929V,2118739,찬성,2022-12-08
21,NTT8182Q,2118739,찬성,2022-12-08
21,A3H7195R,2118739,찬성,2022-12-08
21,HSW1214Q,2118739,찬성,2022-12-08
21,NZF1659U,2118739,찬성,2022-12-08
21,KR14136C,2118739,찬성,2022-12-08
21,5765663F,2118739,찬성,2022-12-08
21,WJL30106,2118739,불참,2022-12-08
21,KNM3215T,2118739,찬성,2022-12-08
21,M7T9712V,2118739,찬성,2022-12-08
21,UM51067K,2118739,찬성,2022-12-08
21,MY318392,2118739,찬성,2022-12-08
21,EH27538E,2118739,불참,2022-12-08
21,WFU14784,2118739,불참,2022-12-08
21,0WL9321T,2118739,찬성,2022-12-08
21,MR210505,2118739,불참,2022-12-08
21,H5476989,2118739,찬성,2022-12-08
21,HXT76735,2118739,찬성,2022-12-08
21,0R68099X,2118739,찬성,2022-12-08
21,6RM29022,2118739,찬성,2022-12-08
21,V429892C,2118739,불참,2022-12-08
21,2385336L,2118739,찬성,2022-12-08
21,ZA54991S,2118739,찬성,2022-12-08
21,MO52543L,2118739,불참,2022-12-08
21,X1K3667J,2118739,기권,2022-12-08
21,WTR5885Y,2118739,찬성,2022-12-08
21,25I8709Q,2118739,찬성,2022-12-08
21,6MO8786S,2118739,찬성,2022-12-08
21,XWX1513T,2118739,찬성,2022-12-08
21,OW53107J,2118739,찬성,2022-12-08
21,L2I9861C,2118739,찬성,2022-12-08
21,IOW8224X,2118739,찬성,2022-12-08
21,9JF4562W,2118739,찬성,2022-12-08
21,Z7Y7827F,2118739,찬성,2022-12-08
21,8FC9697X,2118739,찬성,2022-12-08
21,GD131760,2118739,찬성,2022-12-08
21,ZRF3039U,2118739,불참,2022-12-08
21,V0O5343U,2118739,찬성,2022-12-08
21,P0F1530P,2118739,찬성,2022-12-08
21,XPP2564T,2118739,찬성,2022-12-08
21,FRN1867O,2118739,찬성,2022-12-08
21,RO593601,2118739,찬성,2022-12-08
21,PFG2137X,2118739,찬성,2022-12-08
21,UB114374,2118739,반대,2022-12-08
21,0YT3774N,2118739,찬성,2022-12-08
21,7JC3239L,2118739,불참,2022-12-08
21,8KF7223D,2118739,반대,2022-12-08
21,8P37634C,2118739,찬성,2022-12-08
21,N4R2421C,2118739,찬성,2022-12-08
21,3C23171A,2118739,찬성,2022-12-08
21,GDG1847Z,2118739,찬성,2022-12-08
21,O7R5461J,2118739,찬성,2022-12-08
21,JMY9959W,2118739,불참,2022-12-08
21,6AR6743G,2118739,찬성,2022-12-08
21,J2O8643H,2118739,찬성,2022-12-08
21,F5U2979W,2108842,찬성,2023-05-25
21,YOG1280B,2108842,찬성,2023-05-25
21,FIC9046Z,2108842,불참,2023-05-25
21,DWK26447,2108842,불참,2023-05-25
21,NUB4941Z,2108842,찬성,2023-05-25
21,KFM1081G,2108842,찬성,2023-05-25
21,NLR6572J,2108842,찬성,2023-05-25
21,YTA7297R,2108842,찬성,2023-05-25
21,L7T64271,2108842,찬성,2023-05-25
21,4X525582,2108842,찬성,2023-05-25
21,GKD32201,2108842,찬성,2023-05-25
21,G7512472,2108842,불참,2023-05-25
21,3TO11703,2108842,불참,2023-05-25
21,S741317G,2108842,찬성,2023-05-25
21,CCU1009B,2108842,찬성,2023-05-25
21,MU69217P,2108842,불참,2023-05-25
21,2N793392,2108842,찬성,2023-05-25
21,66W6739S,2108842,찬성,2023-05-25
21,LM13674V,2108842,찬성,2023-05-25
21,QD25323M,2108842,불참,2023-05-25
21,JVB6983V,2108842,찬성,2023-05-25
21,DAY6557K,2108842,찬성,2023-05-25
21,GP07421U,2108842,찬성,2023-05-25
21,FGI27280,2108842,불참,2023-05-25
21,USR7059P,2108842,불참,2023-05-25
21,4XG1439M,2108842,찬성,2023-05-25
21,P2N50879,2108842,찬성,2023-05-25
21,A0P4646G,2108842,찬성,2023-05-25
21,A2V51235,2108842,불참,2023-05-25
21,7I09543O,2108842,찬성,2023-05-25
21,3DK8989T,2108842,불참,2023-05-25
21,7469929V,2108842,찬성,2023-05-25
21,D4L60530,2108842,찬성,2023-05-25
21,M6H1705E,2108842,찬성,2023-05-25
21,OFE45081,2108842,찬성,2023-05-25
21,09I2323E,2108842,찬성,2023-05-25
21,NTT8182Q,2108842,찬성,2023-05-25
21,A3H7195R,2108842,불참,2023-05-25
21,ZYH1940A,2108842,불참,2023-05-25
21,0VU8517U,2108842,불참,2023-05-25
21,M0A1658U,2108842,찬성,2023-05-25
21,HSW1214Q,2108842,찬성,2023-05-25
21,NZF1659U,2108842,찬성,2023-05-25
21,WDS6044S,2108842,찬성,2023-05-25
21,3BC6890E,2108842,찬성,2023-05-25
21,ZDR63255,2108842,불참,2023-05-25
21,KR14136C,2108842,불참,2023-05-25
21,SRP7336N,2108842,찬성,2023-05-25
21,5765663F,2108842,불참,2023-05-25
21,GFF1986K,2108842,찬성,2023-05-25
21,ZKU88693,2108842,불참,2023-05-25
21,WJL30106,2108842,불참,2023-05-25
21,5KV96424,2108842,찬성,2023-05-25
21,KNM3215T,2108842,찬성,2023-05-25
21,M7T9712V,2108842,찬성,2023-05-25
21,60490713,2108842,찬성,2023-05-25
21,UM51067K,2108842,찬성,2023-05-25
21,HKJ99607,2108842,불참,2023-05-25
21,1WE5693J,2108842,찬성,2023-05-25
21,X3170462,2108842,불참,2023-05-25
21,MY318392,2108842,불참,2023-05-25
21,8FB1535Y,2108842,찬성,2023-05-25
21,4T026790,2108842,찬성,2023-05-25
21,EH27538E,2108842,찬성,2023-05-25
21,WFU14784,2108842,찬성,2023-05-25
21,SU53086M,2108842,찬성,2023-05-25
21,0WL9321T,2108842,찬성,2023-05-25
21,PZA4062H,2108842,찬성,2023-05-25
21,MR210505,2108842,찬성,2023-05-25
21,GF286398,2108842,불참,2023-05-25
21,8348421R,2108842,찬성,2023-05-25
21,H5476989,2108842,찬성,2023-05-25
21,JQA21112,2108842,찬성,2023-05-25
21,4L695580,2108842,찬성,2023-05-25
21,40E3739H,2108842,찬성,2023-05-25
21,6FS10566,2108842,찬성,2023-05-25
21,HXT76735,2108842,불참,2023-05-25
21,RPN2293B,2108842,찬성,2023-05-25
21,0R68099X,2108842,찬성,2023-05-25
21,6RM29022,2108842,찬성,2023-05-25
21,MQU41854,2108842,찬성,2023-05-25
21,V429892C,2108842,찬성,2023-05-25
21,2385336L,2108842,찬성,2023-05-25
21,IN328264,2108842,불참,2023-05-25
21,XBT9550Q,2108842,찬성,2023-05-25
21,ZA54991S,2108842,찬성,2023-05-25
21,MO52543L,2108842,불참,2023-05-25
21,0827740Q,2108842,찬성,2023-05-25
21,0W194007,2108842,찬성,2023-05-25
21,X1K3667J,2108842,찬성,2023-05-25
21,WMG57662,2108842,찬성,2023-05-25
21,NCP9875N,2108842,찬성,2023-05-25
21,I5I2468R,2108842,찬성,2023-05-25
21,WTR5885Y,2108842,찬성,2023-05-25
21,3425169D,2108842,찬성,2023-05-25
21,IOW1101J,2108842,찬성,2023-05-25
21,ICH23251,2108842,찬성,2023-05-25
21,25I8709Q,2108842,찬성,2023-05-25
21,OIA3741M,2108842,불참,2023-05-25
21,6MO8786S,2108842,찬성,2023-05-25
21,XWX1513T,2108842,찬성,2023-05-25
21,CT85313K,2108842,찬성,2023-05-25
21,BLC8630L,2108842,불참,2023-05-25
21,NQR1206Q,2108842,찬성,2023-05-25
21,LG63087O,2108842,불참,2023-05-25
21,OW53107J,2108842,찬성,2023-05-25
21,PEP6922S,2108842,찬성,2023-05-25
21,DAN6731C,2108842,불참,2023-05-25
21,VG24001G,2108842,찬성,2023-05-25
21,L2I9861C,2108842,찬성,2023-05-25
21,WCD5518S,2108842,찬성,2023-05-25
21,SVH3899R,2108842,찬성,2023-05-25
21,IOW8224X,2108842,찬성,2023-05-25
21,9JF4562W,2108842,불참,2023-05-25
21,Y7K5946R,2108842,찬성,2023-05-25
21,Z7Y7827F,2108842,찬성,2023-05-25
21,ATB59635,2108842,찬성,2023-05-25
21,SBK1544B,2108842,불참,2023-05-25
21,KUO3574J,2108842,찬성,2023-05-25
21,D6U6678O,2108842,찬성,2023-05-25
21,FU87526G,2108842,찬성,2023-05-25
21,S9U45255,2108842,찬성,2023-05-25
21,8SV6917G,2108842,찬성,2023-05-25
21,8FC9697X,2108842,불참,2023-05-25
21,QKO6165V,2108842,불참,2023-05-25
21,GD131760,2108842,불참,2023-05-25
21,ZRF3039U,2108842,불참,2023-05-25
21,V0O5343U,2108842,찬성,2023-05-25
21,68P7228G,2108842,찬성,2023-05-25
21,P0F1530P,2108842,불참,2023-05-25
21,XPP2564T,2108842,찬성,2023-05-25
21,FRN1867O,2108842,찬성,2023-05-25
21,LQW3652K,2108842,찬성,2023-05-25
21,RO593601,2108842,찬성,2023-05-25
21,PFG2137X,2108842,찬성,2023-05-25
21,UB114374,2108842,찬성,2023-05-25
21,GAV6441G,2108842,찬성,2023-05-25
21,0YT3774N,2108842,찬성,2023-05-25
21,7JC3239L,2108842,불참,2023-05-25
21,40S1959J,2108842,불참,2023-05-25
21,IL74008M,2108842,불참,2023-05-25
21,8KF7223D,2108842,불참,2023-05-25
21,8P37634C,2108842,찬성,2023-05-25
21,CNZ51556,2108842,찬성,2023-05-25
21,N4R2421C,2108842,찬성,2023-05-25
21,3C23171A,2108842,찬성,2023-05-25
21,GDG1847Z,2108842,찬성,2023-05-25
21,P2N4585G,2108842,찬성,2023-05-25
21,O7R5461J,2108842,불참,2023-05-25
21,JMY9959W,2108842,찬성,2023-05-25
21,7R156073,2108842,찬성,2023-05-25
21,6AR6743G,2108842,불참,2023-05-25
21,J2O8643H,2108842,불참,2023-05-25
21,VCP96419,2108842,불참,2023-05-25
21,6AU2417B,2108842,불참,2023-05-25
21,8VJ8533R,2108842,불참,2023-05-25
21,B7D7534L,2108842,찬성,2023-05-25
21,GX22581L,2108842,찬성,2023-05-25
21,SE233396,2108842,찬성,2023-05-25
21,AFH96856,2108842,불참,2023-05-25
21,52P3934K,2108842,불참,2023-05-25
21,B7H6207C,2108842,찬성,2023-05-25
21,6399076T,2108842,찬성,2023-05-25
21,4U29186R,2108842,불참,2023-05-25
21,F5Y4026Q,2108842,찬성,2023-05-25
21,WHV3448W,2108842,찬성,2023-05-25
21,6RD62559,2108842,찬성,2023-05-25
21,1Y73132H,2108842,찬성,2023-05-25
21,I0S53762,2108842,찬성,2023-05-25
21,LH97552Q,2108842,찬성,2023-05-25
21,TKJ4800F,2108842,불참,2023-05-25
21,O6D8329R,2108842,찬성,2023-05-25
21,04T3751T,2108842,불참,2023-05-25
21,MSY7784L,2108842,찬성,2023-05-25
21,EVH1507C,2108842,찬성,2023-05-25
21,K5F2023J,2108842,찬성,2023-05-25
21,14M56632,2108842,찬성,2023-05-25
21,N9X9673B,2108842,찬성,2023-05-25
21,5MD4184K,2108842,찬성,2023-05-25
21,5K93695T,2108842,찬성,2023-05-25
21,DPZ7685X,2108842,기권,2023-05-25
21,6U243644,2108842,찬성,2023-05-25
21,E9R4507P,2108842,찬성,2023-05-25
21,UHB5553T,2108842,찬성,2023-05-25
21,KFS1358P,2108842,찬성,2023-05-25
21,J9S37905,2108842,찬성,2023-05-25
21,A494529E,2108842,찬성,2023-05-25
21,VRY5522V,2108842,찬성,2023-05-25
21,CAA7713A,2108842,찬성,2023-05-25
21,0PK7354M,2108842,찬성,2023-05-25
21,O0I2045I,2108842,찬성,2023-05-25
21,CZB4125D,2108842,불참,2023-05-25
21,Z6R3959C,2108842,찬성,2023-05-25
21,QUM8288K,2108842,불참,2023-05-25
21,UGH6481E,2108842,찬성,2023-05-25
21,S824682L,2108842,찬성,2023-05-25
21,W4X85128,2108842,불참,2023-05-25
21,Q9H5708M,2108842,불참,2023-05-25
21,JZY9937U,2108842,불참,2023-05-25
21,MRK4871S,2108842,찬성,2023-05-25
21,YKW37422,2108842,찬성,2023-05-25
21,2NV6751W,2108842,찬성,2023-05-25
21,M7O7878U,2108842,불참,2023-05-25
21,YLS4431M,2108842,찬성,2023-05-25
21,MNZ4401T,2108842,찬성,2023-05-25
21,3ZR4438W,2108842,찬성,2023-05-25
21,HSS7466Y,2108842,불참,2023-05-25
21,16D7652C,2108842,불참,2023-05-25
21,KB04377U,2108842,불참,2023-05-25
21,FU53642G,2108842,찬성,2023-05-25
21,MLH1404S,2108842,불참,2023-05-25
21,8VY63414,2108842,찬성,2023-05-25
21,XR24352K,2108842,찬성,2023-05-25
21,QQP4727N,2108842,찬성,2023-05-25
21,JEZ3130Q,2108842,찬성,2023-05-25
21,BCQ55105,2108842,찬성,2023-05-25
21,9L57027L,2108842,찬성,2023-05-25
21,GOC54665,2108842,찬성,2023-05-25
21,5UN9725L,2108842,불참,2023-05-25
21,LJK4960Z,2108842,찬성,2023-05-25
21,IUD9392R,2108842,불참,2023-05-25
21,K3W33496,2108842,찬성,2023-05-25
21,M2Q9024I,2108842,불참,2023-05-25
21,DBA1057Z,2108842,찬성,2023-05-25
21,CI15627C,2108842,찬성,2023-05-25
21,C7E79345,2108842,찬성,2023-05-25
21,4019850M,2108842,찬성,2023-05-25
21,UQ282145,2108842,찬성,2023-05-25
21,9YO73104,2108842,찬성,2023-05-25
21,TRE2429O,2108842,불참,2023-05-25
21,E6U4345C,2108842,불참,2023-05-25
21,7BM2933Y,2108842,찬성,2023-05-25
21,CDL93608,2108842,찬성,2023-05-25
21,2UD1340H,2108842,찬성,2023-05-25
21,9VR65006,2108842,불참,2023-05-25
21,X7I4680R,2108842,찬성,2023-05-25
21,EMC8812P,2108842,찬성,2023-05-25
21,XJC13432,2108842,찬성,2023-05-25
21,XSP20229,2108842,불참,2023-05-25
21,T465023H,2108842,찬성,2023-05-25
21,3RW63706,2108842,찬성,2023-05-25
21,RQQ3807K,2108842,찬성,2023-05-25
21,FH777496,2108842,찬성,2023-05-25
21,FYI20317,2108842,찬성,2023-05-25
21,8X15119P,2108842,불참,2023-05-25
21,ZYP7962W,2108842,불참,2023-05-25
21,CNW5754J,2108842,찬성,2023-05-25
21,3249208I,2108842,불참,2023-05-25
21,GX38539O,2108842,찬성,2023-05-25
21,8Q88373R,2108842,불참,2023-05-25
21,XEF29171,2108842,불참,2023-05-25
21,WVU2479T,2108842,찬성,2023-05-25
21,9D939735,2108842,찬성,2023-05-25
21,QTW6852F,2108842,찬성,2023-05-25
21,7XY7109I,2108842,불참,2023-05-25
21,TST4507I,2108842,불참,2023-05-25
21,JC14718Q,2108842,찬성,2023-05-25
21,5KV82250,2108842,찬성,2023-05-25
21,L7J93733,2108842,찬성,2023-05-25
21,DAV7257X,2108842,찬성,2023-05-25
21,LT72093S,2108842,찬성,2023-05-25
21,GE71932C,2108842,찬성,2023-05-25
21,6YT83269,2108842,찬성,2023-05-25
21,1MU99298,2108842,찬성,2023-05-25
21,FDC3144T,2108842,찬성,2023-05-25
21,17M85910,2108842,찬성,2023-05-25
21,G152611B,2108842,불참,2023-05-25
21,I7R13867,2108842,불참,2023-05-25
21,SQ36001H,2108842,불참,2023-05-25
21,G1570880,2108842,찬성,2023-05-25
21,9LD2641Q,2108842,찬성,2023-05-25
21,FOK3459D,2108842,찬성,2023-05-25
21,QUO78839,2108842,찬성,2023-05-25
21,BT62420K,2108842,찬성,2023-05-25
21,LPB30152,2108842,찬성,2023-05-25
21,MD083627,2108842,찬성,2023-05-25
21,TZP9391O,2108842,찬성,2023-05-25
21,6V37131U,2108842,찬성,2023-05-25
21,OSV9142K,2108842,찬성,2023-05-25
21,B7R2742J,2108842,찬성,2023-05-25
21,FJK3396E,2108842,찬성,2023-05-25
21,ZDP5704Q,2108842,찬성,2023-05-25
21,71J2365L,2108842,불참,2023-05-25
21,7O71647Z,2108842,찬성,2023-05-25
21,W1Q6753M,2108842,찬성,2023-05-25
21,E1J8836Y,2108842,찬성,2023-05-25
21,RD42006Y,2108842,불참,2023-05-25
21,6EN68926,2108842,찬성,2023-05-25
21,1BX7234U,2108842,찬성,2023-05-25
21,QHL3248U,2108842,불참,2023-05-25
21,TJW93720,2108842,찬성,2023-05-25
21,9S151177,2108842,찬성,2023-05-25
21,TZ228122,2108842,찬성,2023-05-25
21,9V18755A,2108842,찬성,2023-05-25
21,XA42275R,2108842,불참,2023-05-25
21,PO64874I,2108842,찬성,2023-05-25
21,LBC8144B,2108842,찬성,2023-05-25
21,VHK3402G,2108842,찬성,2023-05-25
21,BM63269Y,2108842,불참,2023-05-25
21,E9R4507P,2126219,찬성,2024-01-09
21,J9S37905,2126219,불참,2024-01-09
21,VRY5522V,2126219,찬성,2024-01-09
21,CZB4125D,2126219,불참,2024-01-09
21,Z6R3959C,2126219,불참,2024-01-09
21,UGH6481E,2126219,찬성,2024-01-09
21,JZY9937U,2126219,불참,2024-01-09
21,YKW37422,2126219,찬성,2024-01-09
21,8VY63414,2126219,찬성,2024-01-09
21,JEZ3130Q,2126219,불참,2024-01-09
21,BCQ55105,2126219,불참,2024-01-09
21,IUD9392R,2126219,불참,2024-01-09
21,M2Q9024I,2126219,불참,2024-01-09
21,DBA1057Z,2126219,불참,2024-01-09
21,UQ282145,2126219,불참,2024-01-09
21,9VR65006,2126219,불참,2024-01-09
21,EMC8812P,2126219,찬성,2024-01-09
21,XJC13432,2126219,찬성,2024-01-09
21,T465023H,2126219,찬성,2024-01-09
21,3RW63706,2126219,찬성,2024-01-09
21,RQQ3807K,2126219,불참,2024-01-09
21,CNW5754J,2126219,찬성,2024-01-09
21,GX38539O,2126219,찬성,2024-01-09
21,8Q88373R,2126219,불참,2024-01-09
21,JC14718Q,2126219,찬성,2024-01-09
21,5KV82250,2126219,찬성,2024-01-09
21,LT72093S,2126219,찬성,2024-01-09
21,FDC3144T,2126219,찬성,2024-01-09
21,I7R13867,2126219,불참,2024-01-09
21,SQ36001H,2126219,찬성,2024-01-09
21,9LD2641Q,2126219,찬성,2024-01-09
21,MD083627,2126219,찬성,2024-01-09
21,OSV9142K,2126219,찬성,2024-01-09
21,B7R2742J,2126219,찬성,2024-01-09
21,ZDP5704Q,2126219,찬성,2024-01-09
21,7O71647Z,2126219,찬성,2024-01-09
21,E1J8836Y,2126219,찬성,2024-01-09
21,RD42006Y,2126219,불참,2024-01-09
21,6EN68926,2126219,찬성,2024-01-09
21,TJW93720,2126219,찬성,2024-01-09
21,9S151177,2126219,불참,2024-01-09
21,PO64874I,2126219,찬성,2024-01-09
21,F5U2979W,2126219,불참,2024-01-09
21,NUB4941Z,2126219,찬성,2024-01-09
21,3TO11703,2126219,찬성,2024-01-09
21,P2N50879,2126219,찬성,2024-01-09
21,A0P4646G,2126219,찬성,2024-01-09
21,A2V51235,2126219,불참,2024-01-09
21,7I09543O,2126219,찬성,2024-01-09
21,3DK8989T,2126219,찬성,2024-01-09
21,OFE45081,2126219,찬성,2024-01-09
21,ZYH1940A,2126219,찬성,2024-01-09
21,M0A1658U,2126219,찬성,2024-01-09
21,HSW1214Q,2126219,찬성,2024-01-09
21,3BC6890E,2126219,찬성,2024-01-09
21,ZKU88693,2126219,찬성,2024-01-09
21,WJL30106,2126219,찬성,2024-01-09
21,60490713,2126219,찬성,2024-01-09
21,1WE5693J,2126219,불참,2024-01-09
21,X3170462,2126219,불참,2024-01-09
21,8FB1535Y,2126219,찬성,2024-01-09
21,WFU14784,2126219,찬성,2024-01-09
21,SU53086M,2126219,불참,2024-01-09
21,0WL9321T,2126219,찬성,2024-01-09
21,JQA21112,2126219,찬성,2024-01-09
21,RPN2293B,2126219,찬성,2024-01-09
21,MQU41854,2126219,불참,2024-01-09
21,V429892C,2126219,찬성,2024-01-09
21,0827740Q,2126219,찬성,2024-01-09
21,0W194007,2126219,찬성,2024-01-09
21,NCP9875N,2126219,찬성,2024-01-09
21,I5I2468R,2126219,찬성,2024-01-09
21,3425169D,2126219,찬성,2024-01-09
21,CT85313K,2126219,찬성,2024-01-09
21,BLC8630L,2126219,찬성,2024-01-09
21,NQR1206Q,2126219,찬성,2024-01-09
21,LG63087O,2126219,찬성,2024-01-09
21,VG24001G,2126219,찬성,2024-01-09
21,WCD5518S,2126219,불참,2024-01-09
21,SVH3899R,2126219,찬성,2024-01-09
21,KUO3574J,2126219,찬성,2024-01-09
21,D6U6678O,2126219,찬성,2024-01-09
21,S9U45255,2126219,찬성,2024-01-09
21,8FC9697X,2126219,찬성,2024-01-09
21,ZRF3039U,2126219,찬성,2024-01-09
21,68P7228G,2126219,찬성,2024-01-09
21,GAV6441G,2126219,찬성,2024-01-09
21,0YT3774N,2126219,찬성,2024-01-09
21,40S1959J,2126219,찬성,2024-01-09
21,IL74008M,2126219,찬성,2024-01-09
21,8KF7223D,2126219,찬성,2024-01-09
21,3C23171A,2126219,찬성,2024-01-09
21,P2N4585G,2126219,찬성,2024-01-09
21,6AR6743G,2126219,불참,2024-01-09
21,VCP96419,2126219,찬성,2024-01-09
21,B7D7534L,2126219,찬성,2024-01-09
21,GX22581L,2126219,찬성,2024-01-09
21,52P3934K,2126219,찬성,2024-01-09
21,B7H6207C,2126219,찬성,2024-01-09
21,6399076T,2126219,찬성,2024-01-09
21,4U29186R,2126219,찬성,2024-01-09
21,F5Y4026Q,2126219,찬성,2024-01-09
21,WHV3448W,2126219,찬성,2024-01-09
21,O6D8329R,2126219,찬성,2024-01-09
21,N9X9673B,2126219,불참,2024-01-09
21,5K93695T,2126219,찬성,2024-01-09
21,YOG1280B,2126219,찬성,2024-01-09
21,FIC9046Z,2126219,찬성,2024-01-09
21,DWK26447,2126219,찬성,2024-01-09
21,KFM1081G,2126219,찬성,2024-01-09
21,F0I5053J,2126219,찬성,2024-01-09
21,MSO2590I,2126219,찬성,2024-01-09
21,NLR6572J,2126219,찬성,2024-01-09
21,YTA7297R,2126219,찬성,2024-01-09
21,L7T64271,2126219,찬성,2024-01-09
21,4X525582,2126219,불참,2024-01-09
21,GKD32201,2126219,찬성,2024-01-09
21,G7512472,2126219,불참,2024-01-09
21,S741317G,2126219,찬성,2024-01-09
21,CCU1009B,2126219,찬성,2024-01-09
21,MU69217P,2126219,찬성,2024-01-09
21,2N793392,2126219,찬성,2024-01-09
21,LM13674V,2126219,불참,2024-01-09
21,QD25323M,2126219,찬성,2024-01-09
21,JVB6983V,2126219,찬성,2024-01-09
21,DAY6557K,2126219,찬성,2024-01-09
21,GP07421U,2126219,찬성,2024-01-09
21,FGI27280,2126219,불참,2024-01-09
21,USR7059P,2126219,기권,2024-01-09
21,4XG1439M,2126219,찬성,2024-01-09
21,7469929V,2126219,찬성,2024-01-09
21,D4L60530,2126219,불참,2024-01-09
21,M6H1705E,2126219,찬성,2024-01-09
21,09I2323E,2126219,찬성,2024-01-09
21,NTT8182Q,2126219,찬성,2024-01-09
21,A3H7195R,2126219,기권,2024-01-09
21,0VU8517U,2126219,불참,2024-01-09
21,NZF1659U,2126219,찬성,2024-01-09
21,WDS6044S,2126219,찬성,2024-01-09
21,ZDR63255,2126219,찬성,2024-01-09
21,KR14136C,2126219,찬성,2024-01-09
21,5765663F,2126219,찬성,2024-01-09
21,GFF1986K,2126219,찬성,2024-01-09
21,5KV96424,2126219,찬성,2024-01-09
21,KNM3215T,2126219,불참,2024-01-09
21,M7T9712V,2126219,찬성,2024-01-09
21,UM51067K,2126219,찬성,2024-01-09
21,HKJ99607,2126219,찬성,2024-01-09
21,MY318392,2126219,찬성,2024-01-09
21,4T026790,2126219,찬성,2024-01-09
21,EH27538E,2126219,찬성,2024-01-09
21,PZA4062H,2126219,불참,2024-01-09
21,MR210505,2126219,찬성,2024-01-09
21,GF286398,2126219,불참,2024-01-09
21,8348421R,2126219,찬성,2024-01-09
21,H5476989,2126219,불참,2024-01-09
21,4L695580,2126219,찬성,2024-01-09
21,40E3739H,2126219,찬성,2024-01-09
21,6FS10566,2126219,찬성,2024-01-09
21,HXT76735,2126219,찬성,2024-01-09
21,0R68099X,2126219,찬성,2024-01-09
21,6RM29022,2126219,찬성,2024-01-09
21,2385336L,2126219,찬성,2024-01-09
21,IN328264,2126219,불참,2024-01-09
21,XBT9550Q,2126219,찬성,2024-01-09
21,ZA54991S,2126219,찬성,2024-01-09
21,MO52543L,2126219,찬성,2024-01-09
21,X1K3667J,2126219,불참,2024-01-09
21,WMG57662,2126219,찬성,2024-01-09
21,WTR5885Y,2126219,찬성,2024-01-09
21,IOW1101J,2126219,기권,2024-01-09
21,25I8709Q,2126219,찬성,2024-01-09
21,OIA3741M,2126219,찬성,2024-01-09
21,6MO8786S,2126219,찬성,2024-01-09
21,XWX1513T,2126219,불참,2024-01-09
21,OW53107J,2126219,찬성,2024-01-09
21,PEP6922S,2126219,찬성,2024-01-09
21,DAN6731C,2126219,찬성,2024-01-09
21,L2I9861C,2126219,찬성,2024-01-09
21,IOW8224X,2126219,찬성,2024-01-09
21,9JF4562W,2126219,찬성,2024-01-09
21,Y7K5946R,2126219,찬성,2024-01-09
21,Z7Y7827F,2126219,찬성,2024-01-09
21,ATB59635,2126219,찬성,2024-01-09
21,FU87526G,2126219,찬성,2024-01-09
21,8SV6917G,2126219,찬성,2024-01-09
21,QKO6165V,2126219,불참,2024-01-09
21,GD131760,2126219,찬성,2024-01-09
21,V0O5343U,2126219,불참,2024-01-09
21,P0F1530P,2126219,찬성,2024-01-09
21,XPP2564T,2126219,찬성,2024-01-09
21,FRN1867O,2126219,불참,2024-01-09
21,LQW3652K,2126219,불참,2024-01-09
21,RO593601,2126219,찬성,2024-01-09
21,PFG2137X,2126219,찬성,2024-01-09
21,UB114374,2126219,불참,2024-01-09
21,7JC3239L,2126219,찬성,2024-01-09
21,8P37634C,2126219,찬성,2024-01-09
21,CNZ51556,2126219,찬성,2024-01-09
21,N4R2421C,2126219,찬성,2024-01-09
21,GDG1847Z,2126219,찬성,2024-01-09
21,O7R5461J,2126219,불참,2024-01-09
21,JMY9959W,2126219,불참,2024-01-09
21,7R156073,2126219,찬성,2024-01-09
21,J2O8643H,2126219,불참,2024-01-09
21,6AU2417B,2126219,찬성,2024-01-09
21,8VJ8533R,2126219,찬성,2024-01-09
21,SE233396,2126219,불참,2024-01-09
21,AFH96856,2126219,찬성,2024-01-09
21,6RD62559,2126219,찬성,2024-01-09
21,1Y73132H,2126219,찬성,2024-01-09
21,I0S53762,2126219,찬성,2024-01-09
21,LH97552Q,2126219,찬성,2024-01-09
21,TKJ4800F,2126219,찬성,2024-01-09
21,04T3751T,2126219,찬성,2024-01-09
21,MSY7784L,2126219,찬성,2024-01-09
21,EVH1507C,2126219,찬성,2024-01-09
21,K5F2023J,2126219,찬성,2024-01-09
21,14M56632,2126219,찬성,2024-01-09
21,5MD4184K,2126219,찬성,2024-01-09
21,DPZ7685X,2126219,불참,2024-01-09
21,6U243644,2126219,찬성,2024-01-09
21,UHB5553T,2126219,불참,2024-01-09
21,KFS1358P,2126219,찬성,2024-01-09
21,A494529E,2126219,불참,2024-01-09
21,CAA7713A,2126219,찬성,2024-01-09
21,0PK7354M,2126219,불참,2024-01-09
21,O0I2045I,2126219,찬성,2024-01-09
21,QUM8288K,2126219,불참,2024-01-09
21,S824682L,2126219,찬성,2024-01-09
21,W4X85128,2126219,찬성,2024-01-09
21,Q9H5708M,2126219,불참,2024-01-09
21,MRK4871S,2126219,불참,2024-01-09
21,2NV6751W,2126219,찬성,2024-01-09
21,BM63269Y,2126219,찬성,2024-01-09
21,M7O7878U,2126219,불참,2024-01-09
21,YLS4431M,2126219,찬성,2024-01-09
21,MNZ4401T,2126219,찬성,2024-01-09
21,3ZR4438W,2126219,찬성,2024-01-09
21,HSS7466Y,2126219,찬성,2024-01-09
21,16D7652C,2126219,불참,2024-01-09
21,KB04377U,2126219,찬성,2024-01-09
21,FU53642G,2126219,찬성,2024-01-09
21,MLH1404S,2126219,찬성,2024-01-09
21,XR24352K,2126219,찬성,2024-01-09
21,QQP4727N,2126219,불참,2024-01-09
21,9L57027L,2126219,불참,2024-01-09
21,GOC54665,2126219,불참,2024-01-09
21,5UN9725L,2126219,불참,2024-01-09
21,LJK4960Z,2126219,찬성,2024-01-09
21,K3W33496,2126219,찬성,2024-01-09
21,NCO99988,2126219,찬성,2024-01-09
21,CI15627C,2126219,불참,2024-01-09
21,C7E79345,2126219,불참,2024-01-09
21,4019850M,2126219,찬성,2024-01-09
21,9YO73104,2126219,찬성,2024-01-09
21,TRE2429O,2126219,찬성,2024-01-09
21,E6U4345C,2126219,찬성,2024-01-09
21,7BM2933Y,2126219,찬성,2024-01-09
21,CDL93608,2126219,불참,2024-01-09
21,2UD1340H,2126219,불참,2024-01-09
21,X7I4680R,2126219,찬성,2024-01-09
21,XSP20229,2126219,찬성,2024-01-09
21,FH777496,2126219,찬성,2024-01-09
21,FYI20317,2126219,찬성,2024-01-09
21,8X15119P,2126219,찬성,2024-01-09
21,ZYP7962W,2126219,찬성,2024-01-09
21,3249208I,2126219,찬성,2024-01-09
21,XEF29171,2126219,불참,2024-01-09
21,WVU2479T,2126219,불참,2024-01-09
21,9D939735,2126219,찬성,2024-01-09
21,QTW6852F,2126219,찬성,2024-01-09
21,7XY7109I,2126219,찬성,2024-01-09
21,TST4507I,2126219,찬성,2024-01-09
21,L7J93733,2126219,찬성,2024-01-09
21,DAV7257X,2126219,찬성,2024-01-09
21,GE71932C,2126219,찬성,2024-01-09
21,6YT83269,2126219,불참,2024-01-09
21,1MU99298,2126219,찬성,2024-01-09
21,17M85910,2126219,찬성,2024-01-09
21,G152611B,2126219,찬성,2024-01-09
21,G1570880,2126219,찬성,2024-01-09
21,FOK3459D,2126219,불참,2024-01-09
21,QUO78839,2126219,찬성,2024-01-09
21,BT62420K,2126219,불참,2024-01-09
21,LPB30152,2126219,찬성,2024-01-09
21,TZP9391O,2126219,찬성,2024-01-09
21,6V37131U,2126219,찬성,2024-01-09
21,FJK3396E,2126219,찬성,2024-01-09
21,71J2365L,2126219,찬성,2024-01-09
21,W1Q6753M,2126219,찬성,2024-01-09
21,1BX7234U,2126219,불참,2024-01-09
21,QHL3248U,2126219,불참,2024-01-09
21,TZ228122,2126219,찬성,2024-01-09
21,9V18755A,2126219,찬성,2024-01-09
21,XA42275R,2126219,찬성,2024-01-09
21,LBC8144B,2126219,찬성,2024-01-09
21,VHK3402G,2126219,찬성,2024-01-09
21,GKD32201,2106817,찬성,2021-04-29
21,71J2365L,2106817,불참,2021-04-29
21,2N793392,2106817,찬성,2021-04-29
21,1X376850,2106817,기권,2021-04-29
21,WJL30106,2106817,찬성,2021-04-29
21,4L695580,2106817,찬성,2021-04-29
21,ZA54991S,2106817,찬성,2021-04-29
21,VG24001G,2106817,불참,2021-04-29
21,I434361W,2106817,불참,2021-04-29
21,8SV6917G,2106817,기권,2021-04-29
21,GX22581L,2106817,기권,2021-04-29
21,MSY7784L,2106817,불참,2021-04-29
21,Q9H5708M,2106817,찬성,2021-04-29
21,XR24352K,2106817,찬성,2021-04-29
21,CI15627C,2106817,불참,2021-04-29
21,21N57758,2106817,불참,2021-04-29
21,FDC3144T,2106817,불참,2021-04-29
21,FOK3459D,2106817,찬성,2021-04-29
21,BT62420K,2106817,찬성,2021-04-29
21,S741317G,2106817,불참,2021-04-29
21,FIC9046Z,2106817,찬성,2021-04-29
21,JNL7001A,2106817,찬성,2021-04-29
21,L7T64271,2106817,찬성,2021-04-29
21,4X525582,2106817,찬성,2021-04-29
21,G7512472,2106817,찬성,2021-04-29
21,3TO11703,2106817,찬성,2021-04-29
21,CCU1009B,2106817,찬성,2021-04-29
21,MU69217P,2106817,기권,2021-04-29
21,66W6739S,2106817,기권,2021-04-29
21,LM13674V,2106817,불참,2021-04-29
21,QD25323M,2106817,불참,2021-04-29
21,DAY6557K,2106817,찬성,2021-04-29
21,FGI27280,2106817,찬성,2021-04-29
21,4XG1439M,2106817,찬성,2021-04-29
21,P2N50879,2106817,찬성,2021-04-29
21,A0P4646G,2106817,불참,2021-04-29
21,A2V51235,2106817,찬성,2021-04-29
21,7I09543O,2106817,찬성,2021-04-29
21,3DK8989T,2106817,불참,2021-04-29
21,7469929V,2106817,기권,2021-04-29
21,D4L60530,2106817,찬성,2021-04-29
21,M6H1705E,2106817,찬성,2021-04-29
21,OFE45081,2106817,찬성,2021-04-29
21,09I2323E,2106817,찬성,2021-04-29
21,NTT8182Q,2106817,찬성,2021-04-29
21,A3H7195R,2106817,찬성,2021-04-29
21,ZYH1940A,2106817,찬성,2021-04-29
21,0VU8517U,2106817,불참,2021-04-29
21,M0A1658U,2106817,찬성,2021-04-29
21,HSW1214Q,2106817,찬성,2021-04-29
21,NZF1659U,2106817,찬성,2021-04-29
21,WDS6044S,2106817,찬성,2021-04-29
21,3BC6890E,2106817,불참,2021-04-29
21,ZDR63255,2106817,찬성,2021-04-29
21,KR14136C,2106817,찬성,2021-04-29
21,SRP7336N,2106817,찬성,2021-04-29
21,5765663F,2106817,찬성,2021-04-29
21,GFF1986K,2106817,찬성,2021-04-29
21,5KV96424,2106817,찬성,2021-04-29
21,KNM3215T,2106817,찬성,2021-04-29
21,M7T9712V,2106817,불참,2021-04-29
21,60490713,2106817,찬성,2021-04-29
21,UM51067K,2106817,찬성,2021-04-29
21,HKJ99607,2106817,찬성,2021-04-29
21,1WE5693J,2106817,찬성,2021-04-29
21,X3170462,2106817,불참,2021-04-29
21,MY318392,2106817,찬성,2021-04-29
21,8FB1535Y,2106817,찬성,2021-04-29
21,4T026790,2106817,찬성,2021-04-29
21,EH27538E,2106817,찬성,2021-04-29
21,WFU14784,2106817,불참,2021-04-29
21,SU53086M,2106817,찬성,2021-04-29
21,0WL9321T,2106817,찬성,2021-04-29
21,PZA4062H,2106817,찬성,2021-04-29
21,MR210505,2106817,찬성,2021-04-29
21,GF286398,2106817,찬성,2021-04-29
21,8348421R,2106817,찬성,2021-04-29
21,H5476989,2106817,찬성,2021-04-29
21,JQA21112,2106817,불참,2021-04-29
21,40E3739H,2106817,찬성,2021-04-29
21,HXT76735,2106817,찬성,2021-04-29
21,RPN2293B,2106817,찬성,2021-04-29
21,0R68099X,2106817,찬성,2021-04-29
21,V429892C,2106817,찬성,2021-04-29
21,4A067125,2106817,찬성,2021-04-29
21,2385336L,2106817,찬성,2021-04-29
21,IN328264,2106817,찬성,2021-04-29
21,XBT9550Q,2106817,찬성,2021-04-29
21,MO52543L,2106817,찬성,2021-04-29
21,0827740Q,2106817,찬성,2021-04-29
21,0W194007,2106817,찬성,2021-04-29
21,X1K3667J,2106817,찬성,2021-04-29
21,WMG57662,2106817,찬성,2021-04-29
21,NCP9875N,2106817,찬성,2021-04-29
21,I5I2468R,2106817,찬성,2021-04-29
21,WTR5885Y,2106817,찬성,2021-04-29
21,L5P27909,2106817,불참,2021-04-29
21,3425169D,2106817,찬성,2021-04-29
21,IOW1101J,2106817,찬성,2021-04-29
21,ICH23251,2106817,찬성,2021-04-29
21,25I8709Q,2106817,찬성,2021-04-29
21,OIA3741M,2106817,찬성,2021-04-29
21,XWX1513T,2106817,찬성,2021-04-29
21,CT85313K,2106817,찬성,2021-04-29
21,PAO22428,2106817,찬성,2021-04-29
21,BLC8630L,2106817,불참,2021-04-29
21,NQR1206Q,2106817,찬성,2021-04-29
21,0767470D,2106817,찬성,2021-04-29
21,LG63087O,2106817,불참,2021-04-29
21,NAL4555X,2106817,불참,2021-04-29
21,OW53107J,2106817,찬성,2021-04-29
21,PEP6922S,2106817,찬성,2021-04-29
21,DAN6731C,2106817,기권,2021-04-29
21,L2I9861C,2106817,찬성,2021-04-29
21,WCD5518S,2106817,찬성,2021-04-29
21,SVH3899R,2106817,찬성,2021-04-29
21,IOW8224X,2106817,찬성,2021-04-29
21,9JF4562W,2106817,찬성,2021-04-29
21,Y7K5946R,2106817,찬성,2021-04-29
21,Z7Y7827F,2106817,찬성,2021-04-29
21,ATB59635,2106817,찬성,2021-04-29
21,SBK1544B,2106817,찬성,2021-04-29
21,D6U6678O,2106817,찬성,2021-04-29
21,FU87526G,2106817,찬성,2021-04-29
21,S9U45255,2106817,찬성,2021-04-29
21,8FC9697X,2106817,찬성,2021-04-29
21,QKO6165V,2106817,찬성,2021-04-29
21,GD131760,2106817,불참,2021-04-29
21,ZRF3039U,2106817,찬성,2021-04-29
21,V0O5343U,2106817,찬성,2021-04-29
21,68P7228G,2106817,찬성,2021-04-29
21,P0F1530P,2106817,불참,2021-04-29
21,XPP2564T,2106817,불참,2021-04-29
21,FRN1867O,2106817,찬성,2021-04-29
21,LQW3652K,2106817,찬성,2021-04-29
21,PFG2137X,2106817,찬성,2021-04-29
21,UB114374,2106817,기권,2021-04-29
21,GAV6441G,2106817,찬성,2021-04-29
21,0YT3774N,2106817,찬성,2021-04-29
21,7JC3239L,2106817,찬성,2021-04-29
21,IL74008M,2106817,찬성,2021-04-29
21,8KF7223D,2106817,찬성,2021-04-29
21,8P37634C,2106817,찬성,2021-04-29
21,CNZ51556,2106817,찬성,2021-04-29
21,N4R2421C,2106817,불참,2021-04-29
21,3C23171A,2106817,찬성,2021-04-29
21,GDG1847Z,2106817,불참,2021-04-29
21,P2N4585G,2106817,찬성,2021-04-29
21,O7R5461J,2106817,찬성,2021-04-29
21,TVF3669B,2106817,불참,2021-04-29
21,JMY9959W,2106817,찬성,2021-04-29
21,7R156073,2106817,불참,2021-04-29
21,6AR6743G,2106817,찬성,2021-04-29
21,J2O8643H,2106817,찬성,2021-04-29
21,VCP96419,2106817,찬성,2021-04-29
21,8VJ8533R,2106817,찬성,2021-04-29
21,B7D7534L,2106817,찬성,2021-04-29
21,SE233396,2106817,찬성,2021-04-29
21,AFH96856,2106817,찬성,2021-04-29
21,52P3934K,2106817,불참,2021-04-29
21,B7H6207C,2106817,불참,2021-04-29
21,6399076T,2106817,찬성,2021-04-29
21,4U29186R,2106817,찬성,2021-04-29
21,F5Y4026Q,2106817,찬성,2021-04-29
21,WHV3448W,2106817,찬성,2021-04-29
21,1Y73132H,2106817,찬성,2021-04-29
21,I0S53762,2106817,불참,2021-04-29
21,LH97552Q,2106817,찬성,2021-04-29
21,TKJ4800F,2106817,찬성,2021-04-29
21,O6D8329R,2106817,기권,2021-04-29
21,04T3751T,2106817,찬성,2021-04-29
21,EVH1507C,2106817,찬성,2021-04-29
21,K5F2023J,2106817,찬성,2021-04-29
21,N9X9673B,2106817,찬성,2021-04-29
21,5MD4184K,2106817,찬성,2021-04-29
21,TP066860,2106817,찬성,2021-04-29
21,5K93695T,2106817,찬성,2021-04-29
21,6U243644,2106817,찬성,2021-04-29
21,E9R4507P,2106817,찬성,2021-04-29
21,UHB5553T,2106817,찬성,2021-04-29
21,KFS1358P,2106817,찬성,2021-04-29
21,A494529E,2106817,찬성,2021-04-29
21,VRY5522V,2106817,찬성,2021-04-29
21,CAA7713A,2106817,불참,2021-04-29
21,0PK7354M,2106817,찬성,2021-04-29
21,CZB4125D,2106817,불참,2021-04-29
21,Z6R3959C,2106817,찬성,2021-04-29
21,QUM8288K,2106817,찬성,2021-04-29
21,UGH6481E,2106817,찬성,2021-04-29
21,S824682L,2106817,찬성,2021-04-29
21,W4X85128,2106817,기권,2021-04-29
21,CFE3998F,2106817,불참,2021-04-29
21,MRK4871S,2106817,찬성,2021-04-29
21,YKW37422,2106817,불참,2021-04-29
21,2NV6751W,2106817,찬성,2021-04-29
21,BM63269Y,2106817,불참,2021-04-29
21,M7O7878U,2106817,찬성,2021-04-29
21,YLS4431M,2106817,찬성,2021-04-29
21,MNZ4401T,2106817,불참,2021-04-29
21,3ZR4438W,2106817,불참,2021-04-29
21,HSS7466Y,2106817,불참,2021-04-29
21,16D7652C,2106817,찬성,2021-04-29
21,FU53642G,2106817,찬성,2021-04-29
21,MLH1404S,2106817,찬성,2021-04-29
21,8VY63414,2106817,찬성,2021-04-29
21,QQP4727N,2106817,기권,2021-04-29
21,IUL4848V,2106817,기권,2021-04-29
21,JEZ3130Q,2106817,불참,2021-04-29
21,BCQ55105,2106817,찬성,2021-04-29
21,9L57027L,2106817,찬성,2021-04-29
21,GOC54665,2106817,찬성,2021-04-29
21,5UN9725L,2106817,찬성,2021-04-29
21,LJK4960Z,2106817,찬성,2021-04-29
21,K3W33496,2106817,찬성,2021-04-29
21,M2Q9024I,2106817,찬성,2021-04-29
21,C7E79345,2106817,불참,2021-04-29
21,4019850M,2106817,찬성,2021-04-29
21,UQ282145,2106817,찬성,2021-04-29
21,TRE2429O,2106817,찬성,2021-04-29
21,E6U4345C,2106817,찬성,2021-04-29
21,7BM2933Y,2106817,찬성,2021-04-29
21,CDL93608,2106817,기권,2021-04-29
21,2UD1340H,2106817,찬성,2021-04-29
21,9VR65006,2106817,불참,2021-04-29
21,EMC8812P,2106817,기권,2021-04-29
21,XJC13432,2106817,찬성,2021-04-29
21,T465023H,2106817,찬성,2021-04-29
21,3RW63706,2106817,기권,2021-04-29
21,RQQ3807K,2106817,찬성,2021-04-29
21,FH777496,2106817,찬성,2021-04-29
21,FYI20317,2106817,찬성,2021-04-29
21,8X15119P,2106817,불참,2021-04-29
21,ZYP7962W,2106817,불참,2021-04-29
21,CNW5754J,2106817,찬성,2021-04-29
21,GX38539O,2106817,찬성,2021-04-29
21,WVU2479T,2106817,찬성,2021-04-29
21,9D939735,2106817,찬성,2021-04-29
21,QTW6852F,2106817,찬성,2021-04-29
21,7XY7109I,2106817,찬성,2021-04-29
21,TST4507I,2106817,찬성,2021-04-29
21,JC14718Q,2106817,찬성,2021-04-29
21,5KV82250,2106817,찬성,2021-04-29
21,L7J93733,2106817,찬성,2021-04-29
21,LT72093S,2106817,찬성,2021-04-29
21,GE71932C,2106817,찬성,2021-04-29
21,6YT83269,2106817,찬성,2021-04-29
21,1MU99298,2106817,찬성,2021-04-29
21,17M85910,2106817,찬성,2021-04-29
21,G152611B,2106817,찬성,2021-04-29
21,I7R13867,2106817,찬성,2021-04-29
21,SQ36001H,2106817,찬성,2021-04-29
21,9LD2641Q,2106817,찬성,2021-04-29
21,QUO78839,2106817,찬성,2021-04-29
21,LPB30152,2106817,불참,2021-04-29
21,MD083627,2106817,불참,2021-04-29
21,TZP9391O,2106817,찬성,2021-04-29
21,6V37131U,2106817,불참,2021-04-29
21,B7R2742J,2106817,찬성,2021-04-29
21,FJK3396E,2106817,찬성,2021-04-29
21,ZDP5704Q,2106817,찬성,2021-04-29
21,7O71647Z,2106817,찬성,2021-04-29
21,W1Q6753M,2106817,찬성,2021-04-29
21,MHK9919B,2106817,찬성,2021-04-29
21,E1J8836Y,2106817,찬성,2021-04-29
21,RD42006Y,2106817,불참,2021-04-29
21,6EN68926,2106817,불참,2021-04-29
21,1BX7234U,2106817,찬성,2021-04-29
21,QHL3248U,2106817,찬성,2021-04-29
21,AE685067,2106817,찬성,2021-04-29
21,TJW93720,2106817,찬성,2021-04-29
21,9S151177,2106817,찬성,2021-04-29
21,TZ228122,2106817,찬성,2021-04-29
21,9V18755A,2106817,찬성,2021-04-29
21,PO64874I,2106817,불참,2021-04-29
21,GP07421U,2106817,찬성,2021-04-29
21,XA42275R,2106817,찬성,2021-04-29
21,ZKU88693,2106817,찬성,2021-04-29
21,6MO8786S,2106817,기권,2021-04-29
21,KUO3574J,2106817,찬성,2021-04-29
21,RO593601,2106817,찬성,2021-04-29
21,40S1959J,2106817,찬성,2021-04-29
21,6AU2417B,2106817,찬성,2021-04-29
21,14M56632,2106817,불참,2021-04-29
21,DPZ7685X,2106817,불참,2021-04-29
21,J9S37905,2106817,기권,2021-04-29
21,O0I2045I,2106817,찬성,2021-04-29
21,JZY9937U,2106817,찬성,2021-04-29
21,KB04377U,2106817,불참,2021-04-29
21,DBA1057Z,2106817,반대,2021-04-29
21,9YO73104,2106817,찬성,2021-04-29
21,X7I4680R,2106817,불참,2021-04-29
21,D0C85236,2106817,찬성,2021-04-29
21,XSP20229,2106817,찬성,2021-04-29
21,3249208I,2106817,찬성,2021-04-29
21,8Q88373R,2106817,찬성,2021-04-29
21,XEF29171,2106817,찬성,2021-04-29
21,DAV7257X,2106817,찬성,2021-04-29
21,G1570880,2106817,찬성,2021-04-29
21,OSV9142K,2106817,찬성,2021-04-29
21,USR7059P,2106817,불참,2021-04-29
21,1WE5693J,2119360,찬성,2023-12-08
21,8FB1535Y,2119360,찬성,2023-12-08
21,MR210505,2119360,불참,2023-12-08
21,ZA54991S,2119360,찬성,2023-12-08
21,L2I9861C,2119360,찬성,2023-12-08
21,ZRF3039U,2119360,불참,2023-12-08
21,B7R2742J,2119360,불참,2023-12-08
21,N9X9673B,2119360,불참,2023-12-08
21,CNW5754J,2119360,불참,2023-12-08
21,8Q88373R,2119360,불참,2023-12-08
21,FDC3144T,2119360,찬성,2023-12-08
21,I7R13867,2119360,찬성,2023-12-08
21,8KF7223D,2119360,불참,2023-12-08
21,F5U2979W,2119360,불참,2023-12-08
21,YOG1280B,2119360,찬성,2023-12-08
21,FIC9046Z,2119360,불참,2023-12-08
21,DWK26447,2119360,불참,2023-12-08
21,NUB4941Z,2119360,찬성,2023-12-08
21,KFM1081G,2119360,찬성,2023-12-08
21,F0I5053J,2119360,찬성,2023-12-08
21,YTA7297R,2119360,찬성,2023-12-08
21,L7T64271,2119360,불참,2023-12-08
21,GKD32201,2119360,찬성,2023-12-08
21,G7512472,2119360,불참,2023-12-08
21,3TO11703,2119360,불참,2023-12-08
21,S741317G,2119360,찬성,2023-12-08
21,CCU1009B,2119360,찬성,2023-12-08
21,MU69217P,2119360,불참,2023-12-08
21,2N793392,2119360,찬성,2023-12-08
21,66W6739S,2119360,찬성,2023-12-08
21,LM13674V,2119360,불참,2023-12-08
21,QD25323M,2119360,찬성,2023-12-08
21,DAY6557K,2119360,찬성,2023-12-08
21,GP07421U,2119360,불참,2023-12-08
21,FGI27280,2119360,불참,2023-12-08
21,USR7059P,2119360,찬성,2023-12-08
21,4XG1439M,2119360,불참,2023-12-08
21,P2N50879,2119360,찬성,2023-12-08
21,A0P4646G,2119360,찬성,2023-12-08
21,A2V51235,2119360,찬성,2023-12-08
21,7I09543O,2119360,찬성,2023-12-08
21,3DK8989T,2119360,찬성,2023-12-08
21,7469929V,2119360,불참,2023-12-08
21,D4L60530,2119360,불참,2023-12-08
21,M6H1705E,2119360,찬성,2023-12-08
21,OFE45081,2119360,찬성,2023-12-08
21,09I2323E,2119360,찬성,2023-12-08
21,NTT8182Q,2119360,찬성,2023-12-08
21,A3H7195R,2119360,불참,2023-12-08
21,ZYH1940A,2119360,불참,2023-12-08
21,M0A1658U,2119360,찬성,2023-12-08
21,HSW1214Q,2119360,찬성,2023-12-08
21,NZF1659U,2119360,불참,2023-12-08
21,WDS6044S,2119360,찬성,2023-12-08
21,3BC6890E,2119360,불참,2023-12-08
21,ZDR63255,2119360,불참,2023-12-08
21,KR14136C,2119360,찬성,2023-12-08
21,5765663F,2119360,찬성,2023-12-08
21,GFF1986K,2119360,찬성,2023-12-08
21,ZKU88693,2119360,찬성,2023-12-08
21,WJL30106,2119360,불참,2023-12-08
21,5KV96424,2119360,찬성,2023-12-08
21,KNM3215T,2119360,불참,2023-12-08
21,M7T9712V,2119360,불참,2023-12-08
21,60490713,2119360,불참,2023-12-08
21,UM51067K,2119360,찬성,2023-12-08
21,HKJ99607,2119360,불참,2023-12-08
21,X3170462,2119360,불참,2023-12-08
21,MY318392,2119360,찬성,2023-12-08
21,4T026790,2119360,찬성,2023-12-08
21,EH27538E,2119360,찬성,2023-12-08
21,WFU14784,2119360,찬성,2023-12-08
21,SU53086M,2119360,불참,2023-12-08
21,0WL9321T,2119360,찬성,2023-12-08
21,PZA4062H,2119360,찬성,2023-12-08
21,GF286398,2119360,불참,2023-12-08
21,8348421R,2119360,찬성,2023-12-08
21,H5476989,2119360,불참,2023-12-08
21,JQA21112,2119360,찬성,2023-12-08
21,4L695580,2119360,찬성,2023-12-08
21,40E3739H,2119360,불참,2023-12-08
21,6FS10566,2119360,찬성,2023-12-08
21,HXT76735,2119360,불참,2023-12-08
21,RPN2293B,2119360,찬성,2023-12-08
21,0R68099X,2119360,찬성,2023-12-08
21,6RM29022,2119360,찬성,2023-12-08
21,MQU41854,2119360,불참,2023-12-08
21,V429892C,2119360,불참,2023-12-08
21,2385336L,2119360,찬성,2023-12-08
21,IN328264,2119360,찬성,2023-12-08
21,XBT9550Q,2119360,불참,2023-12-08
21,MO52543L,2119360,불참,2023-12-08
21,0827740Q,2119360,찬성,2023-12-08
21,0W194007,2119360,불참,2023-12-08
21,X1K3667J,2119360,찬성,2023-12-08
21,WMG57662,2119360,찬성,2023-12-08
21,NCP9875N,2119360,찬성,2023-12-08
21,I5I2468R,2119360,찬성,2023-12-08
21,WTR5885Y,2119360,찬성,2023-12-08
21,3425169D,2119360,찬성,2023-12-08
21,IOW1101J,2119360,찬성,2023-12-08
21,25I8709Q,2119360,찬성,2023-12-08
21,OIA3741M,2119360,찬성,2023-12-08
21,6MO8786S,2119360,찬성,2023-12-08
21,XWX1513T,2119360,불참,2023-12-08
21,CT85313K,2119360,찬성,2023-12-08
21,BLC8630L,2119360,불참,2023-12-08
21,NQR1206Q,2119360,불참,2023-12-08
21,LG63087O,2119360,불참,2023-12-08
21,PEP6922S,2119360,찬성,2023-12-08
21,DAN6731C,2119360,찬성,2023-12-08
21,VG24001G,2119360,불참,2023-12-08
21,WCD5518S,2119360,찬성,2023-12-08
21,SVH3899R,2119360,불참,2023-12-08
21,IOW8224X,2119360,불참,2023-12-08
21,9JF4562W,2119360,찬성,2023-12-08
21,Y7K5946R,2119360,찬성,2023-12-08
21,Z7Y7827F,2119360,불참,2023-12-08
21,ATB59635,2119360,찬성,2023-12-08
21,KUO3574J,2119360,불참,2023-12-08
21,D6U6678O,2119360,불참,2023-12-08
21,FU87526G,2119360,찬성,2023-12-08
21,S9U45255,2119360,불참,2023-12-08
21,8FC9697X,2119360,불참,2023-12-08
21,QKO6165V,2119360,불참,2023-12-08
21,GD131760,2119360,불참,2023-12-08
21,V0O5343U,2119360,불참,2023-12-08
21,68P7228G,2119360,찬성,2023-12-08
21,P0F1530P,2119360,찬성,2023-12-08
21,XPP2564T,2119360,불참,2023-12-08
21,FRN1867O,2119360,찬성,2023-12-08
21,LQW3652K,2119360,찬성,2023-12-08
21,RO593601,2119360,찬성,2023-12-08
21,PFG2137X,2119360,찬성,2023-12-08
21,UB114374,2119360,찬성,2023-12-08
21,GAV6441G,2119360,찬성,2023-12-08
21,0YT3774N,2119360,불참,2023-12-08
21,40S1959J,2119360,불참,2023-12-08
21,IL74008M,2119360,불참,2023-12-08
21,8P37634C,2119360,불참,2023-12-08
21,CNZ51556,2119360,기권,2023-12-08
21,N4R2421C,2119360,찬성,2023-12-08
21,3C23171A,2119360,찬성,2023-12-08
21,GDG1847Z,2119360,찬성,2023-12-08
21,P2N4585G,2119360,불참,2023-12-08
21,JMY9959W,2119360,불참,2023-12-08
21,7R156073,2119360,불참,2023-12-08
21,6AR6743G,2119360,불참,2023-12-08
21,J2O8643H,2119360,찬성,2023-12-08
21,VCP96419,2119360,불참,2023-12-08
21,6AU2417B,2119360,찬성,2023-12-08
21,8VJ8533R,2119360,찬성,2023-12-08
21,B7D7534L,2119360,불참,2023-12-08
21,GX22581L,2119360,불참,2023-12-08
21,SE233396,2119360,찬성,2023-12-08
21,AFH96856,2119360,찬성,2023-12-08
21,52P3934K,2119360,불참,2023-12-08
21,B7H6207C,2119360,찬성,2023-12-08
21,6399076T,2119360,찬성,2023-12-08
21,4U29186R,2119360,찬성,2023-12-08
21,F5Y4026Q,2119360,찬성,2023-12-08
21,WHV3448W,2119360,불참,2023-12-08
21,6RD62559,2119360,찬성,2023-12-08
21,I0S53762,2119360,불참,2023-12-08
21,LH97552Q,2119360,찬성,2023-12-08
21,TKJ4800F,2119360,찬성,2023-12-08
21,O6D8329R,2119360,찬성,2023-12-08
21,MSY7784L,2119360,불참,2023-12-08
21,EVH1507C,2119360,찬성,2023-12-08
21,K5F2023J,2119360,찬성,2023-12-08
21,14M56632,2119360,찬성,2023-12-08
21,5MD4184K,2119360,불참,2023-12-08
21,5K93695T,2119360,불참,2023-12-08
21,DPZ7685X,2119360,불참,2023-12-08
21,6U243644,2119360,불참,2023-12-08
21,E9R4507P,2119360,찬성,2023-12-08
21,UHB5553T,2119360,불참,2023-12-08
21,J9S37905,2119360,불참,2023-12-08
21,A494529E,2119360,찬성,2023-12-08
21,VRY5522V,2119360,찬성,2023-12-08
21,CAA7713A,2119360,불참,2023-12-08
21,0PK7354M,2119360,찬성,2023-12-08
21,O0I2045I,2119360,찬성,2023-12-08
21,CZB4125D,2119360,불참,2023-12-08
21,Z6R3959C,2119360,불참,2023-12-08
21,UGH6481E,2119360,불참,2023-12-08
21,S824682L,2119360,찬성,2023-12-08
21,W4X85128,2119360,불참,2023-12-08
21,Q9H5708M,2119360,찬성,2023-12-08
21,JZY9937U,2119360,불참,2023-12-08
21,MRK4871S,2119360,찬성,2023-12-08
21,YKW37422,2119360,찬성,2023-12-08
21,2NV6751W,2119360,불참,2023-12-08
21,BM63269Y,2119360,불참,2023-12-08
21,M7O7878U,2119360,찬성,2023-12-08
21,YLS4431M,2119360,찬성,2023-12-08
21,MNZ4401T,2119360,불참,2023-12-08
21,3ZR4438W,2119360,찬성,2023-12-08
21,HSS7466Y,2119360,불참,2023-12-08
21,16D7652C,2119360,불참,2023-12-08
21,KB04377U,2119360,찬성,2023-12-08
21,FU53642G,2119360,불참,2023-12-08
21,MLH1404S,2119360,불참,2023-12-08
21,8VY63414,2119360,불참,2023-12-08
21,QQP4727N,2119360,불참,2023-12-08
21,JEZ3130Q,2119360,찬성,2023-12-08
21,BCQ55105,2119360,찬성,2023-12-08
21,9L57027L,2119360,찬성,2023-12-08
21,GOC54665,2119360,불참,2023-12-08
21,5UN9725L,2119360,불참,2023-12-08
21,LJK4960Z,2119360,찬성,2023-12-08
21,IUD9392R,2119360,불참,2023-12-08
21,K3W33496,2119360,찬성,2023-12-08
21,NCO99988,2119360,찬성,2023-12-08
21,M2Q9024I,2119360,불참,2023-12-08
21,DBA1057Z,2119360,불참,2023-12-08
21,CI15627C,2119360,불참,2023-12-08
21,C7E79345,2119360,불참,2023-12-08
21,UQ282145,2119360,찬성,2023-12-08
21,TRE2429O,2119360,불참,2023-12-08
21,E6U4345C,2119360,찬성,2023-12-08
21,7BM2933Y,2119360,찬성,2023-12-08
21,CDL93608,2119360,불참,2023-12-08
21,2UD1340H,2119360,찬성,2023-12-08
21,9VR65006,2119360,불참,2023-12-08
21,X7I4680R,2119360,찬성,2023-12-08
21,EMC8812P,2119360,불참,2023-12-08
21,XJC13432,2119360,찬성,2023-12-08
21,T465023H,2119360,찬성,2023-12-08
21,3RW63706,2119360,찬성,2023-12-08
21,RQQ3807K,2119360,찬성,2023-12-08
21,FH777496,2119360,찬성,2023-12-08
21,FYI20317,2119360,찬성,2023-12-08
21,8X15119P,2119360,불참,2023-12-08
21,ZYP7962W,2119360,찬성,2023-12-08
21,3249208I,2119360,불참,2023-12-08
21,GX38539O,2119360,찬성,2023-12-08
21,XEF29171,2119360,찬성,2023-12-08
21,WVU2479T,2119360,불참,2023-12-08
21,9D939735,2119360,찬성,2023-12-08
21,QTW6852F,2119360,불참,2023-12-08
21,7XY7109I,2119360,찬성,2023-12-08
21,TST4507I,2119360,찬성,2023-12-08
21,JC14718Q,2119360,찬성,2023-12-08
21,5KV82250,2119360,찬성,2023-12-08
21,L7J93733,2119360,불참,2023-12-08
21,DAV7257X,2119360,찬성,2023-12-08
21,LT72093S,2119360,불참,2023-12-08
21,GE71932C,2119360,불참,2023-12-08
21,6YT83269,2119360,불참,2023-12-08
21,1MU99298,2119360,불참,2023-12-08
21,17M85910,2119360,찬성,2023-12-08
21,G152611B,2119360,불참,2023-12-08
21,SQ36001H,2119360,찬성,2023-12-08
21,G1570880,2119360,찬성,2023-12-08
21,9LD2641Q,2119360,불참,2023-12-08
21,FOK3459D,2119360,불참,2023-12-08
21,LPB30152,2119360,찬성,2023-12-08
21,MD083627,2119360,찬성,2023-12-08
21,TZP9391O,2119360,찬성,2023-12-08
21,6V37131U,2119360,불참,2023-12-08
21,OSV9142K,2119360,찬성,2023-12-08
21,FJK3396E,2119360,불참,2023-12-08
21,ZDP5704Q,2119360,불참,2023-12-08
21,71J2365L,2119360,찬성,2023-12-08
21,7O71647Z,2119360,불참,2023-12-08
21,W1Q6753M,2119360,찬성,2023-12-08
21,E1J8836Y,2119360,불참,2023-12-08
21,RD42006Y,2119360,불참,2023-12-08
21,6EN68926,2119360,불참,2023-12-08
21,QHL3248U,2119360,불참,2023-12-08
21,TJW93720,2119360,찬성,2023-12-08
21,9S151177,2119360,불참,2023-12-08
21,TZ228122,2119360,찬성,2023-12-08
21,9V18755A,2119360,찬성,2023-12-08
21,XA42275R,2119360,찬성,2023-12-08
21,PO64874I,2119360,불참,2023-12-08
21,LBC8144B,2119360,불참,2023-12-08
21,VHK3402G,2119360,불참,2023-12-08
21,NLR6572J,2119360,찬성,2023-12-08
21,1BX7234U,2119360,찬성,2023-12-08
21,JVB6983V,2119360,찬성,2023-12-08
21,0VU8517U,2119360,불참,2023-12-08
21,OW53107J,2119360,불참,2023-12-08
21,8SV6917G,2119360,찬성,2023-12-08
21,7JC3239L,2119360,찬성,2023-12-08
21,O7R5461J,2119360,불참,2023-12-08
21,1Y73132H,2119360,불참,2023-12-08
21,04T3751T,2119360,찬성,2023-12-08
21,KFS1358P,2119360,찬성,2023-12-08
21,QUM8288K,2119360,불참,2023-12-08
21,XR24352K,2119360,찬성,2023-12-08
21,4019850M,2119360,불참,2023-12-08
21,9YO73104,2119360,불참,2023-12-08
21,XSP20229,2119360,불참,2023-12-08
21,QUO78839,2119360,찬성,2023-12-08
21,BT62420K,2119360,불참,2023-12-08
21,4X525582,2119360,불참,2023-12-08
21,F5U2979W,2126440,찬성,2024-02-01
21,DWK26447,2126440,찬성,2024-02-01
21,DV77269P,2126440,반대,2024-02-01
21,C835799S,2126440,찬성,2024-02-01
21,YTA7297R,2126440,찬성,2024-02-01
21,4X525582,2126440,불참,2024-02-01
21,G7512472,2126440,찬성,2024-02-01
21,3TO11703,2126440,찬성,2024-02-01
21,S741317G,2126440,찬성,2024-02-01
21,MU69217P,2126440,찬성,2024-02-01
21,QD25323M,2126440,불참,2024-02-01
21,JVB6983V,2126440,찬성,2024-02-01
21,DAY6557K,2126440,불참,2024-02-01
21,USR7059P,2126440,불참,2024-02-01
21,P2N50879,2126440,기권,2024-02-01
21,A2V51235,2126440,반대,2024-02-01
21,7I09543O,2126440,찬성,2024-02-01
21,3DK8989T,2126440,찬성,2024-02-01
21,7469929V,2126440,불참,2024-02-01
21,ZYH1940A,2126440,불참,2024-02-01
21,M0A1658U,2126440,찬성,2024-02-01
21,HSW1214Q,2126440,찬성,2024-02-01
21,5765663F,2126440,찬성,2024-02-01
21,GFF1986K,2126440,불참,2024-02-01
21,ZKU88693,2126440,찬성,2024-02-01
21,5KV96424,2126440,찬성,2024-02-01
21,M7T9712V,2126440,불참,2024-02-01
21,60490713,2126440,찬성,2024-02-01
21,UM51067K,2126440,찬성,2024-02-01
21,1WE5693J,2126440,불참,2024-02-01
21,8FB1535Y,2126440,불참,2024-02-01
21,EH27538E,2126440,불참,2024-02-01
21,WFU14784,2126440,찬성,2024-02-01
21,SU53086M,2126440,반대,2024-02-01
21,0WL9321T,2126440,찬성,2024-02-01
21,PZA4062H,2126440,찬성,2024-02-01
21,MR210505,2126440,찬성,2024-02-01
21,8348421R,2126440,불참,2024-02-01
21,JQA21112,2126440,찬성,2024-02-01
21,4L695580,2126440,찬성,2024-02-01
21,RPN2293B,2126440,불참,2024-02-01
21,V429892C,2126440,찬성,2024-02-01
21,IN328264,2126440,불참,2024-02-01
21,XBT9550Q,2126440,불참,2024-02-01
21,ZA54991S,2126440,찬성,2024-02-01
21,0827740Q,2126440,찬성,2024-02-01
21,0W194007,2126440,불참,2024-02-01
21,WMG57662,2126440,반대,2024-02-01
21,I5I2468R,2126440,불참,2024-02-01
21,WTR5885Y,2126440,찬성,2024-02-01
21,3425169D,2126440,찬성,2024-02-01
21,IOW1101J,2126440,찬성,2024-02-01
21,OIA3741M,2126440,찬성,2024-02-01
21,6MO8786S,2126440,찬성,2024-02-01
21,CT85313K,2126440,찬성,2024-02-01
21,BLC8630L,2126440,찬성,2024-02-01
21,NQR1206Q,2126440,찬성,2024-02-01
21,LG63087O,2126440,찬성,2024-02-01
21,L2I9861C,2126440,찬성,2024-02-01
21,WCD5518S,2126440,찬성,2024-02-01
21,IOW8224X,2126440,찬성,2024-02-01
21,9JF4562W,2126440,찬성,2024-02-01
21,Y7K5946R,2126440,찬성,2024-02-01
21,KUO3574J,2126440,찬성,2024-02-01
21,D6U6678O,2126440,찬성,2024-02-01
21,FU87526G,2126440,찬성,2024-02-01
21,S9U45255,2126440,찬성,2024-02-01
21,8FC9697X,2126440,불참,2024-02-01
21,QKO6165V,2126440,찬성,2024-02-01
21,GD131760,2126440,찬성,2024-02-01
21,ZRF3039U,2126440,불참,2024-02-01
21,68P7228G,2126440,찬성,2024-02-01
21,P0F1530P,2126440,불참,2024-02-01
21,XPP2564T,2126440,불참,2024-02-01
21,FRN1867O,2126440,불참,2024-02-01
21,LQW3652K,2126440,불참,2024-02-01
21,RO593601,2126440,불참,2024-02-01
21,UB114374,2126440,찬성,2024-02-01
21,GAV6441G,2126440,반대,2024-02-01
21,0YT3774N,2126440,찬성,2024-02-01
21,7JC3239L,2126440,찬성,2024-02-01
21,40S1959J,2126440,불참,2024-02-01
21,IL74008M,2126440,찬성,2024-02-01
21,8KF7223D,2126440,불참,2024-02-01
21,8P37634C,2126440,찬성,2024-02-01
21,CNZ51556,2126440,찬성,2024-02-01
21,N4R2421C,2126440,찬성,2024-02-01
21,3C23171A,2126440,불참,2024-02-01
21,P2N4585G,2126440,찬성,2024-02-01
21,JMY9959W,2126440,불참,2024-02-01
21,6AR6743G,2126440,불참,2024-02-01
21,VCP96419,2126440,찬성,2024-02-01
21,8VJ8533R,2126440,찬성,2024-02-01
21,B7D7534L,2126440,불참,2024-02-01
21,SE233396,2126440,찬성,2024-02-01
21,AFH96856,2126440,찬성,2024-02-01
21,4U29186R,2126440,찬성,2024-02-01
21,F5Y4026Q,2126440,찬성,2024-02-01
21,WHV3448W,2126440,불참,2024-02-01
21,6RD62559,2126440,불참,2024-02-01
21,I0S53762,2126440,찬성,2024-02-01
21,O6D8329R,2126440,찬성,2024-02-01
21,N9X9673B,2126440,찬성,2024-02-01
21,5MD4184K,2126440,찬성,2024-02-01
21,DPZ7685X,2126440,기권,2024-02-01
21,6U243644,2126440,찬성,2024-02-01
21,UHB5553T,2126440,불참,2024-02-01
21,J9S37905,2126440,찬성,2024-02-01
21,VRY5522V,2126440,찬성,2024-02-01
21,CAA7713A,2126440,찬성,2024-02-01
21,0PK7354M,2126440,찬성,2024-02-01
21,O0I2045I,2126440,찬성,2024-02-01
21,CZB4125D,2126440,불참,2024-02-01
21,Z6R3959C,2126440,찬성,2024-02-01
21,UGH6481E,2126440,찬성,2024-02-01
21,JZY9937U,2126440,불참,2024-02-01
21,2NV6751W,2126440,찬성,2024-02-01
21,BM63269Y,2126440,불참,2024-02-01
21,M7O7878U,2126440,불참,2024-02-01
21,YLS4431M,2126440,찬성,2024-02-01
21,3ZR4438W,2126440,찬성,2024-02-01
21,16D7652C,2126440,찬성,2024-02-01
21,FU53642G,2126440,찬성,2024-02-01
21,8VY63414,2126440,찬성,2024-02-01
21,JEZ3130Q,2126440,불참,2024-02-01
21,BCQ55105,2126440,불참,2024-02-01
21,9L57027L,2126440,찬성,2024-02-01
21,IUD9392R,2126440,불참,2024-02-01
21,DBA1057Z,2126440,불참,2024-02-01
21,UQ282145,2126440,불참,2024-02-01
21,TRE2429O,2126440,찬성,2024-02-01
21,7BM2933Y,2126440,찬성,2024-02-01
21,CDL93608,2126440,불참,2024-02-01
21,9VR65006,2126440,불참,2024-02-01
21,T465023H,2126440,찬성,2024-02-01
21,RQQ3807K,2126440,찬성,2024-02-01
21,FH777496,2126440,기권,2024-02-01
21,ZYP7962W,2126440,찬성,2024-02-01
21,CNW5754J,2126440,찬성,2024-02-01
21,3249208I,2126440,불참,2024-02-01
21,GX38539O,2126440,찬성,2024-02-01
21,8Q88373R,2126440,불참,2024-02-01
21,XEF29171,2126440,불참,2024-02-01
21,QTW6852F,2126440,불참,2024-02-01
21,5KV82250,2126440,찬성,2024-02-01
21,L7J93733,2126440,찬성,2024-02-01
21,LT72093S,2126440,찬성,2024-02-01
21,FDC3144T,2126440,찬성,2024-02-01
21,G152611B,2126440,찬성,2024-02-01
21,I7R13867,2126440,찬성,2024-02-01
21,SQ36001H,2126440,찬성,2024-02-01
21,9LD2641Q,2126440,찬성,2024-02-01
21,LPB30152,2126440,찬성,2024-02-01
21,MD083627,2126440,찬성,2024-02-01
21,OSV9142K,2126440,찬성,2024-02-01
21,B7R2742J,2126440,찬성,2024-02-01
21,FJK3396E,2126440,불참,2024-02-01
21,71J2365L,2126440,찬성,2024-02-01
21,7O71647Z,2126440,찬성,2024-02-01
21,E1J8836Y,2126440,찬성,2024-02-01
21,RD42006Y,2126440,불참,2024-02-01
21,6EN68926,2126440,불참,2024-02-01
21,QHL3248U,2126440,찬성,2024-02-01
21,TJW93720,2126440,불참,2024-02-01
21,9S151177,2126440,찬성,2024-02-01
21,TZ228122,2126440,찬성,2024-02-01
21,9V18755A,2126440,찬성,2024-02-01
21,XA42275R,2126440,찬성,2024-02-01
21,VHK3402G,2126440,불참,2024-02-01
21,SZ51175J,2126440,반대,2024-02-01
21,B7H6207C,2126440,찬성,2024-02-01
21,6399076T,2126440,불참,2024-02-01
21,1Y73132H,2126440,불참,2024-02-01
21,LH97552Q,2126440,찬성,2024-02-01
21,TKJ4800F,2126440,찬성,2024-02-01
21,04T3751T,2126440,불참,2024-02-01
21,MSY7784L,2126440,불참,2024-02-01
21,EVH1507C,2126440,찬성,2024-02-01
21,K5F2023J,2126440,찬성,2024-02-01
21,14M56632,2126440,찬성,2024-02-01
21,5K93695T,2126440,기권,2024-02-01
21,E9R4507P,2126440,찬성,2024-02-01
21,KFS1358P,2126440,찬성,2024-02-01
21,A494529E,2126440,불참,2024-02-01
21,QUM8288K,2126440,불참,2024-02-01
21,S824682L,2126440,찬성,2024-02-01
21,W4X85128,2126440,찬성,2024-02-01
21,Q9H5708M,2126440,찬성,2024-02-01
21,MRK4871S,2126440,불참,2024-02-01
21,MNZ4401T,2126440,불참,2024-02-01
21,HSS7466Y,2126440,찬성,2024-02-01
21,KB04377U,2126440,찬성,2024-02-01
21,MLH1404S,2126440,불참,2024-02-01
21,XR24352K,2126440,찬성,2024-02-01
21,QQP4727N,2126440,불참,2024-02-01
21,GOC54665,2126440,찬성,2024-02-01
21,5UN9725L,2126440,불참,2024-02-01
21,LJK4960Z,2126440,찬성,2024-02-01
21,K3W33496,2126440,불참,2024-02-01
21,NCO99988,2126440,찬성,2024-02-01
21,M2Q9024I,2126440,불참,2024-02-01
21,CI15627C,2126440,찬성,2024-02-01
21,C7E79345,2126440,찬성,2024-02-01
21,4019850M,2126440,찬성,2024-02-01
21,9YO73104,2126440,찬성,2024-02-01
21,E6U4345C,2126440,찬성,2024-02-01
21,2UD1340H,2126440,찬성,2024-02-01
21,X7I4680R,2126440,찬성,2024-02-01
21,EMC8812P,2126440,찬성,2024-02-01
21,XJC13432,2126440,찬성,2024-02-01
21,XSP20229,2126440,불참,2024-02-01
21,3RW63706,2126440,찬성,2024-02-01
21,FYI20317,2126440,찬성,2024-02-01
21,8X15119P,2126440,찬성,2024-02-01
21,WVU2479T,2126440,불참,2024-02-01
21,9D939735,2126440,찬성,2024-02-01
21,7XY7109I,2126440,불참,2024-02-01
21,TST4507I,2126440,찬성,2024-02-01
21,JC14718Q,2126440,찬성,2024-02-01
21,DAV7257X,2126440,찬성,2024-02-01
21,GE71932C,2126440,반대,2024-02-01
21,6YT83269,2126440,찬성,2024-02-01
21,1MU99298,2126440,찬성,2024-02-01
21,17M85910,2126440,찬성,2024-02-01
21,G1570880,2126440,찬성,2024-02-01
21,FOK3459D,2126440,찬성,2024-02-01
21,QUO78839,2126440,불참,2024-02-01
21,BT62420K,2126440,찬성,2024-02-01
21,TZP9391O,2126440,찬성,2024-02-01
21,6V37131U,2126440,불참,2024-02-01
21,ZDP5704Q,2126440,찬성,2024-02-01
21,1BX7234U,2126440,찬성,2024-02-01
21,PO64874I,2126440,불참,2024-02-01
21,LBC8144B,2126440,찬성,2024-02-01
21,YOG1280B,2126440,찬성,2024-02-01
21,FIC9046Z,2126440,불참,2024-02-01
21,NUB4941Z,2126440,찬성,2024-02-01
21,KFM1081G,2126440,불참,2024-02-01
21,F0I5053J,2126440,찬성,2024-02-01
21,MSO2590I,2126440,찬성,2024-02-01
21,NLR6572J,2126440,찬성,2024-02-01
21,L7T64271,2126440,찬성,2024-02-01
21,GKD32201,2126440,찬성,2024-02-01
21,CCU1009B,2126440,불참,2024-02-01
21,2N793392,2126440,찬성,2024-02-01
21,LM13674V,2126440,불참,2024-02-01
21,GP07421U,2126440,찬성,2024-02-01
21,FGI27280,2126440,불참,2024-02-01
21,4XG1439M,2126440,찬성,2024-02-01
21,A0P4646G,2126440,불참,2024-02-01
21,D4L60530,2126440,불참,2024-02-01
21,M6H1705E,2126440,찬성,2024-02-01
21,OFE45081,2126440,찬성,2024-02-01
21,09I2323E,2126440,찬성,2024-02-01
21,NTT8182Q,2126440,찬성,2024-02-01
21,A3H7195R,2126440,찬성,2024-02-01
21,0VU8517U,2126440,불참,2024-02-01
21,NZF1659U,2126440,찬성,2024-02-01
21,WDS6044S,2126440,찬성,2024-02-01
21,3BC6890E,2126440,불참,2024-02-01
21,ZDR63255,2126440,찬성,2024-02-01
21,KR14136C,2126440,불참,2024-02-01
21,WJL30106,2126440,찬성,2024-02-01
21,KNM3215T,2126440,기권,2024-02-01
21,HKJ99607,2126440,찬성,2024-02-01
21,X3170462,2126440,불참,2024-02-01
21,MY318392,2126440,불참,2024-02-01
21,4T026790,2126440,불참,2024-02-01
21,GF286398,2126440,불참,2024-02-01
21,H5476989,2126440,불참,2024-02-01
21,40E3739H,2126440,찬성,2024-02-01
21,6FS10566,2126440,반대,2024-02-01
21,HXT76735,2126440,찬성,2024-02-01
21,0R68099X,2126440,찬성,2024-02-01
21,6RM29022,2126440,찬성,2024-02-01
21,MQU41854,2126440,찬성,2024-02-01
21,2385336L,2126440,찬성,2024-02-01
21,MO52543L,2126440,찬성,2024-02-01
21,X1K3667J,2126440,불참,2024-02-01
21,25I8709Q,2126440,찬성,2024-02-01
21,XWX1513T,2126440,찬성,2024-02-01
21,OW53107J,2126440,찬성,2024-02-01
21,PEP6922S,2126440,찬성,2024-02-01
21,DAN6731C,2126440,찬성,2024-02-01
21,VG24001G,2126440,찬성,2024-02-01
21,SVH3899R,2126440,찬성,2024-02-01
21,Z7Y7827F,2126440,불참,2024-02-01
21,ATB59635,2126440,불참,2024-02-01
21,8SV6917G,2126440,찬성,2024-02-01
21,V0O5343U,2126440,불참,2024-02-01
21,PFG2137X,2126440,찬성,2024-02-01
21,GDG1847Z,2126440,찬성,2024-02-01
21,O7R5461J,2126440,찬성,2024-02-01
21,7R156073,2126440,찬성,2024-02-01
21,J2O8643H,2126440,찬성,2024-02-01
21,6AU2417B,2126440,찬성,2024-02-01
21,GX22581L,2126440,찬성,2024-02-01
21,52P3934K,2126440,찬성,2024-02-01
21,4U29186R,2113717,찬성,2023-12-08
21,F5Y4026Q,2113717,불참,2023-12-08
21,WHV3448W,2113717,불참,2023-12-08
21,LH97552Q,2113717,찬성,2023-12-08
21,O6D8329R,2113717,찬성,2023-12-08
21,MSY7784L,2113717,불참,2023-12-08
21,EVH1507C,2113717,찬성,2023-12-08
21,N9X9673B,2113717,불참,2023-12-08
21,J9S37905,2113717,불참,2023-12-08
21,VRY5522V,2113717,찬성,2023-12-08
21,CAA7713A,2113717,찬성,2023-12-08
21,0PK7354M,2113717,찬성,2023-12-08
21,UGH6481E,2113717,불참,2023-12-08
21,JZY9937U,2113717,불참,2023-12-08
21,YKW37422,2113717,찬성,2023-12-08
21,YLS4431M,2113717,불참,2023-12-08
21,KB04377U,2113717,찬성,2023-12-08
21,8VY63414,2113717,불참,2023-12-08
21,QQP4727N,2113717,불참,2023-12-08
21,BCQ55105,2113717,찬성,2023-12-08
21,LJK4960Z,2113717,찬성,2023-12-08
21,IUD9392R,2113717,불참,2023-12-08
21,M2Q9024I,2113717,불참,2023-12-08
21,DBA1057Z,2113717,불참,2023-12-08
21,UQ282145,2113717,불참,2023-12-08
21,T465023H,2113717,찬성,2023-12-08
21,RQQ3807K,2113717,찬성,2023-12-08
21,CNW5754J,2113717,찬성,2023-12-08
21,GX38539O,2113717,찬성,2023-12-08
21,8Q88373R,2113717,불참,2023-12-08
21,7XY7109I,2113717,찬성,2023-12-08
21,JC14718Q,2113717,찬성,2023-12-08
21,5KV82250,2113717,찬성,2023-12-08
21,LT72093S,2113717,불참,2023-12-08
21,FDC3144T,2113717,찬성,2023-12-08
21,I7R13867,2113717,찬성,2023-12-08
21,SQ36001H,2113717,불참,2023-12-08
21,9LD2641Q,2113717,불참,2023-12-08
21,MD083627,2113717,찬성,2023-12-08
21,B7R2742J,2113717,찬성,2023-12-08
21,71J2365L,2113717,불참,2023-12-08
21,7O71647Z,2113717,불참,2023-12-08
21,RD42006Y,2113717,불참,2023-12-08
21,TJW93720,2113717,찬성,2023-12-08
21,9S151177,2113717,불참,2023-12-08
21,PO64874I,2113717,불참,2023-12-08
21,YOG1280B,2113717,찬성,2023-12-08
21,NUB4941Z,2113717,찬성,2023-12-08
21,F0I5053J,2113717,찬성,2023-12-08
21,3TO11703,2113717,불참,2023-12-08
21,MU69217P,2113717,불참,2023-12-08
21,66W6739S,2113717,찬성,2023-12-08
21,DAY6557K,2113717,찬성,2023-12-08
21,USR7059P,2113717,찬성,2023-12-08
21,P2N50879,2113717,찬성,2023-12-08
21,A0P4646G,2113717,찬성,2023-12-08
21,A2V51235,2113717,찬성,2023-12-08
21,7I09543O,2113717,찬성,2023-12-08
21,7469929V,2113717,찬성,2023-12-08
21,OFE45081,2113717,찬성,2023-12-08
21,WDS6044S,2113717,찬성,2023-12-08
21,ZKU88693,2113717,불참,2023-12-08
21,M7T9712V,2113717,불참,2023-12-08
21,60490713,2113717,찬성,2023-12-08
21,1WE5693J,2113717,찬성,2023-12-08
21,X3170462,2113717,불참,2023-12-08
21,8FB1535Y,2113717,찬성,2023-12-08
21,WFU14784,2113717,찬성,2023-12-08
21,SU53086M,2113717,찬성,2023-12-08
21,0WL9321T,2113717,찬성,2023-12-08
21,MR210505,2113717,불참,2023-12-08
21,4L695580,2113717,찬성,2023-12-08
21,40E3739H,2113717,불참,2023-12-08
21,RPN2293B,2113717,찬성,2023-12-08
21,6RM29022,2113717,찬성,2023-12-08
21,MQU41854,2113717,찬성,2023-12-08
21,V429892C,2113717,불참,2023-12-08
21,ZA54991S,2113717,찬성,2023-12-08
21,0827740Q,2113717,찬성,2023-12-08
21,0W194007,2113717,불참,2023-12-08
21,NCP9875N,2113717,찬성,2023-12-08
21,I5I2468R,2113717,찬성,2023-12-08
21,3425169D,2113717,찬성,2023-12-08
21,6MO8786S,2113717,찬성,2023-12-08
21,CT85313K,2113717,찬성,2023-12-08
21,BLC8630L,2113717,불참,2023-12-08
21,NQR1206Q,2113717,찬성,2023-12-08
21,L2I9861C,2113717,찬성,2023-12-08
21,WCD5518S,2113717,찬성,2023-12-08
21,SVH3899R,2113717,불참,2023-12-08
21,KUO3574J,2113717,찬성,2023-12-08
21,D6U6678O,2113717,찬성,2023-12-08
21,S9U45255,2113717,찬성,2023-12-08
21,8FC9697X,2113717,불참,2023-12-08
21,QKO6165V,2113717,불참,2023-12-08
21,GD131760,2113717,불참,2023-12-08
21,ZRF3039U,2113717,불참,2023-12-08
21,68P7228G,2113717,찬성,2023-12-08
21,GAV6441G,2113717,찬성,2023-12-08
21,0YT3774N,2113717,불참,2023-12-08
21,40S1959J,2113717,불참,2023-12-08
21,IL74008M,2113717,찬성,2023-12-08
21,8KF7223D,2113717,불참,2023-12-08
21,3C23171A,2113717,찬성,2023-12-08
21,GDG1847Z,2113717,찬성,2023-12-08
21,P2N4585G,2113717,찬성,2023-12-08
21,6AR6743G,2113717,불참,2023-12-08
21,VCP96419,2113717,불참,2023-12-08
21,B7D7534L,2113717,찬성,2023-12-08
21,6399076T,2113717,찬성,2023-12-08
21,F5U2979W,2113717,불참,2023-12-08
21,FIC9046Z,2113717,불참,2023-12-08
21,DWK26447,2113717,불참,2023-12-08
21,KFM1081G,2113717,불참,2023-12-08
21,NLR6572J,2113717,찬성,2023-12-08
21,YTA7297R,2113717,찬성,2023-12-08
21,L7T64271,2113717,찬성,2023-12-08
21,4X525582,2113717,찬성,2023-12-08
21,GKD32201,2113717,찬성,2023-12-08
21,G7512472,2113717,불참,2023-12-08
21,S741317G,2113717,찬성,2023-12-08
21,CCU1009B,2113717,찬성,2023-12-08
21,2N793392,2113717,찬성,2023-12-08
21,LM13674V,2113717,불참,2023-12-08
21,QD25323M,2113717,찬성,2023-12-08
21,JVB6983V,2113717,찬성,2023-12-08
21,GP07421U,2113717,불참,2023-12-08
21,FGI27280,2113717,불참,2023-12-08
21,4XG1439M,2113717,불참,2023-12-08
21,3DK8989T,2113717,불참,2023-12-08
21,D4L60530,2113717,찬성,2023-12-08
21,M6H1705E,2113717,찬성,2023-12-08
21,09I2323E,2113717,찬성,2023-12-08
21,NTT8182Q,2113717,찬성,2023-12-08
21,A3H7195R,2113717,불참,2023-12-08
21,ZYH1940A,2113717,불참,2023-12-08
21,0VU8517U,2113717,찬성,2023-12-08
21,M0A1658U,2113717,불참,2023-12-08
21,HSW1214Q,2113717,불참,2023-12-08
21,NZF1659U,2113717,불참,2023-12-08
21,3BC6890E,2113717,불참,2023-12-08
21,ZDR63255,2113717,불참,2023-12-08
21,KR14136C,2113717,불참,2023-12-08
21,5765663F,2113717,찬성,2023-12-08
21,GFF1986K,2113717,찬성,2023-12-08
21,WJL30106,2113717,불참,2023-12-08
21,5KV96424,2113717,찬성,2023-12-08
21,KNM3215T,2113717,불참,2023-12-08
21,UM51067K,2113717,찬성,2023-12-08
21,HKJ99607,2113717,불참,2023-12-08
21,MY318392,2113717,찬성,2023-12-08
21,4T026790,2113717,불참,2023-12-08
21,EH27538E,2113717,찬성,2023-12-08
21,PZA4062H,2113717,찬성,2023-12-08
21,GF286398,2113717,불참,2023-12-08
21,8348421R,2113717,찬성,2023-12-08
21,H5476989,2113717,찬성,2023-12-08
21,JQA21112,2113717,찬성,2023-12-08
21,6FS10566,2113717,찬성,2023-12-08
21,HXT76735,2113717,불참,2023-12-08
21,0R68099X,2113717,불참,2023-12-08
21,2385336L,2113717,찬성,2023-12-08
21,IN328264,2113717,불참,2023-12-08
21,XBT9550Q,2113717,불참,2023-12-08
21,MO52543L,2113717,불참,2023-12-08
21,X1K3667J,2113717,찬성,2023-12-08
21,WMG57662,2113717,찬성,2023-12-08
21,WTR5885Y,2113717,찬성,2023-12-08
21,IOW1101J,2113717,불참,2023-12-08
21,25I8709Q,2113717,불참,2023-12-08
21,OIA3741M,2113717,찬성,2023-12-08
21,XWX1513T,2113717,불참,2023-12-08
21,LG63087O,2113717,불참,2023-12-08
21,OW53107J,2113717,불참,2023-12-08
21,PEP6922S,2113717,찬성,2023-12-08
21,DAN6731C,2113717,찬성,2023-12-08
21,VG24001G,2113717,불참,2023-12-08
21,IOW8224X,2113717,불참,2023-12-08
21,9JF4562W,2113717,찬성,2023-12-08
21,Y7K5946R,2113717,찬성,2023-12-08
21,Z7Y7827F,2113717,불참,2023-12-08
21,ATB59635,2113717,찬성,2023-12-08
21,FU87526G,2113717,찬성,2023-12-08
21,8SV6917G,2113717,불참,2023-12-08
21,V0O5343U,2113717,불참,2023-12-08
21,P0F1530P,2113717,불참,2023-12-08
21,XPP2564T,2113717,찬성,2023-12-08
21,FRN1867O,2113717,찬성,2023-12-08
21,LQW3652K,2113717,찬성,2023-12-08
21,RO593601,2113717,찬성,2023-12-08
21,PFG2137X,2113717,불참,2023-12-08
21,UB114374,2113717,찬성,2023-12-08
21,7JC3239L,2113717,찬성,2023-12-08
21,8P37634C,2113717,불참,2023-12-08
21,CNZ51556,2113717,기권,2023-12-08
21,N4R2421C,2113717,찬성,2023-12-08
21,O7R5461J,2113717,불참,2023-12-08
21,JMY9959W,2113717,불참,2023-12-08
21,7R156073,2113717,찬성,2023-12-08
21,J2O8643H,2113717,찬성,2023-12-08
21,6AU2417B,2113717,찬성,2023-12-08
21,8VJ8533R,2113717,찬성,2023-12-08
21,GX22581L,2113717,불참,2023-12-08
21,SE233396,2113717,불참,2023-12-08
21,AFH96856,2113717,불참,2023-12-08
21,52P3934K,2113717,불참,2023-12-08
21,B7H6207C,2113717,찬성,2023-12-08
21,6RD62559,2113717,찬성,2023-12-08
21,1Y73132H,2113717,찬성,2023-12-08
21,I0S53762,2113717,불참,2023-12-08
21,TKJ4800F,2113717,찬성,2023-12-08
21,04T3751T,2113717,찬성,2023-12-08
21,K5F2023J,2113717,찬성,2023-12-08
21,14M56632,2113717,찬성,2023-12-08
21,5MD4184K,2113717,불참,2023-12-08
21,5K93695T,2113717,불참,2023-12-08
21,DPZ7685X,2113717,불참,2023-12-08
21,6U243644,2113717,불참,2023-12-08
21,E9R4507P,2113717,찬성,2023-12-08
21,UHB5553T,2113717,찬성,2023-12-08
21,KFS1358P,2113717,찬성,2023-12-08
21,A494529E,2113717,불참,2023-12-08
21,O0I2045I,2113717,찬성,2023-12-08
21,CZB4125D,2113717,불참,2023-12-08
21,Z6R3959C,2113717,불참,2023-12-08
21,QUM8288K,2113717,불참,2023-12-08
21,S824682L,2113717,찬성,2023-12-08
21,W4X85128,2113717,불참,2023-12-08
21,Q9H5708M,2113717,불참,2023-12-08
21,MRK4871S,2113717,불참,2023-12-08
21,2NV6751W,2113717,불참,2023-12-08
21,BM63269Y,2113717,찬성,2023-12-08
21,M7O7878U,2113717,찬성,2023-12-08
21,MNZ4401T,2113717,불참,2023-12-08
21,3ZR4438W,2113717,불참,2023-12-08
21,HSS7466Y,2113717,찬성,2023-12-08
21,16D7652C,2113717,불참,2023-12-08
21,FU53642G,2113717,불참,2023-12-08
21,MLH1404S,2113717,불참,2023-12-08
21,XR24352K,2113717,찬성,2023-12-08
21,JEZ3130Q,2113717,찬성,2023-12-08
21,9L57027L,2113717,찬성,2023-12-08
21,GOC54665,2113717,불참,2023-12-08
21,5UN9725L,2113717,불참,2023-12-08
21,K3W33496,2113717,찬성,2023-12-08
21,NCO99988,2113717,찬성,2023-12-08
21,CI15627C,2113717,불참,2023-12-08
21,C7E79345,2113717,찬성,2023-12-08
21,4019850M,2113717,불참,2023-12-08
21,9YO73104,2113717,불참,2023-12-08
21,TRE2429O,2113717,찬성,2023-12-08
21,E6U4345C,2113717,찬성,2023-12-08
21,7BM2933Y,2113717,찬성,2023-12-08
21,CDL93608,2113717,불참,2023-12-08
21,2UD1340H,2113717,찬성,2023-12-08
21,9VR65006,2113717,불참,2023-12-08
21,X7I4680R,2113717,찬성,2023-12-08
21,EMC8812P,2113717,찬성,2023-12-08
21,XJC13432,2113717,찬성,2023-12-08
21,XSP20229,2113717,불참,2023-12-08
21,3RW63706,2113717,찬성,2023-12-08
21,FH777496,2113717,찬성,2023-12-08
21,FYI20317,2113717,찬성,2023-12-08
21,8X15119P,2113717,불참,2023-12-08
21,ZYP7962W,2113717,찬성,2023-12-08
21,3249208I,2113717,불참,2023-12-08
21,XEF29171,2113717,찬성,2023-12-08
21,WVU2479T,2113717,불참,2023-12-08
21,9D939735,2113717,불참,2023-12-08
21,QTW6852F,2113717,불참,2023-12-08
21,TST4507I,2113717,불참,2023-12-08
21,L7J93733,2113717,찬성,2023-12-08
21,DAV7257X,2113717,찬성,2023-12-08
21,GE71932C,2113717,불참,2023-12-08
21,6YT83269,2113717,찬성,2023-12-08
21,1MU99298,2113717,불참,2023-12-08
21,17M85910,2113717,찬성,2023-12-08
21,G152611B,2113717,불참,2023-12-08
21,G1570880,2113717,찬성,2023-12-08
21,FOK3459D,2113717,불참,2023-12-08
21,QUO78839,2113717,찬성,2023-12-08
21,BT62420K,2113717,불참,2023-12-08
21,LPB30152,2113717,불참,2023-12-08
21,TZP9391O,2113717,찬성,2023-12-08
21,6V37131U,2113717,불참,2023-12-08
21,OSV9142K,2113717,찬성,2023-12-08
21,FJK3396E,2113717,찬성,2023-12-08
21,ZDP5704Q,2113717,찬성,2023-12-08
21,W1Q6753M,2113717,찬성,2023-12-08
21,E1J8836Y,2113717,불참,2023-12-08
21,6EN68926,2113717,찬성,2023-12-08
21,1BX7234U,2113717,찬성,2023-12-08
21,QHL3248U,2113717,불참,2023-12-08
21,TZ228122,2113717,찬성,2023-12-08
21,9V18755A,2113717,찬성,2023-12-08
21,XA42275R,2113717,찬성,2023-12-08
21,LBC8144B,2113717,불참,2023-12-08
21,VHK3402G,2113717,찬성,2023-12-08
21,F5U2979W,2117939,찬성,2022-10-27
21,YOG1280B,2117939,불참,2022-10-27
21,NUB4941Z,2117939,찬성,2022-10-27
21,NLR6572J,2117939,찬성,2022-10-27
21,JNL7001A,2117939,불참,2022-10-27
21,L7T64271,2117939,찬성,2022-10-27
21,3TO11703,2117939,찬성,2022-10-27
21,66W6739S,2117939,찬성,2022-10-27
21,LM13674V,2117939,찬성,2022-10-27
21,QD25323M,2117939,찬성,2022-10-27
21,JVB6983V,2117939,찬성,2022-10-27
21,DAY6557K,2117939,찬성,2022-10-27
21,GP07421U,2117939,찬성,2022-10-27
21,4XG1439M,2117939,불참,2022-10-27
21,P2N50879,2117939,찬성,2022-10-27
21,A0P4646G,2117939,찬성,2022-10-27
21,A2V51235,2117939,찬성,2022-10-27
21,7I09543O,2117939,찬성,2022-10-27
21,3DK8989T,2117939,찬성,2022-10-27
21,D4L60530,2117939,불참,2022-10-27
21,OFE45081,2117939,찬성,2022-10-27
21,09I2323E,2117939,찬성,2022-10-27
21,ZYH1940A,2117939,불참,2022-10-27
21,0VU8517U,2117939,찬성,2022-10-27
21,M0A1658U,2117939,찬성,2022-10-27
21,ZDR63255,2117939,찬성,2022-10-27
21,SRP7336N,2117939,찬성,2022-10-27
21,ZKU88693,2117939,찬성,2022-10-27
21,5KV96424,2117939,불참,2022-10-27
21,60490713,2117939,찬성,2022-10-27
21,HKJ99607,2117939,불참,2022-10-27
21,1WE5693J,2117939,불참,2022-10-27
21,X3170462,2117939,불참,2022-10-27
21,8FB1535Y,2117939,불참,2022-10-27
21,SU53086M,2117939,찬성,2022-10-27
21,GF286398,2117939,찬성,2022-10-27
21,JQA21112,2117939,찬성,2022-10-27
21,4L695580,2117939,불참,2022-10-27
21,40E3739H,2117939,불참,2022-10-27
21,RPN2293B,2117939,불참,2022-10-27
21,MQU41854,2117939,불참,2022-10-27
21,IN328264,2117939,불참,2022-10-27
21,0827740Q,2117939,찬성,2022-10-27
21,0W194007,2117939,불참,2022-10-27
21,NCP9875N,2117939,찬성,2022-10-27
21,I5I2468R,2117939,찬성,2022-10-27
21,3425169D,2117939,찬성,2022-10-27
21,IOW1101J,2117939,불참,2022-10-27
21,CT85313K,2117939,불참,2022-10-27
21,BLC8630L,2117939,찬성,2022-10-27
21,NQR1206Q,2117939,불참,2022-10-27
21,PEP6922S,2117939,찬성,2022-10-27
21,DAN6731C,2117939,찬성,2022-10-27
21,VG24001G,2117939,찬성,2022-10-27
21,WCD5518S,2117939,찬성,2022-10-27
21,SVH3899R,2117939,찬성,2022-10-27
21,ATB59635,2117939,불참,2022-10-27
21,SBK1544B,2117939,불참,2022-10-27
21,KUO3574J,2117939,불참,2022-10-27
21,S9U45255,2117939,찬성,2022-10-27
21,8SV6917G,2117939,불참,2022-10-27
21,QKO6165V,2117939,불참,2022-10-27
21,68P7228G,2117939,찬성,2022-10-27
21,LQW3652K,2117939,찬성,2022-10-27
21,GAV6441G,2117939,불참,2022-10-27
21,40S1959J,2117939,찬성,2022-10-27
21,IL74008M,2117939,찬성,2022-10-27
21,CNZ51556,2117939,찬성,2022-10-27
21,P2N4585G,2117939,찬성,2022-10-27
21,6AU2417B,2117939,불참,2022-10-27
21,8VJ8533R,2117939,찬성,2022-10-27
21,52P3934K,2117939,불참,2022-10-27
21,6399076T,2117939,찬성,2022-10-27
21,4U29186R,2117939,불참,2022-10-27
21,WHV3448W,2117939,불참,2022-10-27
21,I0S53762,2117939,불참,2022-10-27
21,04T3751T,2117939,찬성,2022-10-27
21,EVH1507C,2117939,찬성,2022-10-27
21,5MD4184K,2117939,불참,2022-10-27
21,5K93695T,2117939,불참,2022-10-27
21,KFS1358P,2117939,찬성,2022-10-27
21,0PK7354M,2117939,찬성,2022-10-27
21,UGH6481E,2117939,찬성,2022-10-27
21,S824682L,2117939,찬성,2022-10-27
21,W4X85128,2117939,불참,2022-10-27
21,JZY9937U,2117939,찬성,2022-10-27
21,2NV6751W,2117939,찬성,2022-10-27
21,M7O7878U,2117939,찬성,2022-10-27
21,KB04377U,2117939,불참,2022-10-27
21,FU53642G,2117939,찬성,2022-10-27
21,MLH1404S,2117939,찬성,2022-10-27
21,8VY63414,2117939,불참,2022-10-27
21,JEZ3130Q,2117939,찬성,2022-10-27
21,BCQ55105,2117939,찬성,2022-10-27
21,LJK4960Z,2117939,찬성,2022-10-27
21,IUD9392R,2117939,찬성,2022-10-27
21,K3W33496,2117939,불참,2022-10-27
21,M2Q9024I,2117939,불참,2022-10-27
21,DBA1057Z,2117939,불참,2022-10-27
21,CI15627C,2117939,불참,2022-10-27
21,TRE2429O,2117939,찬성,2022-10-27
21,E6U4345C,2117939,불참,2022-10-27
21,9VR65006,2117939,찬성,2022-10-27
21,X7I4680R,2117939,불참,2022-10-27
21,EMC8812P,2117939,불참,2022-10-27
21,XSP20229,2117939,찬성,2022-10-27
21,T465023H,2117939,찬성,2022-10-27
21,3RW63706,2117939,찬성,2022-10-27
21,RQQ3807K,2117939,찬성,2022-10-27
21,8X15119P,2117939,불참,2022-10-27
21,CNW5754J,2117939,찬성,2022-10-27
21,3249208I,2117939,찬성,2022-10-27
21,9D939735,2117939,불참,2022-10-27
21,TST4507I,2117939,찬성,2022-10-27
21,JC14718Q,2117939,찬성,2022-10-27
21,5KV82250,2117939,찬성,2022-10-27
21,L7J93733,2117939,찬성,2022-10-27
21,6YT83269,2117939,찬성,2022-10-27
21,FDC3144T,2117939,찬성,2022-10-27
21,SQ36001H,2117939,불참,2022-10-27
21,QUO78839,2117939,찬성,2022-10-27
21,6V37131U,2117939,찬성,2022-10-27
21,FJK3396E,2117939,불참,2022-10-27
21,7O71647Z,2117939,찬성,2022-10-27
21,E1J8836Y,2117939,찬성,2022-10-27
21,6EN68926,2117939,찬성,2022-10-27
21,QHL3248U,2117939,찬성,2022-10-27
21,UQ282145,2117939,불참,2022-10-27
21,9YO73104,2117939,찬성,2022-10-27
21,7BM2933Y,2117939,찬성,2022-10-27
21,CDL93608,2117939,불참,2022-10-27
21,2UD1340H,2117939,찬성,2022-10-27
21,XJC13432,2117939,불참,2022-10-27
21,FH777496,2117939,찬성,2022-10-27
21,FYI20317,2117939,찬성,2022-10-27
21,ZYP7962W,2117939,불참,2022-10-27
21,GX38539O,2117939,찬성,2022-10-27
21,8Q88373R,2117939,불참,2022-10-27
21,XEF29171,2117939,찬성,2022-10-27
21,WVU2479T,2117939,찬성,2022-10-27
21,QTW6852F,2117939,찬성,2022-10-27
21,7XY7109I,2117939,불참,2022-10-27
21,DAV7257X,2117939,찬성,2022-10-27
21,LT72093S,2117939,찬성,2022-10-27
21,GE71932C,2117939,찬성,2022-10-27
21,1MU99298,2117939,찬성,2022-10-27
21,17M85910,2117939,찬성,2022-10-27
21,G152611B,2117939,불참,2022-10-27
21,I7R13867,2117939,찬성,2022-10-27
21,G1570880,2117939,불참,2022-10-27
21,9LD2641Q,2117939,찬성,2022-10-27
21,FOK3459D,2117939,찬성,2022-10-27
21,BT62420K,2117939,찬성,2022-10-27
21,LPB30152,2117939,불참,2022-10-27
21,MD083627,2117939,찬성,2022-10-27
21,TZP9391O,2117939,불참,2022-10-27
21,OSV9142K,2117939,찬성,2022-10-27
21,B7R2742J,2117939,찬성,2022-10-27
21,ZDP5704Q,2117939,불참,2022-10-27
21,71J2365L,2117939,찬성,2022-10-27
21,W1Q6753M,2117939,찬성,2022-10-27
21,RD42006Y,2117939,불참,2022-10-27
21,1BX7234U,2117939,찬성,2022-10-27
21,TJW93720,2117939,찬성,2022-10-27
21,9S151177,2117939,찬성,2022-10-27
21,TZ228122,2117939,찬성,2022-10-27
21,9V18755A,2117939,찬성,2022-10-27
21,XA42275R,2117939,찬성,2022-10-27
21,PO64874I,2117939,찬성,2022-10-27
21,LBC8144B,2117939,찬성,2022-10-27
21,VHK3402G,2117939,불참,2022-10-27
21,ZRF3039U,2117939,찬성,2022-10-27
21,V0O5343U,2117939,찬성,2022-10-27
21,P0F1530P,2117939,불참,2022-10-27
21,XPP2564T,2117939,찬성,2022-10-27
21,FRN1867O,2117939,찬성,2022-10-27
21,RO593601,2117939,찬성,2022-10-27
21,PFG2137X,2117939,찬성,2022-10-27
21,UB114374,2117939,찬성,2022-10-27
21,0YT3774N,2117939,찬성,2022-10-27
21,7JC3239L,2117939,불참,2022-10-27
21,8KF7223D,2117939,찬성,2022-10-27
21,8P37634C,2117939,찬성,2022-10-27
21,N4R2421C,2117939,불참,2022-10-27
21,3C23171A,2117939,찬성,2022-10-27
21,GDG1847Z,2117939,찬성,2022-10-27
21,O7R5461J,2117939,찬성,2022-10-27
21,JMY9959W,2117939,찬성,2022-10-27
21,7R156073,2117939,찬성,2022-10-27
21,6AR6743G,2117939,찬성,2022-10-27
21,J2O8643H,2117939,찬성,2022-10-27
21,VCP96419,2117939,찬성,2022-10-27
21,B7D7534L,2117939,찬성,2022-10-27
21,GX22581L,2117939,불참,2022-10-27
21,SE233396,2117939,찬성,2022-10-27
21,AFH96856,2117939,찬성,2022-10-27
21,B7H6207C,2117939,불참,2022-10-27
21,F5Y4026Q,2117939,찬성,2022-10-27
21,6RD62559,2117939,찬성,2022-10-27
21,1Y73132H,2117939,찬성,2022-10-27
21,LH97552Q,2117939,찬성,2022-10-27
21,TKJ4800F,2117939,찬성,2022-10-27
21,O6D8329R,2117939,찬성,2022-10-27
21,MSY7784L,2117939,불참,2022-10-27
21,K5F2023J,2117939,찬성,2022-10-27
21,14M56632,2117939,불참,2022-10-27
21,N9X9673B,2117939,찬성,2022-10-27
21,DPZ7685X,2117939,찬성,2022-10-27
21,6U243644,2117939,찬성,2022-10-27
21,E9R4507P,2117939,불참,2022-10-27
21,UHB5553T,2117939,찬성,2022-10-27
21,J9S37905,2117939,찬성,2022-10-27
21,A494529E,2117939,불참,2022-10-27
21,VRY5522V,2117939,찬성,2022-10-27
21,CAA7713A,2117939,찬성,2022-10-27
21,O0I2045I,2117939,찬성,2022-10-27
21,CZB4125D,2117939,불참,2022-10-27
21,Z6R3959C,2117939,불참,2022-10-27
21,QUM8288K,2117939,불참,2022-10-27
21,Q9H5708M,2117939,찬성,2022-10-27
21,MRK4871S,2117939,불참,2022-10-27
21,YKW37422,2117939,불참,2022-10-27
21,BM63269Y,2117939,불참,2022-10-27
21,YLS4431M,2117939,찬성,2022-10-27
21,MNZ4401T,2117939,불참,2022-10-27
21,3ZR4438W,2117939,찬성,2022-10-27
21,HSS7466Y,2117939,찬성,2022-10-27
21,16D7652C,2117939,찬성,2022-10-27
21,XR24352K,2117939,찬성,2022-10-27
21,QQP4727N,2117939,불참,2022-10-27
21,9L57027L,2117939,불참,2022-10-27
21,GOC54665,2117939,찬성,2022-10-27
21,5UN9725L,2117939,찬성,2022-10-27
21,C7E79345,2117939,찬성,2022-10-27
21,4019850M,2117939,찬성,2022-10-27
21,FIC9046Z,2117939,불참,2022-10-27
21,DWK26447,2117939,찬성,2022-10-27
21,KFM1081G,2117939,찬성,2022-10-27
21,YTA7297R,2117939,찬성,2022-10-27
21,4X525582,2117939,불참,2022-10-27
21,GKD32201,2117939,불참,2022-10-27
21,G7512472,2117939,찬성,2022-10-27
21,S741317G,2117939,찬성,2022-10-27
21,CCU1009B,2117939,찬성,2022-10-27
21,MU69217P,2117939,불참,2022-10-27
21,2N793392,2117939,찬성,2022-10-27
21,FGI27280,2117939,불참,2022-10-27
21,USR7059P,2117939,찬성,2022-10-27
21,7469929V,2117939,찬성,2022-10-27
21,M6H1705E,2117939,불참,2022-10-27
21,NTT8182Q,2117939,찬성,2022-10-27
21,A3H7195R,2117939,찬성,2022-10-27
21,HSW1214Q,2117939,불참,2022-10-27
21,NZF1659U,2117939,찬성,2022-10-27
21,WDS6044S,2117939,불참,2022-10-27
21,3BC6890E,2117939,찬성,2022-10-27
21,KR14136C,2117939,찬성,2022-10-27
21,5765663F,2117939,찬성,2022-10-27
21,GFF1986K,2117939,찬성,2022-10-27
21,WJL30106,2117939,불참,2022-10-27
21,KNM3215T,2117939,찬성,2022-10-27
21,M7T9712V,2117939,불참,2022-10-27
21,UM51067K,2117939,찬성,2022-10-27
21,MY318392,2117939,찬성,2022-10-27
21,4T026790,2117939,찬성,2022-10-27
21,EH27538E,2117939,찬성,2022-10-27
21,WFU14784,2117939,찬성,2022-10-27
21,0WL9321T,2117939,찬성,2022-10-27
21,PZA4062H,2117939,불참,2022-10-27
21,MR210505,2117939,불참,2022-10-27
21,8348421R,2117939,불참,2022-10-27
21,H5476989,2117939,찬성,2022-10-27
21,HXT76735,2117939,찬성,2022-10-27
21,0R68099X,2117939,기권,2022-10-27
21,6RM29022,2117939,찬성,2022-10-27
21,V429892C,2117939,찬성,2022-10-27
21,2385336L,2117939,찬성,2022-10-27
21,XBT9550Q,2117939,불참,2022-10-27
21,ZA54991S,2117939,찬성,2022-10-27
21,MO52543L,2117939,불참,2022-10-27
21,X1K3667J,2117939,찬성,2022-10-27
21,WMG57662,2117939,찬성,2022-10-27
21,WTR5885Y,2117939,찬성,2022-10-27
21,ICH23251,2117939,찬성,2022-10-27
21,25I8709Q,2117939,찬성,2022-10-27
21,OIA3741M,2117939,찬성,2022-10-27
21,6MO8786S,2117939,찬성,2022-10-27
21,XWX1513T,2117939,불참,2022-10-27
21,LG63087O,2117939,불참,2022-10-27
21,OW53107J,2117939,찬성,2022-10-27
21,L2I9861C,2117939,찬성,2022-10-27
21,IOW8224X,2117939,찬성,2022-10-27
21,9JF4562W,2117939,찬성,2022-10-27
21,Y7K5946R,2117939,불참,2022-10-27
21,Z7Y7827F,2117939,찬성,2022-10-27
21,D6U6678O,2117939,찬성,2022-10-27
21,FU87526G,2117939,찬성,2022-10-27
21,8FC9697X,2117939,불참,2022-10-27
21,GD131760,2117939,불참,2022-10-27
21,40S1959J,2123473,불참,2023-07-27
21,IL74008M,2123473,찬성,2023-07-27
21,8KF7223D,2123473,찬성,2023-07-27
21,CNZ51556,2123473,찬성,2023-07-27
21,N4R2421C,2123473,불참,2023-07-27
21,3C23171A,2123473,찬성,2023-07-27
21,GDG1847Z,2123473,찬성,2023-07-27
21,P2N4585G,2123473,찬성,2023-07-27
21,VCP96419,2123473,찬성,2023-07-27
21,6AU2417B,2123473,불참,2023-07-27
21,8VJ8533R,2123473,찬성,2023-07-27
21,B7D7534L,2123473,찬성,2023-07-27
21,52P3934K,2123473,찬성,2023-07-27
21,6399076T,2123473,찬성,2023-07-27
21,4U29186R,2123473,찬성,2023-07-27
21,WHV3448W,2123473,찬성,2023-07-27
21,04T3751T,2123473,찬성,2023-07-27
21,N9X9673B,2123473,찬성,2023-07-27
21,5MD4184K,2123473,찬성,2023-07-27
21,E9R4507P,2123473,찬성,2023-07-27
21,J9S37905,2123473,불참,2023-07-27
21,0PK7354M,2123473,찬성,2023-07-27
21,O0I2045I,2123473,찬성,2023-07-27
21,Z6R3959C,2123473,찬성,2023-07-27
21,QUM8288K,2123473,찬성,2023-07-27
21,UGH6481E,2123473,찬성,2023-07-27
21,JZY9937U,2123473,찬성,2023-07-27
21,YKW37422,2123473,찬성,2023-07-27
21,2NV6751W,2123473,찬성,2023-07-27
21,KB04377U,2123473,찬성,2023-07-27
21,FU53642G,2123473,찬성,2023-07-27
21,MLH1404S,2123473,불참,2023-07-27
21,IUD9392R,2123473,불참,2023-07-27
21,K3W33496,2123473,찬성,2023-07-27
21,M2Q9024I,2123473,찬성,2023-07-27
21,DBA1057Z,2123473,찬성,2023-07-27
21,CI15627C,2123473,찬성,2023-07-27
21,UQ282145,2123473,찬성,2023-07-27
21,TRE2429O,2123473,찬성,2023-07-27
21,9VR65006,2123473,불참,2023-07-27
21,X7I4680R,2123473,찬성,2023-07-27
21,EMC8812P,2123473,찬성,2023-07-27
21,T465023H,2123473,찬성,2023-07-27
21,RQQ3807K,2123473,찬성,2023-07-27
21,ZYP7962W,2123473,불참,2023-07-27
21,CNW5754J,2123473,찬성,2023-07-27
21,3249208I,2123473,찬성,2023-07-27
21,8Q88373R,2123473,불참,2023-07-27
21,7XY7109I,2123473,찬성,2023-07-27
21,JC14718Q,2123473,찬성,2023-07-27
21,5KV82250,2123473,찬성,2023-07-27
21,LT72093S,2123473,찬성,2023-07-27
21,FDC3144T,2123473,찬성,2023-07-27
21,9LD2641Q,2123473,불참,2023-07-27
21,MD083627,2123473,찬성,2023-07-27
21,OSV9142K,2123473,찬성,2023-07-27
21,B7R2742J,2123473,찬성,2023-07-27
21,ZDP5704Q,2123473,찬성,2023-07-27
21,71J2365L,2123473,불참,2023-07-27
21,7O71647Z,2123473,찬성,2023-07-27
21,E1J8836Y,2123473,찬성,2023-07-27
21,TJW93720,2123473,찬성,2023-07-27
21,9S151177,2123473,찬성,2023-07-27
21,PO64874I,2123473,불참,2023-07-27
21,DWK26447,2123473,찬성,2023-07-27
21,G7512472,2123473,찬성,2023-07-27
21,S741317G,2123473,찬성,2023-07-27
21,2N793392,2123473,찬성,2023-07-27
21,66W6739S,2123473,불참,2023-07-27
21,QD25323M,2123473,찬성,2023-07-27
21,DAY6557K,2123473,찬성,2023-07-27
21,USR7059P,2123473,불참,2023-07-27
21,P2N50879,2123473,찬성,2023-07-27
21,A0P4646G,2123473,찬성,2023-07-27
21,A2V51235,2123473,찬성,2023-07-27
21,7I09543O,2123473,찬성,2023-07-27
21,7469929V,2123473,찬성,2023-07-27
21,D4L60530,2123473,찬성,2023-07-27
21,OFE45081,2123473,찬성,2023-07-27
21,ZYH1940A,2123473,찬성,2023-07-27
21,HSW1214Q,2123473,찬성,2023-07-27
21,ZDR63255,2123473,찬성,2023-07-27
21,SRP7336N,2123473,찬성,2023-07-27
21,5765663F,2123473,찬성,2023-07-27
21,GFF1986K,2123473,찬성,2023-07-27
21,ZKU88693,2123473,불참,2023-07-27
21,M7T9712V,2123473,불참,2023-07-27
21,60490713,2123473,찬성,2023-07-27
21,HKJ99607,2123473,찬성,2023-07-27
21,1WE5693J,2123473,찬성,2023-07-27
21,MY318392,2123473,찬성,2023-07-27
21,8FB1535Y,2123473,찬성,2023-07-27
21,EH27538E,2123473,찬성,2023-07-27
21,WFU14784,2123473,찬성,2023-07-27
21,SU53086M,2123473,찬성,2023-07-27
21,MR210505,2123473,찬성,2023-07-27
21,4L695580,2123473,찬성,2023-07-27
21,RPN2293B,2123473,불참,2023-07-27
21,MQU41854,2123473,찬성,2023-07-27
21,V429892C,2123473,찬성,2023-07-27
21,IN328264,2123473,불참,2023-07-27
21,ZA54991S,2123473,찬성,2023-07-27
21,0827740Q,2123473,찬성,2023-07-27
21,0W194007,2123473,찬성,2023-07-27
21,NCP9875N,2123473,찬성,2023-07-27
21,I5I2468R,2123473,찬성,2023-07-27
21,3425169D,2123473,찬성,2023-07-27
21,CT85313K,2123473,찬성,2023-07-27
21,BLC8630L,2123473,불참,2023-07-27
21,NQR1206Q,2123473,찬성,2023-07-27
21,DAN6731C,2123473,불참,2023-07-27
21,VG24001G,2123473,찬성,2023-07-27
21,WCD5518S,2123473,찬성,2023-07-27
21,SVH3899R,2123473,찬성,2023-07-27
21,KUO3574J,2123473,찬성,2023-07-27
21,D6U6678O,2123473,찬성,2023-07-27
21,FU87526G,2123473,불참,2023-07-27
21,S9U45255,2123473,불참,2023-07-27
21,8FC9697X,2123473,불참,2023-07-27
21,QKO6165V,2123473,불참,2023-07-27
21,GD131760,2123473,찬성,2023-07-27
21,ZRF3039U,2123473,찬성,2023-07-27
21,68P7228G,2123473,찬성,2023-07-27
21,P0F1530P,2123473,불참,2023-07-27
21,XPP2564T,2123473,불참,2023-07-27
21,LQW3652K,2123473,찬성,2023-07-27
21,GAV6441G,2123473,찬성,2023-07-27
21,0YT3774N,2123473,불참,2023-07-27
21,F5U2979W,2123473,찬성,2023-07-27
21,YOG1280B,2123473,찬성,2023-07-27
21,FIC9046Z,2123473,찬성,2023-07-27
21,NUB4941Z,2123473,찬성,2023-07-27
21,KFM1081G,2123473,찬성,2023-07-27
21,NLR6572J,2123473,찬성,2023-07-27
21,YTA7297R,2123473,찬성,2023-07-27
21,L7T64271,2123473,찬성,2023-07-27
21,4X525582,2123473,불참,2023-07-27
21,GKD32201,2123473,찬성,2023-07-27
21,3TO11703,2123473,찬성,2023-07-27
21,CCU1009B,2123473,찬성,2023-07-27
21,MU69217P,2123473,불참,2023-07-27
21,LM13674V,2123473,찬성,2023-07-27
21,JVB6983V,2123473,찬성,2023-07-27
21,GP07421U,2123473,찬성,2023-07-27
21,FGI27280,2123473,찬성,2023-07-27
21,4XG1439M,2123473,찬성,2023-07-27
21,3DK8989T,2123473,찬성,2023-07-27
21,M6H1705E,2123473,찬성,2023-07-27
21,09I2323E,2123473,찬성,2023-07-27
21,NTT8182Q,2123473,찬성,2023-07-27
21,A3H7195R,2123473,찬성,2023-07-27
21,0VU8517U,2123473,찬성,2023-07-27
21,M0A1658U,2123473,찬성,2023-07-27
21,NZF1659U,2123473,찬성,2023-07-27
21,WDS6044S,2123473,불참,2023-07-27
21,3BC6890E,2123473,찬성,2023-07-27
21,KR14136C,2123473,찬성,2023-07-27
21,WJL30106,2123473,찬성,2023-07-27
21,5KV96424,2123473,찬성,2023-07-27
21,KNM3215T,2123473,불참,2023-07-27
21,UM51067K,2123473,찬성,2023-07-27
21,X3170462,2123473,불참,2023-07-27
21,4T026790,2123473,찬성,2023-07-27
21,0WL9321T,2123473,찬성,2023-07-27
21,PZA4062H,2123473,찬성,2023-07-27
21,GF286398,2123473,찬성,2023-07-27
21,8348421R,2123473,찬성,2023-07-27
21,H5476989,2123473,찬성,2023-07-27
21,JQA21112,2123473,불참,2023-07-27
21,40E3739H,2123473,찬성,2023-07-27
21,6FS10566,2123473,찬성,2023-07-27
21,HXT76735,2123473,찬성,2023-07-27
21,0R68099X,2123473,찬성,2023-07-27
21,6RM29022,2123473,찬성,2023-07-27
21,2385336L,2123473,찬성,2023-07-27
21,XBT9550Q,2123473,찬성,2023-07-27
21,MO52543L,2123473,찬성,2023-07-27
21,X1K3667J,2123473,찬성,2023-07-27
21,WMG57662,2123473,찬성,2023-07-27
21,WTR5885Y,2123473,찬성,2023-07-27
21,IOW1101J,2123473,찬성,2023-07-27
21,ICH23251,2123473,찬성,2023-07-27
21,25I8709Q,2123473,찬성,2023-07-27
21,OIA3741M,2123473,찬성,2023-07-27
21,6MO8786S,2123473,불참,2023-07-27
21,XWX1513T,2123473,찬성,2023-07-27
21,LG63087O,2123473,불참,2023-07-27
21,OW53107J,2123473,찬성,2023-07-27
21,PEP6922S,2123473,찬성,2023-07-27
21,L2I9861C,2123473,찬성,2023-07-27
21,IOW8224X,2123473,찬성,2023-07-27
21,9JF4562W,2123473,찬성,2023-07-27
21,Y7K5946R,2123473,찬성,2023-07-27
21,Z7Y7827F,2123473,찬성,2023-07-27
21,ATB59635,2123473,불참,2023-07-27
21,SBK1544B,2123473,불참,2023-07-27
21,8SV6917G,2123473,불참,2023-07-27
21,V0O5343U,2123473,찬성,2023-07-27
21,FRN1867O,2123473,불참,2023-07-27
21,RO593601,2123473,찬성,2023-07-27
21,PFG2137X,2123473,찬성,2023-07-27
21,UB114374,2123473,찬성,2023-07-27
21,7JC3239L,2123473,찬성,2023-07-27
21,8P37634C,2123473,불참,2023-07-27
21,O7R5461J,2123473,찬성,2023-07-27
21,JMY9959W,2123473,불참,2023-07-27
21,7R156073,2123473,찬성,2023-07-27
21,6AR6743G,2123473,불참,2023-07-27
21,J2O8643H,2123473,불참,2023-07-27
21,GX22581L,2123473,불참,2023-07-27
21,SE233396,2123473,불참,2023-07-27
21,AFH96856,2123473,찬성,2023-07-27
21,B7H6207C,2123473,찬성,2023-07-27
21,F5Y4026Q,2123473,찬성,2023-07-27
21,6RD62559,2123473,찬성,2023-07-27
21,1Y73132H,2123473,찬성,2023-07-27
21,I0S53762,2123473,불참,2023-07-27
21,LH97552Q,2123473,찬성,2023-07-27
21,TKJ4800F,2123473,찬성,2023-07-27
21,O6D8329R,2123473,찬성,2023-07-27
21,MSY7784L,2123473,찬성,2023-07-27
21,EVH1507C,2123473,찬성,2023-07-27
21,K5F2023J,2123473,찬성,2023-07-27
21,14M56632,2123473,불참,2023-07-27
21,5K93695T,2123473,찬성,2023-07-27
21,DPZ7685X,2123473,불참,2023-07-27
21,6U243644,2123473,찬성,2023-07-27
21,UHB5553T,2123473,찬성,2023-07-27
21,KFS1358P,2123473,찬성,2023-07-27
21,A494529E,2123473,찬성,2023-07-27
21,VRY5522V,2123473,찬성,2023-07-27
21,CAA7713A,2123473,찬성,2023-07-27
21,CZB4125D,2123473,불참,2023-07-27
21,S824682L,2123473,찬성,2023-07-27
21,W4X85128,2123473,불참,2023-07-27
21,Q9H5708M,2123473,불참,2023-07-27
21,MRK4871S,2123473,찬성,2023-07-27
21,BM63269Y,2123473,찬성,2023-07-27
21,M7O7878U,2123473,찬성,2023-07-27
21,YLS4431M,2123473,불참,2023-07-27
21,MNZ4401T,2123473,불참,2023-07-27
21,3ZR4438W,2123473,찬성,2023-07-27
21,HSS7466Y,2123473,찬성,2023-07-27
21,16D7652C,2123473,찬성,2023-07-27
21,8VY63414,2123473,찬성,2023-07-27
21,XR24352K,2123473,찬성,2023-07-27
21,QQP4727N,2123473,찬성,2023-07-27
21,JEZ3130Q,2123473,불참,2023-07-27
21,BCQ55105,2123473,찬성,2023-07-27
21,9L57027L,2123473,찬성,2023-07-27
21,GOC54665,2123473,불참,2023-07-27
21,5UN9725L,2123473,찬성,2023-07-27
21,LJK4960Z,2123473,찬성,2023-07-27
21,C7E79345,2123473,찬성,2023-07-27
21,4019850M,2123473,찬성,2023-07-27
21,9YO73104,2123473,찬성,2023-07-27
21,E6U4345C,2123473,불참,2023-07-27
21,7BM2933Y,2123473,찬성,2023-07-27
21,CDL93608,2123473,찬성,2023-07-27
21,2UD1340H,2123473,찬성,2023-07-27
21,XJC13432,2123473,불참,2023-07-27
21,XSP20229,2123473,불참,2023-07-27
21,3RW63706,2123473,기권,2023-07-27
21,FH777496,2123473,찬성,2023-07-27
21,FYI20317,2123473,찬성,2023-07-27
21,8X15119P,2123473,찬성,2023-07-27
21,GX38539O,2123473,찬성,2023-07-27
21,XEF29171,2123473,불참,2023-07-27
21,WVU2479T,2123473,찬성,2023-07-27
21,9D939735,2123473,찬성,2023-07-27
21,QTW6852F,2123473,불참,2023-07-27
21,TST4507I,2123473,찬성,2023-07-27
21,L7J93733,2123473,찬성,2023-07-27
21,DAV7257X,2123473,불참,2023-07-27
21,GE71932C,2123473,불참,2023-07-27
21,6YT83269,2123473,찬성,2023-07-27
21,1MU99298,2123473,찬성,2023-07-27
21,17M85910,2123473,찬성,2023-07-27
21,G152611B,2123473,불참,2023-07-27
21,I7R13867,2123473,찬성,2023-07-27
21,SQ36001H,2123473,불참,2023-07-27
21,G1570880,2123473,찬성,2023-07-27
21,FOK3459D,2123473,찬성,2023-07-27
21,QUO78839,2123473,찬성,2023-07-27
21,BT62420K,2123473,찬성,2023-07-27
21,LPB30152,2123473,찬성,2023-07-27
21,TZP9391O,2123473,불참,2023-07-27
21,6V37131U,2123473,찬성,2023-07-27
21,FJK3396E,2123473,불참,2023-07-27
21,W1Q6753M,2123473,불참,2023-07-27
21,RD42006Y,2123473,불참,2023-07-27
21,6EN68926,2123473,찬성,2023-07-27
21,1BX7234U,2123473,찬성,2023-07-27
21,QHL3248U,2123473,불참,2023-07-27
21,TZ228122,2123473,찬성,2023-07-27
21,9V18755A,2123473,찬성,2023-07-27
21,XA42275R,2123473,찬성,2023-07-27
21,LBC8144B,2123473,찬성,2023-07-27
21,VHK3402G,2123473,찬성,2023-07-27
21,JNL7001A,2100445,찬성,2020-12-09
21,GKD32201,2100445,찬성,2020-12-09
21,S741317G,2100445,찬성,2020-12-09
21,CCU1009B,2100445,찬성,2020-12-09
21,MU69217P,2100445,찬성,2020-12-09
21,2N793392,2100445,찬성,2020-12-09
21,66W6739S,2100445,찬성,2020-12-09
21,LM13674V,2100445,불참,2020-12-09
21,QD25323M,2100445,찬성,2020-12-09
21,DAY6557K,2100445,찬성,2020-12-09
21,FGI27280,2100445,찬성,2020-12-09
21,A0P4646G,2100445,불참,2020-12-09
21,7I09543O,2100445,찬성,2020-12-09
21,1X376850,2100445,찬성,2020-12-09
21,3DK8989T,2100445,기권,2020-12-09
21,7469929V,2100445,찬성,2020-12-09
21,D4L60530,2100445,찬성,2020-12-09
21,M6H1705E,2100445,찬성,2020-12-09
21,OFE45081,2100445,찬성,2020-12-09
21,NTT8182Q,2100445,찬성,2020-12-09
21,ZYH1940A,2100445,찬성,2020-12-09
21,HSW1214Q,2100445,찬성,2020-12-09
21,NZF1659U,2100445,찬성,2020-12-09
21,WDS6044S,2100445,불참,2020-12-09
21,ZDR63255,2100445,찬성,2020-12-09
21,KR14136C,2100445,불참,2020-12-09
21,SRP7336N,2100445,불참,2020-12-09
21,5765663F,2100445,찬성,2020-12-09
21,GFF1986K,2100445,찬성,2020-12-09
21,WJL30106,2100445,찬성,2020-12-09
21,KNM3215T,2100445,기권,2020-12-09
21,M7T9712V,2100445,찬성,2020-12-09
21,60490713,2100445,찬성,2020-12-09
21,UM51067K,2100445,찬성,2020-12-09
21,HKJ99607,2100445,찬성,2020-12-09
21,1WE5693J,2100445,찬성,2020-12-09
21,4T026790,2100445,찬성,2020-12-09
21,EH27538E,2100445,찬성,2020-12-09
21,WFU14784,2100445,찬성,2020-12-09
21,SU53086M,2100445,찬성,2020-12-09
21,0WL9321T,2100445,찬성,2020-12-09
21,MR210505,2100445,찬성,2020-12-09
21,GF286398,2100445,찬성,2020-12-09
21,H5476989,2100445,찬성,2020-12-09
21,4L695580,2100445,찬성,2020-12-09
21,40E3739H,2100445,찬성,2020-12-09
21,RPN2293B,2100445,찬성,2020-12-09
21,0R68099X,2100445,찬성,2020-12-09
21,V429892C,2100445,찬성,2020-12-09
21,2385336L,2100445,찬성,2020-12-09
21,IN328264,2100445,찬성,2020-12-09
21,XBT9550Q,2100445,찬성,2020-12-09
21,ZA54991S,2100445,찬성,2020-12-09
21,MO52543L,2100445,찬성,2020-12-09
21,0827740Q,2100445,찬성,2020-12-09
21,0W194007,2100445,찬성,2020-12-09
21,X1K3667J,2100445,찬성,2020-12-09
21,I5I2468R,2100445,찬성,2020-12-09
21,WTR5885Y,2100445,찬성,2020-12-09
21,L5P27909,2100445,불참,2020-12-09
21,IOW1101J,2100445,찬성,2020-12-09
21,ICH23251,2100445,찬성,2020-12-09
21,25I8709Q,2100445,찬성,2020-12-09
21,OIA3741M,2100445,찬성,2020-12-09
21,XWX1513T,2100445,찬성,2020-12-09
21,CT85313K,2100445,찬성,2020-12-09
21,PAO22428,2100445,찬성,2020-12-09
21,BLC8630L,2100445,불참,2020-12-09
21,0767470D,2100445,찬성,2020-12-09
21,LG63087O,2100445,불참,2020-12-09
21,PEP6922S,2100445,찬성,2020-12-09
21,DAN6731C,2100445,찬성,2020-12-09
21,VG24001G,2100445,찬성,2020-12-09
21,L2I9861C,2100445,불참,2020-12-09
21,WCD5518S,2100445,찬성,2020-12-09
21,SVH3899R,2100445,찬성,2020-12-09
21,I434361W,2100445,찬성,2020-12-09
21,9JF4562W,2100445,찬성,2020-12-09
21,Y7K5946R,2100445,불참,2020-12-09
21,Z7Y7827F,2100445,찬성,2020-12-09
21,SBK1544B,2100445,찬성,2020-12-09
21,KUO3574J,2100445,찬성,2020-12-09
21,8SV6917G,2100445,불참,2020-12-09
21,QKO6165V,2100445,찬성,2020-12-09
21,GD131760,2100445,찬성,2020-12-09
21,ZRF3039U,2100445,찬성,2020-12-09
21,V0O5343U,2100445,찬성,2020-12-09
21,68P7228G,2100445,찬성,2020-12-09
21,XPP2564T,2100445,찬성,2020-12-09
21,FRN1867O,2100445,찬성,2020-12-09
21,PFG2137X,2100445,찬성,2020-12-09
21,UB114374,2100445,찬성,2020-12-09
21,GAV6441G,2100445,찬성,2020-12-09
21,0YT3774N,2100445,찬성,2020-12-09
21,7JC3239L,2100445,찬성,2020-12-09
21,40S1959J,2100445,찬성,2020-12-09
21,IL74008M,2100445,찬성,2020-12-09
21,8KF7223D,2100445,기권,2020-12-09
21,8P37634C,2100445,찬성,2020-12-09
21,CNZ51556,2100445,찬성,2020-12-09
21,N4R2421C,2100445,불참,2020-12-09
21,3C23171A,2100445,찬성,2020-12-09
21,GDG1847Z,2100445,기권,2020-12-09
21,LNR7932L,2100445,찬성,2020-12-09
21,O7R5461J,2100445,찬성,2020-12-09
21,TVF3669B,2100445,불참,2020-12-09
21,7R156073,2100445,찬성,2020-12-09
21,6AR6743G,2100445,찬성,2020-12-09
21,J2O8643H,2100445,찬성,2020-12-09
21,VCP96419,2100445,찬성,2020-12-09
21,6AU2417B,2100445,찬성,2020-12-09
21,8VJ8533R,2100445,찬성,2020-12-09
21,GX22581L,2100445,불참,2020-12-09
21,SE233396,2100445,찬성,2020-12-09
21,52P3934K,2100445,찬성,2020-12-09
21,B7H6207C,2100445,찬성,2020-12-09
21,6399076T,2100445,찬성,2020-12-09
21,4U29186R,2100445,기권,2020-12-09
21,F5Y4026Q,2100445,찬성,2020-12-09
21,WHV3448W,2100445,찬성,2020-12-09
21,1Y73132H,2100445,찬성,2020-12-09
21,I0S53762,2100445,찬성,2020-12-09
21,LH97552Q,2100445,찬성,2020-12-09
21,TKJ4800F,2100445,찬성,2020-12-09
21,O6D8329R,2100445,찬성,2020-12-09
21,MSY7784L,2100445,불참,2020-12-09
21,K5F2023J,2100445,찬성,2020-12-09
21,N9X9673B,2100445,불참,2020-12-09
21,5MD4184K,2100445,찬성,2020-12-09
21,5K93695T,2100445,찬성,2020-12-09
21,DPZ7685X,2100445,찬성,2020-12-09
21,KFS1358P,2100445,찬성,2020-12-09
21,A494529E,2100445,찬성,2020-12-09
21,VRY5522V,2100445,찬성,2020-12-09
21,CAA7713A,2100445,찬성,2020-12-09
21,0PK7354M,2100445,기권,2020-12-09
21,CZB4125D,2100445,찬성,2020-12-09
21,Z6R3959C,2100445,찬성,2020-12-09
21,UGH6481E,2100445,찬성,2020-12-09
21,S824682L,2100445,찬성,2020-12-09
21,W4X85128,2100445,찬성,2020-12-09
21,Q9H5708M,2100445,불참,2020-12-09
21,JZY9937U,2100445,찬성,2020-12-09
21,MRK4871S,2100445,찬성,2020-12-09
21,YKW37422,2100445,불참,2020-12-09
21,2NV6751W,2100445,찬성,2020-12-09
21,M7O7878U,2100445,찬성,2020-12-09
21,MNZ4401T,2100445,찬성,2020-12-09
21,3ZR4438W,2100445,불참,2020-12-09
21,16D7652C,2100445,찬성,2020-12-09
21,KB04377U,2100445,찬성,2020-12-09
21,FU53642G,2100445,찬성,2020-12-09
21,MLH1404S,2100445,찬성,2020-12-09
21,8VY63414,2100445,찬성,2020-12-09
21,XR24352K,2100445,찬성,2020-12-09
21,QQP4727N,2100445,기권,2020-12-09
21,IUL4848V,2100445,기권,2020-12-09
21,JEZ3130Q,2100445,찬성,2020-12-09
21,9L57027L,2100445,찬성,2020-12-09
21,GOC54665,2100445,찬성,2020-12-09
21,LJK4960Z,2100445,찬성,2020-12-09
21,K3W33496,2100445,찬성,2020-12-09
21,DBA1057Z,2100445,찬성,2020-12-09
21,CI15627C,2100445,찬성,2020-12-09
21,21N57758,2100445,찬성,2020-12-09
21,C7E79345,2100445,찬성,2020-12-09
21,UQ282145,2100445,찬성,2020-12-09
21,TRE2429O,2100445,찬성,2020-12-09
21,E6U4345C,2100445,찬성,2020-12-09
21,7BM2933Y,2100445,찬성,2020-12-09
21,2UD1340H,2100445,찬성,2020-12-09
21,EMC8812P,2100445,찬성,2020-12-09
21,XJC13432,2100445,불참,2020-12-09
21,T465023H,2100445,찬성,2020-12-09
21,RQQ3807K,2100445,찬성,2020-12-09
21,FH777496,2100445,찬성,2020-12-09
21,FYI20317,2100445,찬성,2020-12-09
21,ZYP7962W,2100445,불참,2020-12-09
21,CNW5754J,2100445,찬성,2020-12-09
21,GX38539O,2100445,찬성,2020-12-09
21,8Q88373R,2100445,찬성,2020-12-09
21,WVU2479T,2100445,찬성,2020-12-09
21,9D939735,2100445,불참,2020-12-09
21,QTW6852F,2100445,불참,2020-12-09
21,7XY7109I,2100445,찬성,2020-12-09
21,TST4507I,2100445,찬성,2020-12-09
21,JC14718Q,2100445,찬성,2020-12-09
21,5KV82250,2100445,불참,2020-12-09
21,L7J93733,2100445,찬성,2020-12-09
21,LT72093S,2100445,찬성,2020-12-09
21,GE71932C,2100445,기권,2020-12-09
21,6YT83269,2100445,찬성,2020-12-09
21,1MU99298,2100445,찬성,2020-12-09
21,FDC3144T,2100445,찬성,2020-12-09
21,I7R13867,2100445,찬성,2020-12-09
21,SQ36001H,2100445,찬성,2020-12-09
21,9LD2641Q,2100445,찬성,2020-12-09
21,FOK3459D,2100445,찬성,2020-12-09
21,QUO78839,2100445,찬성,2020-12-09
21,BT62420K,2100445,찬성,2020-12-09
21,LPB30152,2100445,찬성,2020-12-09
21,TZP9391O,2100445,찬성,2020-12-09
21,6V37131U,2100445,찬성,2020-12-09
21,B7R2742J,2100445,찬성,2020-12-09
21,FJK3396E,2100445,찬성,2020-12-09
21,71J2365L,2100445,불참,2020-12-09
21,7O71647Z,2100445,찬성,2020-12-09
21,W1Q6753M,2100445,찬성,2020-12-09
21,E1J8836Y,2100445,찬성,2020-12-09
21,RD42006Y,2100445,찬성,2020-12-09
21,6EN68926,2100445,불참,2020-12-09
21,1BX7234U,2100445,찬성,2020-12-09
21,QHL3248U,2100445,불참,2020-12-09
21,9S151177,2100445,찬성,2020-12-09
21,TZ228122,2100445,찬성,2020-12-09
21,9V18755A,2100445,찬성,2020-12-09
21,PO64874I,2100445,찬성,2020-12-09
21,9VR65006,2100445,불참,2020-12-09
21,X7I4680R,2100445,찬성,2020-12-09
21,D0C85236,2100445,기권,2020-12-09
21,XSP20229,2100445,찬성,2020-12-09
21,3RW63706,2100445,찬성,2020-12-09
21,8X15119P,2100445,찬성,2020-12-09
21,3249208I,2100445,찬성,2020-12-09
21,XEF29171,2100445,찬성,2020-12-09
21,DAV7257X,2100445,불참,2020-12-09
21,17M85910,2100445,찬성,2020-12-09
21,G152611B,2100445,찬성,2020-12-09
21,G1570880,2100445,찬성,2020-12-09
21,MD083627,2100445,불참,2020-12-09
21,OSV9142K,2100445,찬성,2020-12-09
21,ZDP5704Q,2100445,찬성,2020-12-09
21,MHK9919B,2100445,찬성,2020-12-09
21,AE685067,2100445,찬성,2020-12-09
21,TJW93720,2100445,찬성,2020-12-09
21,XA42275R,2100445,찬성,2020-12-09
21,L7T64271,2100445,찬성,2020-12-09
21,4X525582,2100445,기권,2020-12-09
21,G7512472,2100445,찬성,2020-12-09
21,3TO11703,2100445,찬성,2020-12-09
21,GP07421U,2100445,찬성,2020-12-09
21,USR7059P,2100445,찬성,2020-12-09
21,4XG1439M,2100445,찬성,2020-12-09
21,P2N50879,2100445,찬성,2020-12-09
21,A2V51235,2100445,찬성,2020-12-09
21,09I2323E,2100445,찬성,2020-12-09
21,A3H7195R,2100445,찬성,2020-12-09
21,0VU8517U,2100445,찬성,2020-12-09
21,M0A1658U,2100445,찬성,2020-12-09
21,3BC6890E,2100445,찬성,2020-12-09
21,ZKU88693,2100445,찬성,2020-12-09
21,5KV96424,2100445,찬성,2020-12-09
21,X3170462,2100445,찬성,2020-12-09
21,MY318392,2100445,찬성,2020-12-09
21,8FB1535Y,2100445,찬성,2020-12-09
21,PZA4062H,2100445,찬성,2020-12-09
21,8348421R,2100445,찬성,2020-12-09
21,JQA21112,2100445,기권,2020-12-09
21,HXT76735,2100445,찬성,2020-12-09
21,4A067125,2100445,찬성,2020-12-09
21,WMG57662,2100445,찬성,2020-12-09
21,NCP9875N,2100445,찬성,2020-12-09
21,3425169D,2100445,찬성,2020-12-09
21,6MO8786S,2100445,불참,2020-12-09
21,NQR1206Q,2100445,찬성,2020-12-09
21,NAL4555X,2100445,찬성,2020-12-09
21,OW53107J,2100445,찬성,2020-12-09
21,IOW8224X,2100445,기권,2020-12-09
21,ATB59635,2100445,찬성,2020-12-09
21,D6U6678O,2100445,찬성,2020-12-09
21,FU87526G,2100445,찬성,2020-12-09
21,S9U45255,2100445,찬성,2020-12-09
21,8FC9697X,2100445,찬성,2020-12-09
21,P0F1530P,2100445,불참,2020-12-09
21,LQW3652K,2100445,기권,2020-12-09
21,RO593601,2100445,찬성,2020-12-09
21,P2N4585G,2100445,찬성,2020-12-09
21,JMY9959W,2100445,찬성,2020-12-09
21,B7D7534L,2100445,찬성,2020-12-09
21,AFH96856,2100445,찬성,2020-12-09
21,04T3751T,2100445,찬성,2020-12-09
21,EVH1507C,2100445,찬성,2020-12-09
21,14M56632,2100445,찬성,2020-12-09
21,TP066860,2100445,불참,2020-12-09
21,6U243644,2100445,찬성,2020-12-09
21,E9R4507P,2100445,찬성,2020-12-09
21,UHB5553T,2100445,찬성,2020-12-09
21,J9S37905,2100445,찬성,2020-12-09
21,O0I2045I,2100445,찬성,2020-12-09
21,QUM8288K,2100445,찬성,2020-12-09
21,CFE3998F,2100445,불참,2020-12-09
21,BM63269Y,2100445,찬성,2020-12-09
21,YLS4431M,2100445,불참,2020-12-09
21,HSS7466Y,2100445,찬성,2020-12-09
21,BCQ55105,2100445,찬성,2020-12-09
21,5UN9725L,2100445,찬성,2020-12-09
21,M2Q9024I,2100445,찬성,2020-12-09
21,4019850M,2100445,찬성,2020-12-09
21,9YO73104,2100445,찬성,2020-12-09
21,CDL93608,2100445,찬성,2020-12-09
21,IUD9392R,2106926,찬성,2023-12-28
21,DBA1057Z,2106926,찬성,2023-12-28
21,UQ282145,2106926,찬성,2023-12-28
21,EMC8812P,2106926,찬성,2023-12-28
21,T465023H,2106926,찬성,2023-12-28
21,CNW5754J,2106926,찬성,2023-12-28
21,8Q88373R,2106926,찬성,2023-12-28
21,7XY7109I,2106926,찬성,2023-12-28
21,LT72093S,2106926,찬성,2023-12-28
21,FDC3144T,2106926,찬성,2023-12-28
21,I7R13867,2106926,찬성,2023-12-28
21,SQ36001H,2106926,찬성,2023-12-28
21,MD083627,2106926,찬성,2023-12-28
21,B7R2742J,2106926,찬성,2023-12-28
21,7O71647Z,2106926,찬성,2023-12-28
21,RD42006Y,2106926,찬성,2023-12-28
21,TJW93720,2106926,찬성,2023-12-28
21,9S151177,2106926,불참,2023-12-28
21,PO64874I,2106926,찬성,2023-12-28
21,YOG1280B,2106926,찬성,2023-12-28
21,NUB4941Z,2106926,찬성,2023-12-28
21,KFM1081G,2106926,찬성,2023-12-28
21,F0I5053J,2106926,찬성,2023-12-28
21,3TO11703,2106926,찬성,2023-12-28
21,66W6739S,2106926,찬성,2023-12-28
21,DAY6557K,2106926,찬성,2023-12-28
21,USR7059P,2106926,찬성,2023-12-28
21,P2N50879,2106926,기권,2023-12-28
21,A2V51235,2106926,찬성,2023-12-28
21,7I09543O,2106926,찬성,2023-12-28
21,7469929V,2106926,찬성,2023-12-28
21,OFE45081,2106926,찬성,2023-12-28
21,M0A1658U,2106926,찬성,2023-12-28
21,WDS6044S,2106926,찬성,2023-12-28
21,1WE5693J,2106926,찬성,2023-12-28
21,X3170462,2106926,불참,2023-12-28
21,8FB1535Y,2106926,찬성,2023-12-28
21,SU53086M,2106926,찬성,2023-12-28
21,0WL9321T,2106926,찬성,2023-12-28
21,MR210505,2106926,찬성,2023-12-28
21,40E3739H,2106926,찬성,2023-12-28
21,RPN2293B,2106926,찬성,2023-12-28
21,6RM29022,2106926,찬성,2023-12-28
21,0827740Q,2106926,찬성,2023-12-28
21,0W194007,2106926,찬성,2023-12-28
21,NCP9875N,2106926,찬성,2023-12-28
21,I5I2468R,2106926,찬성,2023-12-28
21,3425169D,2106926,찬성,2023-12-28
21,6MO8786S,2106926,찬성,2023-12-28
21,CT85313K,2106926,찬성,2023-12-28
21,BLC8630L,2106926,찬성,2023-12-28
21,NQR1206Q,2106926,찬성,2023-12-28
21,L2I9861C,2106926,찬성,2023-12-28
21,KUO3574J,2106926,찬성,2023-12-28
21,D6U6678O,2106926,찬성,2023-12-28
21,8FC9697X,2106926,찬성,2023-12-28
21,ZRF3039U,2106926,찬성,2023-12-28
21,68P7228G,2106926,찬성,2023-12-28
21,0YT3774N,2106926,불참,2023-12-28
21,IL74008M,2106926,찬성,2023-12-28
21,8KF7223D,2106926,찬성,2023-12-28
21,CNZ51556,2106926,찬성,2023-12-28
21,GDG1847Z,2106926,찬성,2023-12-28
21,P2N4585G,2106926,찬성,2023-12-28
21,VCP96419,2106926,찬성,2023-12-28
21,B7D7534L,2106926,찬성,2023-12-28
21,6399076T,2106926,찬성,2023-12-28
21,F5Y4026Q,2106926,찬성,2023-12-28
21,WHV3448W,2106926,찬성,2023-12-28
21,6RD62559,2106926,찬성,2023-12-28
21,LH97552Q,2106926,찬성,2023-12-28
21,O6D8329R,2106926,찬성,2023-12-28
21,MSY7784L,2106926,찬성,2023-12-28
21,N9X9673B,2106926,찬성,2023-12-28
21,VRY5522V,2106926,찬성,2023-12-28
21,CAA7713A,2106926,찬성,2023-12-28
21,UGH6481E,2106926,찬성,2023-12-28
21,YKW37422,2106926,찬성,2023-12-28
21,KB04377U,2106926,찬성,2023-12-28
21,8VY63414,2106926,찬성,2023-12-28
21,QQP4727N,2106926,찬성,2023-12-28
21,BCQ55105,2106926,불참,2023-12-28
21,LJK4960Z,2106926,찬성,2023-12-28
21,F5U2979W,2106926,찬성,2023-12-28
21,FIC9046Z,2106926,불참,2023-12-28
21,DWK26447,2106926,찬성,2023-12-28
21,NLR6572J,2106926,찬성,2023-12-28
21,YTA7297R,2106926,찬성,2023-12-28
21,L7T64271,2106926,찬성,2023-12-28
21,4X525582,2106926,찬성,2023-12-28
21,GKD32201,2106926,불참,2023-12-28
21,G7512472,2106926,찬성,2023-12-28
21,S741317G,2106926,찬성,2023-12-28
21,CCU1009B,2106926,찬성,2023-12-28
21,MU69217P,2106926,불참,2023-12-28
21,2N793392,2106926,찬성,2023-12-28
21,LM13674V,2106926,찬성,2023-12-28
21,QD25323M,2106926,찬성,2023-12-28
21,JVB6983V,2106926,찬성,2023-12-28
21,GP07421U,2106926,찬성,2023-12-28
21,FGI27280,2106926,불참,2023-12-28
21,4XG1439M,2106926,찬성,2023-12-28
21,A0P4646G,2106926,찬성,2023-12-28
21,3DK8989T,2106926,찬성,2023-12-28
21,D4L60530,2106926,찬성,2023-12-28
21,M6H1705E,2106926,찬성,2023-12-28
21,09I2323E,2106926,찬성,2023-12-28
21,NTT8182Q,2106926,찬성,2023-12-28
21,A3H7195R,2106926,불참,2023-12-28
21,ZYH1940A,2106926,불참,2023-12-28
21,0VU8517U,2106926,불참,2023-12-28
21,HSW1214Q,2106926,찬성,2023-12-28
21,NZF1659U,2106926,불참,2023-12-28
21,3BC6890E,2106926,찬성,2023-12-28
21,ZDR63255,2106926,찬성,2023-12-28
21,KR14136C,2106926,찬성,2023-12-28
21,5765663F,2106926,찬성,2023-12-28
21,GFF1986K,2106926,찬성,2023-12-28
21,ZKU88693,2106926,찬성,2023-12-28
21,WJL30106,2106926,찬성,2023-12-28
21,5KV96424,2106926,찬성,2023-12-28
21,KNM3215T,2106926,찬성,2023-12-28
21,M7T9712V,2106926,찬성,2023-12-28
21,60490713,2106926,찬성,2023-12-28
21,UM51067K,2106926,찬성,2023-12-28
21,HKJ99607,2106926,찬성,2023-12-28
21,MY318392,2106926,찬성,2023-12-28
21,4T026790,2106926,찬성,2023-12-28
21,EH27538E,2106926,찬성,2023-12-28
21,WFU14784,2106926,불참,2023-12-28
21,PZA4062H,2106926,찬성,2023-12-28
21,GF286398,2106926,찬성,2023-12-28
21,8348421R,2106926,찬성,2023-12-28
21,H5476989,2106926,찬성,2023-12-28
21,JQA21112,2106926,찬성,2023-12-28
21,4L695580,2106926,찬성,2023-12-28
21,6FS10566,2106926,찬성,2023-12-28
21,HXT76735,2106926,찬성,2023-12-28
21,0R68099X,2106926,기권,2023-12-28
21,MQU41854,2106926,불참,2023-12-28
21,V429892C,2106926,찬성,2023-12-28
21,2385336L,2106926,찬성,2023-12-28
21,IN328264,2106926,찬성,2023-12-28
21,XBT9550Q,2106926,찬성,2023-12-28
21,ZA54991S,2106926,찬성,2023-12-28
21,MO52543L,2106926,찬성,2023-12-28
21,X1K3667J,2106926,찬성,2023-12-28
21,WMG57662,2106926,찬성,2023-12-28
21,WTR5885Y,2106926,찬성,2023-12-28
21,IOW1101J,2106926,찬성,2023-12-28
21,25I8709Q,2106926,찬성,2023-12-28
21,OIA3741M,2106926,찬성,2023-12-28
21,XWX1513T,2106926,찬성,2023-12-28
21,LG63087O,2106926,찬성,2023-12-28
21,OW53107J,2106926,찬성,2023-12-28
21,PEP6922S,2106926,찬성,2023-12-28
21,DAN6731C,2106926,찬성,2023-12-28
21,VG24001G,2106926,찬성,2023-12-28
21,WCD5518S,2106926,찬성,2023-12-28
21,SVH3899R,2106926,찬성,2023-12-28
21,IOW8224X,2106926,찬성,2023-12-28
21,9JF4562W,2106926,찬성,2023-12-28
21,Y7K5946R,2106926,찬성,2023-12-28
21,Z7Y7827F,2106926,찬성,2023-12-28
21,ATB59635,2106926,찬성,2023-12-28
21,FU87526G,2106926,찬성,2023-12-28
21,S9U45255,2106926,찬성,2023-12-28
21,8SV6917G,2106926,불참,2023-12-28
21,QKO6165V,2106926,불참,2023-12-28
21,GD131760,2106926,찬성,2023-12-28
21,V0O5343U,2106926,찬성,2023-12-28
21,P0F1530P,2106926,찬성,2023-12-28
21,XPP2564T,2106926,찬성,2023-12-28
21,FRN1867O,2106926,찬성,2023-12-28
21,LQW3652K,2106926,찬성,2023-12-28
21,RO593601,2106926,찬성,2023-12-28
21,PFG2137X,2106926,찬성,2023-12-28
21,UB114374,2106926,찬성,2023-12-28
21,GAV6441G,2106926,찬성,2023-12-28
21,7JC3239L,2106926,찬성,2023-12-28
21,40S1959J,2106926,찬성,2023-12-28
21,8P37634C,2106926,찬성,2023-12-28
21,N4R2421C,2106926,불참,2023-12-28
21,3C23171A,2106926,찬성,2023-12-28
21,O7R5461J,2106926,찬성,2023-12-28
21,JMY9959W,2106926,불참,2023-12-28
21,7R156073,2106926,찬성,2023-12-28
21,6AR6743G,2106926,찬성,2023-12-28
21,J2O8643H,2106926,불참,2023-12-28
21,6AU2417B,2106926,불참,2023-12-28
21,8VJ8533R,2106926,찬성,2023-12-28
21,GX22581L,2106926,찬성,2023-12-28
21,SE233396,2106926,찬성,2023-12-28
21,AFH96856,2106926,찬성,2023-12-28
21,52P3934K,2106926,찬성,2023-12-28
21,B7H6207C,2106926,찬성,2023-12-28
21,4U29186R,2106926,찬성,2023-12-28
21,1Y73132H,2106926,찬성,2023-12-28
21,I0S53762,2106926,찬성,2023-12-28
21,TKJ4800F,2106926,찬성,2023-12-28
21,04T3751T,2106926,찬성,2023-12-28
21,EVH1507C,2106926,불참,2023-12-28
21,K5F2023J,2106926,찬성,2023-12-28
21,14M56632,2106926,찬성,2023-12-28
21,5MD4184K,2106926,찬성,2023-12-28
21,5K93695T,2106926,불참,2023-12-28
21,DPZ7685X,2106926,찬성,2023-12-28
21,6U243644,2106926,찬성,2023-12-28
21,E9R4507P,2106926,찬성,2023-12-28
21,UHB5553T,2106926,찬성,2023-12-28
21,KFS1358P,2106926,찬성,2023-12-28
21,J9S37905,2106926,찬성,2023-12-28
21,A494529E,2106926,찬성,2023-12-28
21,0PK7354M,2106926,찬성,2023-12-28
21,O0I2045I,2106926,찬성,2023-12-28
21,CZB4125D,2106926,불참,2023-12-28
21,Z6R3959C,2106926,불참,2023-12-28
21,QUM8288K,2106926,찬성,2023-12-28
21,S824682L,2106926,찬성,2023-12-28
21,W4X85128,2106926,찬성,2023-12-28
21,Q9H5708M,2106926,불참,2023-12-28
21,JZY9937U,2106926,불참,2023-12-28
21,MRK4871S,2106926,찬성,2023-12-28
21,2NV6751W,2106926,찬성,2023-12-28
21,BM63269Y,2106926,찬성,2023-12-28
21,M7O7878U,2106926,찬성,2023-12-28
21,YLS4431M,2106926,불참,2023-12-28
21,MNZ4401T,2106926,불참,2023-12-28
21,3ZR4438W,2106926,찬성,2023-12-28
21,HSS7466Y,2106926,찬성,2023-12-28
21,16D7652C,2106926,불참,2023-12-28
21,FU53642G,2106926,기권,2023-12-28
21,MLH1404S,2106926,찬성,2023-12-28
21,XR24352K,2106926,찬성,2023-12-28
21,JEZ3130Q,2106926,찬성,2023-12-28
21,9L57027L,2106926,찬성,2023-12-28
21,GOC54665,2106926,기권,2023-12-28
21,5UN9725L,2106926,찬성,2023-12-28
21,K3W33496,2106926,찬성,2023-12-28
21,NCO99988,2106926,찬성,2023-12-28
21,M2Q9024I,2106926,불참,2023-12-28
21,CI15627C,2106926,찬성,2023-12-28
21,C7E79345,2106926,찬성,2023-12-28
21,4019850M,2106926,찬성,2023-12-28
21,9YO73104,2106926,찬성,2023-12-28
21,TRE2429O,2106926,찬성,2023-12-28
21,E6U4345C,2106926,찬성,2023-12-28
21,7BM2933Y,2106926,찬성,2023-12-28
21,CDL93608,2106926,찬성,2023-12-28
21,2UD1340H,2106926,찬성,2023-12-28
21,9VR65006,2106926,찬성,2023-12-28
21,X7I4680R,2106926,찬성,2023-12-28
21,XJC13432,2106926,찬성,2023-12-28
21,XSP20229,2106926,찬성,2023-12-28
21,3RW63706,2106926,찬성,2023-12-28
21,RQQ3807K,2106926,찬성,2023-12-28
21,FH777496,2106926,찬성,2023-12-28
21,FYI20317,2106926,찬성,2023-12-28
21,8X15119P,2106926,기권,2023-12-28
21,ZYP7962W,2106926,불참,2023-12-28
21,3249208I,2106926,찬성,2023-12-28
21,GX38539O,2106926,찬성,2023-12-28
21,XEF29171,2106926,찬성,2023-12-28
21,WVU2479T,2106926,찬성,2023-12-28
21,9D939735,2106926,찬성,2023-12-28
21,QTW6852F,2106926,기권,2023-12-28
21,TST4507I,2106926,찬성,2023-12-28
21,JC14718Q,2106926,찬성,2023-12-28
21,5KV82250,2106926,찬성,2023-12-28
21,L7J93733,2106926,찬성,2023-12-28
21,DAV7257X,2106926,찬성,2023-12-28
21,GE71932C,2106926,찬성,2023-12-28
21,6YT83269,2106926,불참,2023-12-28
21,1MU99298,2106926,찬성,2023-12-28
21,17M85910,2106926,찬성,2023-12-28
21,G152611B,2106926,불참,2023-12-28
21,G1570880,2106926,찬성,2023-12-28
21,9LD2641Q,2106926,찬성,2023-12-28
21,FOK3459D,2106926,찬성,2023-12-28
21,QUO78839,2106926,찬성,2023-12-28
21,BT62420K,2106926,찬성,2023-12-28
21,LPB30152,2106926,찬성,2023-12-28
21,TZP9391O,2106926,찬성,2023-12-28
21,6V37131U,2106926,찬성,2023-12-28
21,OSV9142K,2106926,찬성,2023-12-28
21,FJK3396E,2106926,찬성,2023-12-28
21,ZDP5704Q,2106926,찬성,2023-12-28
21,71J2365L,2106926,찬성,2023-12-28
21,W1Q6753M,2106926,찬성,2023-12-28
21,E1J8836Y,2106926,찬성,2023-12-28
21,6EN68926,2106926,찬성,2023-12-28
21,1BX7234U,2106926,찬성,2023-12-28
21,QHL3248U,2106926,찬성,2023-12-28
21,TZ228122,2106926,찬성,2023-12-28
21,9V18755A,2106926,찬성,2023-12-28
21,XA42275R,2106926,찬성,2023-12-28
21,LBC8144B,2106926,찬성,2023-12-28
21,VHK3402G,2106926,찬성,2023-12-28
21,GOC54665,2107137,찬성,2021-02-26
21,LJK4960Z,2107137,찬성,2021-02-26
21,K3W33496,2107137,찬성,2021-02-26
21,CI15627C,2107137,찬성,2021-02-26
21,21N57758,2107137,불참,2021-02-26
21,C7E79345,2107137,불참,2021-02-26
21,UQ282145,2107137,찬성,2021-02-26
21,TRE2429O,2107137,불참,2021-02-26
21,CDL93608,2107137,찬성,2021-02-26
21,2UD1340H,2107137,찬성,2021-02-26
21,EMC8812P,2107137,찬성,2021-02-26
21,XJC13432,2107137,찬성,2021-02-26
21,T465023H,2107137,찬성,2021-02-26
21,RQQ3807K,2107137,찬성,2021-02-26
21,FH777496,2107137,찬성,2021-02-26
21,FYI20317,2107137,찬성,2021-02-26
21,ZYP7962W,2107137,찬성,2021-02-26
21,WVU2479T,2107137,찬성,2021-02-26
21,9D939735,2107137,기권,2021-02-26
21,QTW6852F,2107137,불참,2021-02-26
21,7XY7109I,2107137,불참,2021-02-26
21,TST4507I,2107137,찬성,2021-02-26
21,JC14718Q,2107137,찬성,2021-02-26
21,5KV82250,2107137,불참,2021-02-26
21,L7J93733,2107137,찬성,2021-02-26
21,LT72093S,2107137,찬성,2021-02-26
21,6YT83269,2107137,불참,2021-02-26
21,1MU99298,2107137,찬성,2021-02-26
21,FDC3144T,2107137,찬성,2021-02-26
21,17M85910,2107137,찬성,2021-02-26
21,SQ36001H,2107137,찬성,2021-02-26
21,9LD2641Q,2107137,찬성,2021-02-26
21,FOK3459D,2107137,찬성,2021-02-26
21,QUO78839,2107137,불참,2021-02-26
21,BT62420K,2107137,찬성,2021-02-26
21,TZP9391O,2107137,찬성,2021-02-26
21,6V37131U,2107137,찬성,2021-02-26
21,FJK3396E,2107137,찬성,2021-02-26
21,71J2365L,2107137,기권,2021-02-26
21,E1J8836Y,2107137,찬성,2021-02-26
21,RD42006Y,2107137,찬성,2021-02-26
21,6EN68926,2107137,불참,2021-02-26
21,1BX7234U,2107137,찬성,2021-02-26
21,QHL3248U,2107137,찬성,2021-02-26
21,AE685067,2107137,찬성,2021-02-26
21,TZ228122,2107137,찬성,2021-02-26
21,9V18755A,2107137,찬성,2021-02-26
21,PO64874I,2107137,찬성,2021-02-26
21,I434361W,2107137,찬성,2021-02-26
21,9JF4562W,2107137,찬성,2021-02-26
21,Y7K5946R,2107137,기권,2021-02-26
21,SBK1544B,2107137,찬성,2021-02-26
21,8SV6917G,2107137,찬성,2021-02-26
21,8FC9697X,2107137,불참,2021-02-26
21,QKO6165V,2107137,불참,2021-02-26
21,GD131760,2107137,불참,2021-02-26
21,ZRF3039U,2107137,찬성,2021-02-26
21,V0O5343U,2107137,불참,2021-02-26
21,P0F1530P,2107137,불참,2021-02-26
21,FRN1867O,2107137,찬성,2021-02-26
21,PFG2137X,2107137,찬성,2021-02-26
21,GAV6441G,2107137,찬성,2021-02-26
21,7JC3239L,2107137,반대,2021-02-26
21,8KF7223D,2107137,찬성,2021-02-26
21,8P37634C,2107137,찬성,2021-02-26
21,CNZ51556,2107137,불참,2021-02-26
21,N4R2421C,2107137,불참,2021-02-26
21,GDG1847Z,2107137,반대,2021-02-26
21,LNR7932L,2107137,불참,2021-02-26
21,O7R5461J,2107137,찬성,2021-02-26
21,TVF3669B,2107137,불참,2021-02-26
21,6AR6743G,2107137,불참,2021-02-26
21,VCP96419,2107137,찬성,2021-02-26
21,8VJ8533R,2107137,찬성,2021-02-26
21,GX22581L,2107137,불참,2021-02-26
21,SE233396,2107137,찬성,2021-02-26
21,52P3934K,2107137,불참,2021-02-26
21,B7H6207C,2107137,찬성,2021-02-26
21,6399076T,2107137,찬성,2021-02-26
21,4U29186R,2107137,찬성,2021-02-26
21,F5Y4026Q,2107137,찬성,2021-02-26
21,WHV3448W,2107137,찬성,2021-02-26
21,1Y73132H,2107137,불참,2021-02-26
21,O6D8329R,2107137,찬성,2021-02-26
21,MSY7784L,2107137,불참,2021-02-26
21,5MD4184K,2107137,찬성,2021-02-26
21,TP066860,2107137,불참,2021-02-26
21,5K93695T,2107137,찬성,2021-02-26
21,DPZ7685X,2107137,찬성,2021-02-26
21,KFS1358P,2107137,찬성,2021-02-26
21,A494529E,2107137,찬성,2021-02-26
21,VRY5522V,2107137,찬성,2021-02-26
21,CAA7713A,2107137,찬성,2021-02-26
21,0PK7354M,2107137,찬성,2021-02-26
21,CZB4125D,2107137,불참,2021-02-26
21,Z6R3959C,2107137,찬성,2021-02-26
21,UGH6481E,2107137,찬성,2021-02-26
21,S824682L,2107137,찬성,2021-02-26
21,Q9H5708M,2107137,불참,2021-02-26
21,CFE3998F,2107137,불참,2021-02-26
21,MRK4871S,2107137,불참,2021-02-26
21,YKW37422,2107137,불참,2021-02-26
21,2NV6751W,2107137,찬성,2021-02-26
21,BM63269Y,2107137,불참,2021-02-26
21,M7O7878U,2107137,찬성,2021-02-26
21,3ZR4438W,2107137,불참,2021-02-26
21,HSS7466Y,2107137,찬성,2021-02-26
21,8VY63414,2107137,찬성,2021-02-26
21,XR24352K,2107137,불참,2021-02-26
21,QQP4727N,2107137,찬성,2021-02-26
21,IUL4848V,2107137,찬성,2021-02-26
21,BCQ55105,2107137,찬성,2021-02-26
21,JNL7001A,2107137,찬성,2021-02-26
21,GKD32201,2107137,찬성,2021-02-26
21,G7512472,2107137,찬성,2021-02-26
21,S741317G,2107137,기권,2021-02-26
21,CCU1009B,2107137,찬성,2021-02-26
21,2N793392,2107137,찬성,2021-02-26
21,66W6739S,2107137,기권,2021-02-26
21,DAY6557K,2107137,찬성,2021-02-26
21,4XG1439M,2107137,찬성,2021-02-26
21,A0P4646G,2107137,기권,2021-02-26
21,7I09543O,2107137,찬성,2021-02-26
21,1X376850,2107137,찬성,2021-02-26
21,3DK8989T,2107137,찬성,2021-02-26
21,7469929V,2107137,찬성,2021-02-26
21,D4L60530,2107137,찬성,2021-02-26
21,09I2323E,2107137,찬성,2021-02-26
21,NTT8182Q,2107137,찬성,2021-02-26
21,ZYH1940A,2107137,불참,2021-02-26
21,M0A1658U,2107137,불참,2021-02-26
21,NZF1659U,2107137,찬성,2021-02-26
21,WDS6044S,2107137,찬성,2021-02-26
21,ZDR63255,2107137,찬성,2021-02-26
21,SRP7336N,2107137,불참,2021-02-26
21,GFF1986K,2107137,찬성,2021-02-26
21,WJL30106,2107137,찬성,2021-02-26
21,5KV96424,2107137,찬성,2021-02-26
21,KNM3215T,2107137,찬성,2021-02-26
21,UM51067K,2107137,찬성,2021-02-26
21,1WE5693J,2107137,불참,2021-02-26
21,MY318392,2107137,찬성,2021-02-26
21,4T026790,2107137,찬성,2021-02-26
21,EH27538E,2107137,찬성,2021-02-26
21,WFU14784,2107137,찬성,2021-02-26
21,SU53086M,2107137,찬성,2021-02-26
21,0WL9321T,2107137,찬성,2021-02-26
21,GF286398,2107137,찬성,2021-02-26
21,H5476989,2107137,찬성,2021-02-26
21,4L695580,2107137,찬성,2021-02-26
21,40E3739H,2107137,찬성,2021-02-26
21,HXT76735,2107137,찬성,2021-02-26
21,RPN2293B,2107137,찬성,2021-02-26
21,V429892C,2107137,찬성,2021-02-26
21,IN328264,2107137,찬성,2021-02-26
21,XBT9550Q,2107137,불참,2021-02-26
21,ZA54991S,2107137,불참,2021-02-26
21,MO52543L,2107137,불참,2021-02-26
21,0827740Q,2107137,찬성,2021-02-26
21,X1K3667J,2107137,찬성,2021-02-26
21,I5I2468R,2107137,찬성,2021-02-26
21,WTR5885Y,2107137,찬성,2021-02-26
21,IOW1101J,2107137,찬성,2021-02-26
21,ICH23251,2107137,찬성,2021-02-26
21,25I8709Q,2107137,찬성,2021-02-26
21,XWX1513T,2107137,찬성,2021-02-26
21,CT85313K,2107137,찬성,2021-02-26
21,BLC8630L,2107137,찬성,2021-02-26
21,0767470D,2107137,불참,2021-02-26
21,LG63087O,2107137,불참,2021-02-26
21,PEP6922S,2107137,찬성,2021-02-26
21,DAN6731C,2107137,기권,2021-02-26
21,VG24001G,2107137,기권,2021-02-26
21,L2I9861C,2107137,찬성,2021-02-26
21,WCD5518S,2107137,찬성,2021-02-26
21,SVH3899R,2107137,찬성,2021-02-26
21,L7T64271,2107137,찬성,2021-02-26
21,4X525582,2107137,기권,2021-02-26
21,3TO11703,2107137,찬성,2021-02-26
21,MU69217P,2107137,기권,2021-02-26
21,LM13674V,2107137,불참,2021-02-26
21,QD25323M,2107137,찬성,2021-02-26
21,GP07421U,2107137,찬성,2021-02-26
21,FGI27280,2107137,찬성,2021-02-26
21,USR7059P,2107137,기권,2021-02-26
21,P2N50879,2107137,찬성,2021-02-26
21,A2V51235,2107137,찬성,2021-02-26
21,M6H1705E,2107137,찬성,2021-02-26
21,OFE45081,2107137,찬성,2021-02-26
21,A3H7195R,2107137,찬성,2021-02-26
21,0VU8517U,2107137,불참,2021-02-26
21,HSW1214Q,2107137,찬성,2021-02-26
21,3BC6890E,2107137,불참,2021-02-26
21,KR14136C,2107137,찬성,2021-02-26
21,5765663F,2107137,찬성,2021-02-26
21,ZKU88693,2107137,찬성,2021-02-26
21,M7T9712V,2107137,반대,2021-02-26
21,60490713,2107137,찬성,2021-02-26
21,HKJ99607,2107137,찬성,2021-02-26
21,X3170462,2107137,찬성,2021-02-26
21,8FB1535Y,2107137,찬성,2021-02-26
21,PZA4062H,2107137,찬성,2021-02-26
21,MR210505,2107137,찬성,2021-02-26
21,8348421R,2107137,찬성,2021-02-26
21,JQA21112,2107137,반대,2021-02-26
21,0R68099X,2107137,찬성,2021-02-26
21,4A067125,2107137,불참,2021-02-26
21,2385336L,2107137,찬성,2021-02-26
21,0W194007,2107137,찬성,2021-02-26
21,WMG57662,2107137,찬성,2021-02-26
21,NCP9875N,2107137,찬성,2021-02-26
21,L5P27909,2107137,기권,2021-02-26
21,3425169D,2107137,찬성,2021-02-26
21,OIA3741M,2107137,불참,2021-02-26
21,6MO8786S,2107137,찬성,2021-02-26
21,PAO22428,2107137,찬성,2021-02-26
21,NQR1206Q,2107137,찬성,2021-02-26
21,NAL4555X,2107137,불참,2021-02-26
21,OW53107J,2107137,찬성,2021-02-26
21,IOW8224X,2107137,찬성,2021-02-26
21,Z7Y7827F,2107137,찬성,2021-02-26
21,ATB59635,2107137,찬성,2021-02-26
21,KUO3574J,2107137,찬성,2021-02-26
21,D6U6678O,2107137,찬성,2021-02-26
21,FU87526G,2107137,찬성,2021-02-26
21,S9U45255,2107137,찬성,2021-02-26
21,68P7228G,2107137,찬성,2021-02-26
21,XPP2564T,2107137,불참,2021-02-26
21,LQW3652K,2107137,기권,2021-02-26
21,RO593601,2107137,찬성,2021-02-26
21,UB114374,2107137,반대,2021-02-26
21,0YT3774N,2107137,찬성,2021-02-26
21,40S1959J,2107137,찬성,2021-02-26
21,IL74008M,2107137,찬성,2021-02-26
21,3C23171A,2107137,찬성,2021-02-26
21,P2N4585G,2107137,찬성,2021-02-26
21,JMY9959W,2107137,찬성,2021-02-26
21,7R156073,2107137,불참,2021-02-26
21,J2O8643H,2107137,찬성,2021-02-26
21,6AU2417B,2107137,찬성,2021-02-26
21,B7D7534L,2107137,찬성,2021-02-26
21,AFH96856,2107137,찬성,2021-02-26
21,I0S53762,2107137,찬성,2021-02-26
21,LH97552Q,2107137,찬성,2021-02-26
21,TKJ4800F,2107137,찬성,2021-02-26
21,04T3751T,2107137,찬성,2021-02-26
21,EVH1507C,2107137,기권,2021-02-26
21,K5F2023J,2107137,찬성,2021-02-26
21,14M56632,2107137,불참,2021-02-26
21,N9X9673B,2107137,찬성,2021-02-26
21,6U243644,2107137,찬성,2021-02-26
21,E9R4507P,2107137,찬성,2021-02-26
21,UHB5553T,2107137,찬성,2021-02-26
21,J9S37905,2107137,기권,2021-02-26
21,O0I2045I,2107137,찬성,2021-02-26
21,QUM8288K,2107137,찬성,2021-02-26
21,W4X85128,2107137,찬성,2021-02-26
21,JZY9937U,2107137,찬성,2021-02-26
21,YLS4431M,2107137,기권,2021-02-26
21,MNZ4401T,2107137,찬성,2021-02-26
21,16D7652C,2107137,찬성,2021-02-26
21,KB04377U,2107137,찬성,2021-02-26
21,FU53642G,2107137,찬성,2021-02-26
21,MLH1404S,2107137,찬성,2021-02-26
21,JEZ3130Q,2107137,찬성,2021-02-26
21,9L57027L,2107137,찬성,2021-02-26
21,5UN9725L,2107137,찬성,2021-02-26
21,M2Q9024I,2107137,불참,2021-02-26
21,DBA1057Z,2107137,불참,2021-02-26
21,4019850M,2107137,찬성,2021-02-26
21,9YO73104,2107137,찬성,2021-02-26
21,E6U4345C,2107137,찬성,2021-02-26
21,7BM2933Y,2107137,찬성,2021-02-26
21,9VR65006,2107137,불참,2021-02-26
21,X7I4680R,2107137,찬성,2021-02-26
21,D0C85236,2107137,불참,2021-02-26
21,XSP20229,2107137,찬성,2021-02-26
21,3RW63706,2107137,불참,2021-02-26
21,8X15119P,2107137,불참,2021-02-26
21,CNW5754J,2107137,찬성,2021-02-26
21,3249208I,2107137,찬성,2021-02-26
21,GX38539O,2107137,찬성,2021-02-26
21,8Q88373R,2107137,불참,2021-02-26
21,XEF29171,2107137,찬성,2021-02-26
21,DAV7257X,2107137,찬성,2021-02-26
21,GE71932C,2107137,찬성,2021-02-26
21,G152611B,2107137,찬성,2021-02-26
21,I7R13867,2107137,찬성,2021-02-26
21,G1570880,2107137,불참,2021-02-26
21,LPB30152,2107137,불참,2021-02-26
21,MD083627,2107137,찬성,2021-02-26
21,OSV9142K,2107137,찬성,2021-02-26
21,B7R2742J,2107137,찬성,2021-02-26
21,ZDP5704Q,2107137,기권,2021-02-26
21,7O71647Z,2107137,찬성,2021-02-26
21,W1Q6753M,2107137,찬성,2021-02-26
21,MHK9919B,2107137,기권,2021-02-26
21,TJW93720,2107137,찬성,2021-02-26
21,9S151177,2107137,찬성,2021-02-26
21,XA42275R,2107137,찬성,2021-02-26
21,GKD32201,2107250,찬성,2021-01-08
21,71J2365L,2107250,찬성,2021-01-08
21,2N793392,2107250,찬성,2021-01-08
21,WJL30106,2107250,찬성,2021-01-08
21,4L695580,2107250,찬성,2021-01-08
21,2385336L,2107250,찬성,2021-01-08
21,PAO22428,2107250,찬성,2021-01-08
21,VG24001G,2107250,찬성,2021-01-08
21,I434361W,2107250,기권,2021-01-08
21,8SV6917G,2107250,불참,2021-01-08
21,GX22581L,2107250,찬성,2021-01-08
21,Q9H5708M,2107250,찬성,2021-01-08
21,CI15627C,2107250,찬성,2021-01-08
21,21N57758,2107250,찬성,2021-01-08
21,FDC3144T,2107250,찬성,2021-01-08
21,S741317G,2107250,찬성,2021-01-08
21,JNL7001A,2107250,찬성,2021-01-08
21,L7T64271,2107250,찬성,2021-01-08
21,4X525582,2107250,찬성,2021-01-08
21,G7512472,2107250,찬성,2021-01-08
21,3TO11703,2107250,찬성,2021-01-08
21,CCU1009B,2107250,찬성,2021-01-08
21,MU69217P,2107250,찬성,2021-01-08
21,66W6739S,2107250,찬성,2021-01-08
21,LM13674V,2107250,찬성,2021-01-08
21,QD25323M,2107250,찬성,2021-01-08
21,DAY6557K,2107250,찬성,2021-01-08
21,GP07421U,2107250,찬성,2021-01-08
21,FGI27280,2107250,찬성,2021-01-08
21,4XG1439M,2107250,찬성,2021-01-08
21,P2N50879,2107250,찬성,2021-01-08
21,A0P4646G,2107250,찬성,2021-01-08
21,A2V51235,2107250,찬성,2021-01-08
21,7I09543O,2107250,찬성,2021-01-08
21,1X376850,2107250,찬성,2021-01-08
21,3DK8989T,2107250,찬성,2021-01-08
21,7469929V,2107250,찬성,2021-01-08
21,D4L60530,2107250,찬성,2021-01-08
21,M6H1705E,2107250,찬성,2021-01-08
21,OFE45081,2107250,찬성,2021-01-08
21,NTT8182Q,2107250,찬성,2021-01-08
21,A3H7195R,2107250,찬성,2021-01-08
21,ZYH1940A,2107250,불참,2021-01-08
21,0VU8517U,2107250,찬성,2021-01-08
21,M0A1658U,2107250,찬성,2021-01-08
21,HSW1214Q,2107250,불참,2021-01-08
21,NZF1659U,2107250,찬성,2021-01-08
21,WDS6044S,2107250,찬성,2021-01-08
21,3BC6890E,2107250,찬성,2021-01-08
21,ZDR63255,2107250,찬성,2021-01-08
21,KR14136C,2107250,찬성,2021-01-08
21,SRP7336N,2107250,찬성,2021-01-08
21,5765663F,2107250,불참,2021-01-08
21,GFF1986K,2107250,찬성,2021-01-08
21,5KV96424,2107250,찬성,2021-01-08
21,KNM3215T,2107250,찬성,2021-01-08
21,M7T9712V,2107250,찬성,2021-01-08
21,60490713,2107250,찬성,2021-01-08
21,UM51067K,2107250,찬성,2021-01-08
21,HKJ99607,2107250,찬성,2021-01-08
21,1WE5693J,2107250,찬성,2021-01-08
21,X3170462,2107250,기권,2021-01-08
21,MY318392,2107250,찬성,2021-01-08
21,8FB1535Y,2107250,찬성,2021-01-08
21,4T026790,2107250,찬성,2021-01-08
21,EH27538E,2107250,찬성,2021-01-08
21,WFU14784,2107250,불참,2021-01-08
21,SU53086M,2107250,찬성,2021-01-08
21,0WL9321T,2107250,찬성,2021-01-08
21,MR210505,2107250,기권,2021-01-08
21,GF286398,2107250,찬성,2021-01-08
21,8348421R,2107250,불참,2021-01-08
21,H5476989,2107250,찬성,2021-01-08
21,JQA21112,2107250,찬성,2021-01-08
21,40E3739H,2107250,찬성,2021-01-08
21,HXT76735,2107250,찬성,2021-01-08
21,RPN2293B,2107250,찬성,2021-01-08
21,0R68099X,2107250,찬성,2021-01-08
21,V429892C,2107250,찬성,2021-01-08
21,4A067125,2107250,불참,2021-01-08
21,IN328264,2107250,찬성,2021-01-08
21,XBT9550Q,2107250,찬성,2021-01-08
21,ZA54991S,2107250,찬성,2021-01-08
21,MO52543L,2107250,불참,2021-01-08
21,0827740Q,2107250,찬성,2021-01-08
21,0W194007,2107250,찬성,2021-01-08
21,X1K3667J,2107250,찬성,2021-01-08
21,WMG57662,2107250,불참,2021-01-08
21,NCP9875N,2107250,찬성,2021-01-08
21,I5I2468R,2107250,찬성,2021-01-08
21,WTR5885Y,2107250,찬성,2021-01-08
21,L5P27909,2107250,기권,2021-01-08
21,3425169D,2107250,찬성,2021-01-08
21,IOW1101J,2107250,찬성,2021-01-08
21,ICH23251,2107250,찬성,2021-01-08
21,25I8709Q,2107250,찬성,2021-01-08
21,OIA3741M,2107250,찬성,2021-01-08
21,6MO8786S,2107250,찬성,2021-01-08
21,XWX1513T,2107250,찬성,2021-01-08
21,CT85313K,2107250,찬성,2021-01-08
21,BLC8630L,2107250,찬성,2021-01-08
21,NQR1206Q,2107250,불참,2021-01-08
21,0767470D,2107250,찬성,2021-01-08
21,LG63087O,2107250,찬성,2021-01-08
21,NAL4555X,2107250,찬성,2021-01-08
21,OW53107J,2107250,찬성,2021-01-08
21,PEP6922S,2107250,찬성,2021-01-08
21,DAN6731C,2107250,찬성,2021-01-08
21,L2I9861C,2107250,찬성,2021-01-08
21,WCD5518S,2107250,찬성,2021-01-08
21,SVH3899R,2107250,찬성,2021-01-08
21,IOW8224X,2107250,찬성,2021-01-08
21,9JF4562W,2107250,찬성,2021-01-08
21,Y7K5946R,2107250,찬성,2021-01-08
21,Z7Y7827F,2107250,찬성,2021-01-08
21,ATB59635,2107250,찬성,2021-01-08
21,SBK1544B,2107250,찬성,2021-01-08
21,KUO3574J,2107250,찬성,2021-01-08
21,FU87526G,2107250,찬성,2021-01-08
21,S9U45255,2107250,불참,2021-01-08
21,8FC9697X,2107250,찬성,2021-01-08
21,QKO6165V,2107250,찬성,2021-01-08
21,GD131760,2107250,불참,2021-01-08
21,ZRF3039U,2107250,찬성,2021-01-08
21,V0O5343U,2107250,불참,2021-01-08
21,68P7228G,2107250,찬성,2021-01-08
21,XPP2564T,2107250,불참,2021-01-08
21,FRN1867O,2107250,찬성,2021-01-08
21,LQW3652K,2107250,기권,2021-01-08
21,PFG2137X,2107250,찬성,2021-01-08
21,UB114374,2107250,찬성,2021-01-08
21,GAV6441G,2107250,찬성,2021-01-08
21,0YT3774N,2107250,불참,2021-01-08
21,7JC3239L,2107250,기권,2021-01-08
21,40S1959J,2107250,찬성,2021-01-08
21,IL74008M,2107250,찬성,2021-01-08
21,8KF7223D,2107250,찬성,2021-01-08
21,8P37634C,2107250,찬성,2021-01-08
21,CNZ51556,2107250,찬성,2021-01-08
21,N4R2421C,2107250,불참,2021-01-08
21,3C23171A,2107250,찬성,2021-01-08
21,GDG1847Z,2107250,찬성,2021-01-08
21,P2N4585G,2107250,찬성,2021-01-08
21,LNR7932L,2107250,찬성,2021-01-08
21,O7R5461J,2107250,찬성,2021-01-08
21,TVF3669B,2107250,찬성,2021-01-08
21,JMY9959W,2107250,찬성,2021-01-08
21,7R156073,2107250,불참,2021-01-08
21,6AR6743G,2107250,찬성,2021-01-08
21,J2O8643H,2107250,찬성,2021-01-08
21,VCP96419,2107250,찬성,2021-01-08
21,6AU2417B,2107250,찬성,2021-01-08
21,8VJ8533R,2107250,찬성,2021-01-08
21,B7D7534L,2107250,찬성,2021-01-08
21,SE233396,2107250,찬성,2021-01-08
21,AFH96856,2107250,찬성,2021-01-08
21,52P3934K,2107250,찬성,2021-01-08
21,B7H6207C,2107250,찬성,2021-01-08
21,6399076T,2107250,찬성,2021-01-08
21,4U29186R,2107250,찬성,2021-01-08
21,F5Y4026Q,2107250,찬성,2021-01-08
21,WHV3448W,2107250,찬성,2021-01-08
21,1Y73132H,2107250,불참,2021-01-08
21,I0S53762,2107250,불참,2021-01-08
21,LH97552Q,2107250,찬성,2021-01-08
21,TKJ4800F,2107250,찬성,2021-01-08
21,O6D8329R,2107250,찬성,2021-01-08
21,04T3751T,2107250,찬성,2021-01-08
21,MSY7784L,2107250,불참,2021-01-08
21,EVH1507C,2107250,찬성,2021-01-08
21,K5F2023J,2107250,찬성,2021-01-08
21,N9X9673B,2107250,찬성,2021-01-08
21,5MD4184K,2107250,찬성,2021-01-08
21,TP066860,2107250,불참,2021-01-08
21,5K93695T,2107250,불참,2021-01-08
21,DPZ7685X,2107250,불참,2021-01-08
21,6U243644,2107250,기권,2021-01-08
21,E9R4507P,2107250,기권,2021-01-08
21,UHB5553T,2107250,찬성,2021-01-08
21,KFS1358P,2107250,찬성,2021-01-08
21,A494529E,2107250,찬성,2021-01-08
21,VRY5522V,2107250,찬성,2021-01-08
21,CAA7713A,2107250,찬성,2021-01-08
21,0PK7354M,2107250,찬성,2021-01-08
21,CZB4125D,2107250,찬성,2021-01-08
21,Z6R3959C,2107250,불참,2021-01-08
21,QUM8288K,2107250,찬성,2021-01-08
21,UGH6481E,2107250,찬성,2021-01-08
21,S824682L,2107250,찬성,2021-01-08
21,W4X85128,2107250,찬성,2021-01-08
21,CFE3998F,2107250,불참,2021-01-08
21,JZY9937U,2107250,찬성,2021-01-08
21,MRK4871S,2107250,찬성,2021-01-08
21,YKW37422,2107250,찬성,2021-01-08
21,2NV6751W,2107250,찬성,2021-01-08
21,BM63269Y,2107250,불참,2021-01-08
21,M7O7878U,2107250,찬성,2021-01-08
21,YLS4431M,2107250,찬성,2021-01-08
21,MNZ4401T,2107250,찬성,2021-01-08
21,3ZR4438W,2107250,불참,2021-01-08
21,HSS7466Y,2107250,찬성,2021-01-08
21,16D7652C,2107250,찬성,2021-01-08
21,KB04377U,2107250,불참,2021-01-08
21,FU53642G,2107250,찬성,2021-01-08
21,MLH1404S,2107250,찬성,2021-01-08
21,8VY63414,2107250,찬성,2021-01-08
21,XR24352K,2107250,찬성,2021-01-08
21,QQP4727N,2107250,찬성,2021-01-08
21,IUL4848V,2107250,찬성,2021-01-08
21,JEZ3130Q,2107250,찬성,2021-01-08
21,BCQ55105,2107250,찬성,2021-01-08
21,9L57027L,2107250,찬성,2021-01-08
21,GOC54665,2107250,찬성,2021-01-08
21,5UN9725L,2107250,찬성,2021-01-08
21,LJK4960Z,2107250,불참,2021-01-08
21,K3W33496,2107250,찬성,2021-01-08
21,M2Q9024I,2107250,불참,2021-01-08
21,DBA1057Z,2107250,불참,2021-01-08
21,C7E79345,2107250,찬성,2021-01-08
21,4019850M,2107250,찬성,2021-01-08
21,UQ282145,2107250,찬성,2021-01-08
21,TRE2429O,2107250,찬성,2021-01-08
21,E6U4345C,2107250,찬성,2021-01-08
21,7BM2933Y,2107250,찬성,2021-01-08
21,2UD1340H,2107250,찬성,2021-01-08
21,9VR65006,2107250,찬성,2021-01-08
21,EMC8812P,2107250,기권,2021-01-08
21,XJC13432,2107250,찬성,2021-01-08
21,T465023H,2107250,찬성,2021-01-08
21,3RW63706,2107250,찬성,2021-01-08
21,RQQ3807K,2107250,찬성,2021-01-08
21,FH777496,2107250,찬성,2021-01-08
21,FYI20317,2107250,찬성,2021-01-08
21,8X15119P,2107250,찬성,2021-01-08
21,ZYP7962W,2107250,불참,2021-01-08
21,CNW5754J,2107250,찬성,2021-01-08
21,GX38539O,2107250,찬성,2021-01-08
21,8Q88373R,2107250,찬성,2021-01-08
21,WVU2479T,2107250,찬성,2021-01-08
21,9D939735,2107250,찬성,2021-01-08
21,QTW6852F,2107250,찬성,2021-01-08
21,7XY7109I,2107250,찬성,2021-01-08
21,TST4507I,2107250,찬성,2021-01-08
21,JC14718Q,2107250,찬성,2021-01-08
21,5KV82250,2107250,불참,2021-01-08
21,L7J93733,2107250,찬성,2021-01-08
21,LT72093S,2107250,찬성,2021-01-08
21,GE71932C,2107250,찬성,2021-01-08
21,6YT83269,2107250,찬성,2021-01-08
21,1MU99298,2107250,찬성,2021-01-08
21,G152611B,2107250,찬성,2021-01-08
21,I7R13867,2107250,찬성,2021-01-08
21,SQ36001H,2107250,찬성,2021-01-08
21,9LD2641Q,2107250,찬성,2021-01-08
21,FOK3459D,2107250,찬성,2021-01-08
21,QUO78839,2107250,찬성,2021-01-08
21,BT62420K,2107250,찬성,2021-01-08
21,LPB30152,2107250,찬성,2021-01-08
21,MD083627,2107250,찬성,2021-01-08
21,TZP9391O,2107250,찬성,2021-01-08
21,6V37131U,2107250,찬성,2021-01-08
21,B7R2742J,2107250,찬성,2021-01-08
21,FJK3396E,2107250,찬성,2021-01-08
21,ZDP5704Q,2107250,찬성,2021-01-08
21,7O71647Z,2107250,찬성,2021-01-08
21,W1Q6753M,2107250,찬성,2021-01-08
21,MHK9919B,2107250,찬성,2021-01-08
21,E1J8836Y,2107250,찬성,2021-01-08
21,RD42006Y,2107250,찬성,2021-01-08
21,6EN68926,2107250,찬성,2021-01-08
21,1BX7234U,2107250,찬성,2021-01-08
21,QHL3248U,2107250,찬성,2021-01-08
21,AE685067,2107250,찬성,2021-01-08
21,9S151177,2107250,찬성,2021-01-08
21,TZ228122,2107250,찬성,2021-01-08
21,9V18755A,2107250,찬성,2021-01-08
21,PO64874I,2107250,찬성,2021-01-08
21,USR7059P,2107250,찬성,2021-01-08
21,XA42275R,2107250,찬성,2021-01-08
21,ZKU88693,2107250,찬성,2021-01-08
21,PZA4062H,2107250,찬성,2021-01-08
21,D6U6678O,2107250,찬성,2021-01-08
21,P0F1530P,2107250,불참,2021-01-08
21,RO593601,2107250,찬성,2021-01-08
21,14M56632,2107250,불참,2021-01-08
21,J9S37905,2107250,찬성,2021-01-08
21,O0I2045I,2107250,찬성,2021-01-08
21,9YO73104,2107250,찬성,2021-01-08
21,CDL93608,2107250,찬성,2021-01-08
21,X7I4680R,2107250,불참,2021-01-08
21,D0C85236,2107250,찬성,2021-01-08
21,XSP20229,2107250,찬성,2021-01-08
21,3249208I,2107250,찬성,2021-01-08
21,XEF29171,2107250,찬성,2021-01-08
21,DAV7257X,2107250,찬성,2021-01-08
21,17M85910,2107250,찬성,2021-01-08
21,G1570880,2107250,찬성,2021-01-08
21,OSV9142K,2107250,찬성,2021-01-08
21,TJW93720,2107250,찬성,2021-01-08
21,09I2323E,2107250,찬성,2021-01-08
21,66W6739S,2124625,찬성,2023-10-06
21,ZDP5704Q,2124625,찬성,2023-10-06
21,7469929V,2124625,불참,2023-10-06
21,M7T9712V,2124625,찬성,2023-10-06
21,1WE5693J,2124625,찬성,2023-10-06
21,8FB1535Y,2124625,찬성,2023-10-06
21,MR210505,2124625,불참,2023-10-06
21,ZA54991S,2124625,찬성,2023-10-06
21,CT85313K,2124625,찬성,2023-10-06
21,KUO3574J,2124625,찬성,2023-10-06
21,8FC9697X,2124625,찬성,2023-10-06
21,ZRF3039U,2124625,찬성,2023-10-06
21,8KF7223D,2124625,찬성,2023-10-06
21,O6D8329R,2124625,찬성,2023-10-06
21,N9X9673B,2124625,찬성,2023-10-06
21,CAA7713A,2124625,찬성,2023-10-06
21,YKW37422,2124625,찬성,2023-10-06
21,MLH1404S,2124625,찬성,2023-10-06
21,DBA1057Z,2124625,찬성,2023-10-06
21,T465023H,2124625,찬성,2023-10-06
21,CNW5754J,2124625,찬성,2023-10-06
21,8Q88373R,2124625,찬성,2023-10-06
21,FDC3144T,2124625,찬성,2023-10-06
21,OSV9142K,2124625,찬성,2023-10-06
21,B7R2742J,2124625,찬성,2023-10-06
21,A2V51235,2124625,찬성,2023-10-06
21,F5U2979W,2124625,찬성,2023-10-06
21,YOG1280B,2124625,찬성,2023-10-06
21,FIC9046Z,2124625,찬성,2023-10-06
21,DWK26447,2124625,찬성,2023-10-06
21,NUB4941Z,2124625,찬성,2023-10-06
21,KFM1081G,2124625,찬성,2023-10-06
21,NLR6572J,2124625,찬성,2023-10-06
21,L7T64271,2124625,찬성,2023-10-06
21,GKD32201,2124625,불참,2023-10-06
21,G7512472,2124625,찬성,2023-10-06
21,3TO11703,2124625,찬성,2023-10-06
21,S741317G,2124625,찬성,2023-10-06
21,CCU1009B,2124625,찬성,2023-10-06
21,MU69217P,2124625,불참,2023-10-06
21,2N793392,2124625,찬성,2023-10-06
21,LM13674V,2124625,찬성,2023-10-06
21,QD25323M,2124625,찬성,2023-10-06
21,DAY6557K,2124625,찬성,2023-10-06
21,GP07421U,2124625,찬성,2023-10-06
21,FGI27280,2124625,찬성,2023-10-06
21,USR7059P,2124625,기권,2023-10-06
21,4XG1439M,2124625,찬성,2023-10-06
21,P2N50879,2124625,찬성,2023-10-06
21,A0P4646G,2124625,찬성,2023-10-06
21,7I09543O,2124625,찬성,2023-10-06
21,3DK8989T,2124625,찬성,2023-10-06
21,D4L60530,2124625,찬성,2023-10-06
21,M6H1705E,2124625,찬성,2023-10-06
21,OFE45081,2124625,찬성,2023-10-06
21,09I2323E,2124625,찬성,2023-10-06
21,NTT8182Q,2124625,찬성,2023-10-06
21,A3H7195R,2124625,불참,2023-10-06
21,ZYH1940A,2124625,찬성,2023-10-06
21,0VU8517U,2124625,찬성,2023-10-06
21,M0A1658U,2124625,찬성,2023-10-06
21,HSW1214Q,2124625,찬성,2023-10-06
21,NZF1659U,2124625,찬성,2023-10-06
21,WDS6044S,2124625,찬성,2023-10-06
21,3BC6890E,2124625,찬성,2023-10-06
21,ZDR63255,2124625,찬성,2023-10-06
21,KR14136C,2124625,찬성,2023-10-06
21,SRP7336N,2124625,불참,2023-10-06
21,5765663F,2124625,찬성,2023-10-06
21,GFF1986K,2124625,찬성,2023-10-06
21,ZKU88693,2124625,불참,2023-10-06
21,WJL30106,2124625,불참,2023-10-06
21,5KV96424,2124625,찬성,2023-10-06
21,KNM3215T,2124625,찬성,2023-10-06
21,60490713,2124625,찬성,2023-10-06
21,UM51067K,2124625,찬성,2023-10-06
21,HKJ99607,2124625,기권,2023-10-06
21,X3170462,2124625,불참,2023-10-06
21,MY318392,2124625,찬성,2023-10-06
21,4T026790,2124625,찬성,2023-10-06
21,EH27538E,2124625,찬성,2023-10-06
21,WFU14784,2124625,찬성,2023-10-06
21,SU53086M,2124625,찬성,2023-10-06
21,0WL9321T,2124625,기권,2023-10-06
21,PZA4062H,2124625,찬성,2023-10-06
21,GF286398,2124625,찬성,2023-10-06
21,8348421R,2124625,찬성,2023-10-06
21,H5476989,2124625,찬성,2023-10-06
21,JQA21112,2124625,불참,2023-10-06
21,4L695580,2124625,찬성,2023-10-06
21,40E3739H,2124625,찬성,2023-10-06
21,6FS10566,2124625,찬성,2023-10-06
21,HXT76735,2124625,찬성,2023-10-06
21,RPN2293B,2124625,불참,2023-10-06
21,0R68099X,2124625,찬성,2023-10-06
21,6RM29022,2124625,찬성,2023-10-06
21,MQU41854,2124625,불참,2023-10-06
21,V429892C,2124625,찬성,2023-10-06
21,2385336L,2124625,찬성,2023-10-06
21,IN328264,2124625,찬성,2023-10-06
21,XBT9550Q,2124625,찬성,2023-10-06
21,MO52543L,2124625,찬성,2023-10-06
21,0827740Q,2124625,찬성,2023-10-06
21,0W194007,2124625,찬성,2023-10-06
21,X1K3667J,2124625,찬성,2023-10-06
21,WMG57662,2124625,찬성,2023-10-06
21,NCP9875N,2124625,찬성,2023-10-06
21,I5I2468R,2124625,찬성,2023-10-06
21,WTR5885Y,2124625,찬성,2023-10-06
21,3425169D,2124625,찬성,2023-10-06
21,IOW1101J,2124625,찬성,2023-10-06
21,25I8709Q,2124625,찬성,2023-10-06
21,OIA3741M,2124625,찬성,2023-10-06
21,6MO8786S,2124625,찬성,2023-10-06
21,XWX1513T,2124625,찬성,2023-10-06
21,BLC8630L,2124625,찬성,2023-10-06
21,NQR1206Q,2124625,찬성,2023-10-06
21,LG63087O,2124625,찬성,2023-10-06
21,OW53107J,2124625,찬성,2023-10-06
21,PEP6922S,2124625,찬성,2023-10-06
21,DAN6731C,2124625,찬성,2023-10-06
21,VG24001G,2124625,찬성,2023-10-06
21,L2I9861C,2124625,찬성,2023-10-06
21,WCD5518S,2124625,찬성,2023-10-06
21,SVH3899R,2124625,찬성,2023-10-06
21,IOW8224X,2124625,찬성,2023-10-06
21,9JF4562W,2124625,찬성,2023-10-06
21,Y7K5946R,2124625,찬성,2023-10-06
21,Z7Y7827F,2124625,찬성,2023-10-06
21,ATB59635,2124625,찬성,2023-10-06
21,D6U6678O,2124625,찬성,2023-10-06
21,FU87526G,2124625,찬성,2023-10-06
21,S9U45255,2124625,찬성,2023-10-06
21,8SV6917G,2124625,찬성,2023-10-06
21,QKO6165V,2124625,불참,2023-10-06
21,GD131760,2124625,찬성,2023-10-06
21,V0O5343U,2124625,찬성,2023-10-06
21,68P7228G,2124625,찬성,2023-10-06
21,P0F1530P,2124625,불참,2023-10-06
21,XPP2564T,2124625,찬성,2023-10-06
21,FRN1867O,2124625,찬성,2023-10-06
21,LQW3652K,2124625,기권,2023-10-06
21,RO593601,2124625,찬성,2023-10-06
21,PFG2137X,2124625,찬성,2023-10-06
21,UB114374,2124625,찬성,2023-10-06
21,GAV6441G,2124625,찬성,2023-10-06
21,0YT3774N,2124625,찬성,2023-10-06
21,7JC3239L,2124625,불참,2023-10-06
21,40S1959J,2124625,찬성,2023-10-06
21,IL74008M,2124625,찬성,2023-10-06
21,8P37634C,2124625,찬성,2023-10-06
21,CNZ51556,2124625,불참,2023-10-06
21,N4R2421C,2124625,불참,2023-10-06
21,3C23171A,2124625,찬성,2023-10-06
21,GDG1847Z,2124625,찬성,2023-10-06
21,P2N4585G,2124625,찬성,2023-10-06
21,JMY9959W,2124625,불참,2023-10-06
21,7R156073,2124625,불참,2023-10-06
21,6AR6743G,2124625,찬성,2023-10-06
21,J2O8643H,2124625,불참,2023-10-06
21,VCP96419,2124625,불참,2023-10-06
21,6AU2417B,2124625,찬성,2023-10-06
21,8VJ8533R,2124625,찬성,2023-10-06
21,B7D7534L,2124625,찬성,2023-10-06
21,GX22581L,2124625,불참,2023-10-06
21,SE233396,2124625,기권,2023-10-06
21,AFH96856,2124625,불참,2023-10-06
21,52P3934K,2124625,찬성,2023-10-06
21,B7H6207C,2124625,찬성,2023-10-06
21,6399076T,2124625,찬성,2023-10-06
21,4U29186R,2124625,찬성,2023-10-06
21,F5Y4026Q,2124625,찬성,2023-10-06
21,WHV3448W,2124625,찬성,2023-10-06
21,6RD62559,2124625,찬성,2023-10-06
21,1Y73132H,2124625,찬성,2023-10-06
21,I0S53762,2124625,불참,2023-10-06
21,LH97552Q,2124625,찬성,2023-10-06
21,TKJ4800F,2124625,찬성,2023-10-06
21,04T3751T,2124625,찬성,2023-10-06
21,MSY7784L,2124625,찬성,2023-10-06
21,EVH1507C,2124625,찬성,2023-10-06
21,K5F2023J,2124625,찬성,2023-10-06
21,14M56632,2124625,찬성,2023-10-06
21,5MD4184K,2124625,불참,2023-10-06
21,5K93695T,2124625,찬성,2023-10-06
21,DPZ7685X,2124625,불참,2023-10-06
21,6U243644,2124625,찬성,2023-10-06
21,E9R4507P,2124625,찬성,2023-10-06
21,UHB5553T,2124625,찬성,2023-10-06
21,J9S37905,2124625,찬성,2023-10-06
21,A494529E,2124625,불참,2023-10-06
21,VRY5522V,2124625,찬성,2023-10-06
21,0PK7354M,2124625,찬성,2023-10-06
21,O0I2045I,2124625,찬성,2023-10-06
21,Z6R3959C,2124625,불참,2023-10-06
21,QUM8288K,2124625,불참,2023-10-06
21,UGH6481E,2124625,찬성,2023-10-06
21,S824682L,2124625,찬성,2023-10-06
21,W4X85128,2124625,찬성,2023-10-06
21,Q9H5708M,2124625,불참,2023-10-06
21,JZY9937U,2124625,찬성,2023-10-06
21,MRK4871S,2124625,불참,2023-10-06
21,2NV6751W,2124625,찬성,2023-10-06
21,BM63269Y,2124625,찬성,2023-10-06
21,M7O7878U,2124625,찬성,2023-10-06
21,YLS4431M,2124625,찬성,2023-10-06
21,MNZ4401T,2124625,찬성,2023-10-06
21,3ZR4438W,2124625,찬성,2023-10-06
21,HSS7466Y,2124625,찬성,2023-10-06
21,16D7652C,2124625,찬성,2023-10-06
21,KB04377U,2124625,불참,2023-10-06
21,FU53642G,2124625,찬성,2023-10-06
21,8VY63414,2124625,찬성,2023-10-06
21,QQP4727N,2124625,불참,2023-10-06
21,JEZ3130Q,2124625,찬성,2023-10-06
21,BCQ55105,2124625,찬성,2023-10-06
21,9L57027L,2124625,찬성,2023-10-06
21,GOC54665,2124625,찬성,2023-10-06
21,5UN9725L,2124625,찬성,2023-10-06
21,LJK4960Z,2124625,찬성,2023-10-06
21,IUD9392R,2124625,불참,2023-10-06
21,K3W33496,2124625,불참,2023-10-06
21,NCO99988,2124625,찬성,2023-10-06
21,M2Q9024I,2124625,찬성,2023-10-06
21,CI15627C,2124625,찬성,2023-10-06
21,C7E79345,2124625,찬성,2023-10-06
21,UQ282145,2124625,찬성,2023-10-06
21,9YO73104,2124625,찬성,2023-10-06
21,TRE2429O,2124625,찬성,2023-10-06
21,E6U4345C,2124625,찬성,2023-10-06
21,7BM2933Y,2124625,찬성,2023-10-06
21,CDL93608,2124625,불참,2023-10-06
21,2UD1340H,2124625,찬성,2023-10-06
21,9VR65006,2124625,불참,2023-10-06
21,X7I4680R,2124625,불참,2023-10-06
21,EMC8812P,2124625,찬성,2023-10-06
21,XJC13432,2124625,찬성,2023-10-06
21,XSP20229,2124625,찬성,2023-10-06
21,3RW63706,2124625,불참,2023-10-06
21,RQQ3807K,2124625,찬성,2023-10-06
21,FH777496,2124625,찬성,2023-10-06
21,FYI20317,2124625,찬성,2023-10-06
21,8X15119P,2124625,찬성,2023-10-06
21,ZYP7962W,2124625,찬성,2023-10-06
21,3249208I,2124625,찬성,2023-10-06
21,GX38539O,2124625,찬성,2023-10-06
21,XEF29171,2124625,찬성,2023-10-06
21,WVU2479T,2124625,찬성,2023-10-06
21,9D939735,2124625,불참,2023-10-06
21,QTW6852F,2124625,찬성,2023-10-06
21,7XY7109I,2124625,불참,2023-10-06
21,TST4507I,2124625,찬성,2023-10-06
21,JC14718Q,2124625,찬성,2023-10-06
21,5KV82250,2124625,찬성,2023-10-06
21,L7J93733,2124625,찬성,2023-10-06
21,DAV7257X,2124625,찬성,2023-10-06
21,LT72093S,2124625,찬성,2023-10-06
21,GE71932C,2124625,불참,2023-10-06
21,6YT83269,2124625,불참,2023-10-06
21,1MU99298,2124625,찬성,2023-10-06
21,17M85910,2124625,찬성,2023-10-06
21,G152611B,2124625,불참,2023-10-06
21,I7R13867,2124625,찬성,2023-10-06
21,SQ36001H,2124625,찬성,2023-10-06
21,G1570880,2124625,찬성,2023-10-06
21,9LD2641Q,2124625,찬성,2023-10-06
21,FOK3459D,2124625,찬성,2023-10-06
21,QUO78839,2124625,찬성,2023-10-06
21,BT62420K,2124625,찬성,2023-10-06
21,LPB30152,2124625,찬성,2023-10-06
21,MD083627,2124625,찬성,2023-10-06
21,TZP9391O,2124625,불참,2023-10-06
21,6V37131U,2124625,찬성,2023-10-06
21,FJK3396E,2124625,찬성,2023-10-06
21,71J2365L,2124625,찬성,2023-10-06
21,7O71647Z,2124625,찬성,2023-10-06
21,W1Q6753M,2124625,찬성,2023-10-06
21,E1J8836Y,2124625,찬성,2023-10-06
21,RD42006Y,2124625,찬성,2023-10-06
21,6EN68926,2124625,불참,2023-10-06
21,1BX7234U,2124625,찬성,2023-10-06
21,QHL3248U,2124625,찬성,2023-10-06
21,TJW93720,2124625,찬성,2023-10-06
21,9S151177,2124625,불참,2023-10-06
21,TZ228122,2124625,찬성,2023-10-06
21,9V18755A,2124625,찬성,2023-10-06
21,XA42275R,2124625,찬성,2023-10-06
21,PO64874I,2124625,찬성,2023-10-06
21,LBC8144B,2124625,찬성,2023-10-06
21,VHK3402G,2124625,찬성,2023-10-06
21,YTA7297R,2124625,불참,2023-10-06
21,4X525582,2124625,불참,2023-10-06
21,JVB6983V,2124625,찬성,2023-10-06
21,4019850M,2124625,찬성,2023-10-06
21,KFS1358P,2124625,찬성,2023-10-06
21,CZB4125D,2124625,찬성,2023-10-06
21,XR24352K,2124625,찬성,2023-10-06
21,O7R5461J,2124625,불참,2023-10-06
21,FIC9046Z,2112204,찬성,2021-08-31
21,JNL7001A,2112204,불참,2021-08-31
21,L7T64271,2112204,찬성,2021-08-31
21,4X525582,2112204,반대,2021-08-31
21,GKD32201,2112204,찬성,2021-08-31
21,G7512472,2112204,찬성,2021-08-31
21,S741317G,2112204,반대,2021-08-31
21,CCU1009B,2112204,찬성,2021-08-31
21,MU69217P,2112204,불참,2021-08-31
21,2N793392,2112204,찬성,2021-08-31
21,LM13674V,2112204,불참,2021-08-31
21,QD25323M,2112204,찬성,2021-08-31
21,DAY6557K,2112204,반대,2021-08-31
21,GP07421U,2112204,불참,2021-08-31
21,FGI27280,2112204,반대,2021-08-31
21,4XG1439M,2112204,불참,2021-08-31
21,A0P4646G,2112204,불참,2021-08-31
21,7I09543O,2112204,찬성,2021-08-31
21,3DK8989T,2112204,반대,2021-08-31
21,7469929V,2112204,반대,2021-08-31
21,D4L60530,2112204,찬성,2021-08-31
21,M6H1705E,2112204,불참,2021-08-31
21,OFE45081,2112204,불참,2021-08-31
21,09I2323E,2112204,불참,2021-08-31
21,A3H7195R,2112204,찬성,2021-08-31
21,ZYH1940A,2112204,불참,2021-08-31
21,0VU8517U,2112204,불참,2021-08-31
21,M0A1658U,2112204,찬성,2021-08-31
21,HSW1214Q,2112204,반대,2021-08-31
21,NZF1659U,2112204,반대,2021-08-31
21,WDS6044S,2112204,반대,2021-08-31
21,3BC6890E,2112204,불참,2021-08-31
21,ZDR63255,2112204,찬성,2021-08-31
21,KR14136C,2112204,찬성,2021-08-31
21,SRP7336N,2112204,반대,2021-08-31
21,5765663F,2112204,찬성,2021-08-31
21,GFF1986K,2112204,찬성,2021-08-31
21,WJL30106,2112204,불참,2021-08-31
21,5KV96424,2112204,찬성,2021-08-31
21,KNM3215T,2112204,찬성,2021-08-31
21,M7T9712V,2112204,불참,2021-08-31
21,60490713,2112204,찬성,2021-08-31
21,UM51067K,2112204,찬성,2021-08-31
21,HKJ99607,2112204,불참,2021-08-31
21,1WE5693J,2112204,불참,2021-08-31
21,X3170462,2112204,반대,2021-08-31
21,MY318392,2112204,불참,2021-08-31
21,4T026790,2112204,찬성,2021-08-31
21,EH27538E,2112204,반대,2021-08-31
21,WFU14784,2112204,반대,2021-08-31
21,SU53086M,2112204,찬성,2021-08-31
21,GF286398,2112204,불참,2021-08-31
21,8348421R,2112204,반대,2021-08-31
21,H5476989,2112204,찬성,2021-08-31
21,JQA21112,2112204,반대,2021-08-31
21,4L695580,2112204,찬성,2021-08-31
21,40E3739H,2112204,반대,2021-08-31
21,HXT76735,2112204,찬성,2021-08-31
21,RPN2293B,2112204,찬성,2021-08-31
21,0R68099X,2112204,찬성,2021-08-31
21,V429892C,2112204,찬성,2021-08-31
21,4A067125,2112204,불참,2021-08-31
21,2385336L,2112204,찬성,2021-08-31
21,XBT9550Q,2112204,찬성,2021-08-31
21,ZA54991S,2112204,불참,2021-08-31
21,MO52543L,2112204,불참,2021-08-31
21,0827740Q,2112204,찬성,2021-08-31
21,0W194007,2112204,찬성,2021-08-31
21,X1K3667J,2112204,불참,2021-08-31
21,I5I2468R,2112204,찬성,2021-08-31
21,WTR5885Y,2112204,찬성,2021-08-31
21,L5P27909,2112204,반대,2021-08-31
21,IOW1101J,2112204,반대,2021-08-31
21,ICH23251,2112204,불참,2021-08-31
21,25I8709Q,2112204,찬성,2021-08-31
21,OIA3741M,2112204,불참,2021-08-31
21,6MO8786S,2112204,불참,2021-08-31
21,XWX1513T,2112204,불참,2021-08-31
21,CT85313K,2112204,불참,2021-08-31
21,PAO22428,2112204,찬성,2021-08-31
21,BLC8630L,2112204,불참,2021-08-31
21,NQR1206Q,2112204,찬성,2021-08-31
21,0767470D,2112204,불참,2021-08-31
21,LG63087O,2112204,불참,2021-08-31
21,NAL4555X,2112204,불참,2021-08-31
21,PEP6922S,2112204,불참,2021-08-31
21,WCD5518S,2112204,찬성,2021-08-31
21,SVH3899R,2112204,반대,2021-08-31
21,IOW8224X,2112204,불참,2021-08-31
21,Y7K5946R,2112204,반대,2021-08-31
21,Z7Y7827F,2112204,찬성,2021-08-31
21,SBK1544B,2112204,반대,2021-08-31
21,D6U6678O,2112204,찬성,2021-08-31
21,FU87526G,2112204,불참,2021-08-31
21,S9U45255,2112204,반대,2021-08-31
21,8FC9697X,2112204,찬성,2021-08-31
21,QKO6165V,2112204,불참,2021-08-31
21,ZRF3039U,2112204,반대,2021-08-31
21,V0O5343U,2112204,불참,2021-08-31
21,68P7228G,2112204,불참,2021-08-31
21,P0F1530P,2112204,불참,2021-08-31
21,XPP2564T,2112204,불참,2021-08-31
21,FRN1867O,2112204,불참,2021-08-31
21,LQW3652K,2112204,반대,2021-08-31
21,RO593601,2112204,불참,2021-08-31
21,UB114374,2112204,불참,2021-08-31
21,GAV6441G,2112204,찬성,2021-08-31
21,0YT3774N,2112204,불참,2021-08-31
21,7JC3239L,2112204,반대,2021-08-31
21,IL74008M,2112204,불참,2021-08-31
21,8P37634C,2112204,찬성,2021-08-31
21,CNZ51556,2112204,불참,2021-08-31
21,N4R2421C,2112204,불참,2021-08-31
21,GDG1847Z,2112204,불참,2021-08-31
21,P2N4585G,2112204,찬성,2021-08-31
21,O7R5461J,2112204,불참,2021-08-31
21,TVF3669B,2112204,반대,2021-08-31
21,JMY9959W,2112204,찬성,2021-08-31
21,7R156073,2112204,불참,2021-08-31
21,6AR6743G,2112204,반대,2021-08-31
21,J2O8643H,2112204,찬성,2021-08-31
21,VCP96419,2112204,찬성,2021-08-31
21,6AU2417B,2112204,찬성,2021-08-31
21,8VJ8533R,2112204,기권,2021-08-31
21,B7D7534L,2112204,찬성,2021-08-31
21,SE233396,2112204,찬성,2021-08-31
21,AFH96856,2112204,찬성,2021-08-31
21,52P3934K,2112204,반대,2021-08-31
21,6399076T,2112204,찬성,2021-08-31
21,4U29186R,2112204,찬성,2021-08-31
21,F5Y4026Q,2112204,불참,2021-08-31
21,WHV3448W,2112204,찬성,2021-08-31
21,I0S53762,2112204,불참,2021-08-31
21,LH97552Q,2112204,반대,2021-08-31
21,TKJ4800F,2112204,불참,2021-08-31
21,O6D8329R,2112204,찬성,2021-08-31
21,MSY7784L,2112204,불참,2021-08-31
21,EVH1507C,2112204,반대,2021-08-31
21,K5F2023J,2112204,찬성,2021-08-31
21,14M56632,2112204,반대,2021-08-31
21,N9X9673B,2112204,찬성,2021-08-31
21,5MD4184K,2112204,찬성,2021-08-31
21,5K93695T,2112204,반대,2021-08-31
21,6U243644,2112204,반대,2021-08-31
21,E9R4507P,2112204,반대,2021-08-31
21,UHB5553T,2112204,찬성,2021-08-31
21,KFS1358P,2112204,찬성,2021-08-31
21,J9S37905,2112204,불참,2021-08-31
21,A494529E,2112204,찬성,2021-08-31
21,VRY5522V,2112204,찬성,2021-08-31
21,0PK7354M,2112204,찬성,2021-08-31
21,Z6R3959C,2112204,반대,2021-08-31
21,UGH6481E,2112204,찬성,2021-08-31
21,S824682L,2112204,찬성,2021-08-31
21,Q9H5708M,2112204,찬성,2021-08-31
21,CFE3998F,2112204,불참,2021-08-31
21,JZY9937U,2112204,찬성,2021-08-31
21,MRK4871S,2112204,반대,2021-08-31
21,YKW37422,2112204,불참,2021-08-31
21,2NV6751W,2112204,불참,2021-08-31
21,BM63269Y,2112204,불참,2021-08-31
21,M7O7878U,2112204,불참,2021-08-31
21,YLS4431M,2112204,반대,2021-08-31
21,MNZ4401T,2112204,찬성,2021-08-31
21,3ZR4438W,2112204,불참,2021-08-31
21,16D7652C,2112204,불참,2021-08-31
21,KB04377U,2112204,불참,2021-08-31
21,MLH1404S,2112204,찬성,2021-08-31
21,8VY63414,2112204,반대,2021-08-31
21,XR24352K,2112204,찬성,2021-08-31
21,QQP4727N,2112204,반대,2021-08-31
21,IUL4848V,2112204,불참,2021-08-31
21,JEZ3130Q,2112204,불참,2021-08-31
21,BCQ55105,2112204,찬성,2021-08-31
21,9L57027L,2112204,반대,2021-08-31
21,GOC54665,2112204,찬성,2021-08-31
21,LJK4960Z,2112204,반대,2021-08-31
21,M2Q9024I,2112204,불참,2021-08-31
21,DBA1057Z,2112204,불참,2021-08-31
21,CI15627C,2112204,불참,2021-08-31
21,C7E79345,2112204,불참,2021-08-31
21,4019850M,2112204,찬성,2021-08-31
21,UQ282145,2112204,불참,2021-08-31
21,9YO73104,2112204,불참,2021-08-31
21,TRE2429O,2112204,불참,2021-08-31
21,E6U4345C,2112204,불참,2021-08-31
21,7BM2933Y,2112204,찬성,2021-08-31
21,CDL93608,2112204,찬성,2021-08-31
21,2UD1340H,2112204,찬성,2021-08-31
21,9VR65006,2112204,불참,2021-08-31
21,X7I4680R,2112204,반대,2021-08-31
21,XJC13432,2112204,반대,2021-08-31
21,D0C85236,2112204,반대,2021-08-31
21,XSP20229,2112204,찬성,2021-08-31
21,T465023H,2112204,찬성,2021-08-31
21,3RW63706,2112204,불참,2021-08-31
21,RQQ3807K,2112204,찬성,2021-08-31
21,FH777496,2112204,찬성,2021-08-31
21,FYI20317,2112204,찬성,2021-08-31
21,8X15119P,2112204,불참,2021-08-31
21,ZYP7962W,2112204,반대,2021-08-31
21,CNW5754J,2112204,반대,2021-08-31
21,GX38539O,2112204,찬성,2021-08-31
21,8Q88373R,2112204,찬성,2021-08-31
21,9D939735,2112204,반대,2021-08-31
21,QTW6852F,2112204,기권,2021-08-31
21,TST4507I,2112204,찬성,2021-08-31
21,JC14718Q,2112204,찬성,2021-08-31
21,5KV82250,2112204,반대,2021-08-31
21,L7J93733,2112204,반대,2021-08-31
21,LT72093S,2112204,찬성,2021-08-31
21,GE71932C,2112204,기권,2021-08-31
21,6YT83269,2112204,불참,2021-08-31
21,1MU99298,2112204,찬성,2021-08-31
21,FDC3144T,2112204,반대,2021-08-31
21,17M85910,2112204,찬성,2021-08-31
21,G152611B,2112204,반대,2021-08-31
21,I7R13867,2112204,찬성,2021-08-31
21,9LD2641Q,2112204,찬성,2021-08-31
21,FOK3459D,2112204,찬성,2021-08-31
21,QUO78839,2112204,찬성,2021-08-31
21,BT62420K,2112204,찬성,2021-08-31
21,6V37131U,2112204,찬성,2021-08-31
21,OSV9142K,2112204,반대,2021-08-31
21,FJK3396E,2112204,불참,2021-08-31
21,71J2365L,2112204,반대,2021-08-31
21,7O71647Z,2112204,찬성,2021-08-31
21,W1Q6753M,2112204,찬성,2021-08-31
21,MHK9919B,2112204,반대,2021-08-31
21,RD42006Y,2112204,불참,2021-08-31
21,1BX7234U,2112204,찬성,2021-08-31
21,QHL3248U,2112204,불참,2021-08-31
21,AE685067,2112204,찬성,2021-08-31
21,TJW93720,2112204,찬성,2021-08-31
21,9S151177,2112204,불참,2021-08-31
21,TZ228122,2112204,찬성,2021-08-31
21,9V18755A,2112204,찬성,2021-08-31
21,XA42275R,2112204,찬성,2021-08-31
21,PO64874I,2112204,찬성,2021-08-31
21,3TO11703,2112204,찬성,2021-08-31
21,6EN68926,2112204,불참,2021-08-31
21,USR7059P,2112204,반대,2021-08-31
21,P2N50879,2112204,찬성,2021-08-31
21,A2V51235,2112204,찬성,2021-08-31
21,1X376850,2112204,반대,2021-08-31
21,NTT8182Q,2112204,찬성,2021-08-31
21,ZKU88693,2112204,찬성,2021-08-31
21,8FB1535Y,2112204,찬성,2021-08-31
21,0WL9321T,2112204,찬성,2021-08-31
21,PZA4062H,2112204,찬성,2021-08-31
21,MR210505,2112204,반대,2021-08-31
21,IN328264,2112204,찬성,2021-08-31
21,WMG57662,2112204,찬성,2021-08-31
21,NCP9875N,2112204,찬성,2021-08-31
21,3425169D,2112204,찬성,2021-08-31
21,OW53107J,2112204,찬성,2021-08-31
21,DAN6731C,2112204,불참,2021-08-31
21,VG24001G,2112204,반대,2021-08-31
21,L2I9861C,2112204,반대,2021-08-31
21,I434361W,2112204,반대,2021-08-31
21,9JF4562W,2112204,찬성,2021-08-31
21,ATB59635,2112204,찬성,2021-08-31
21,KUO3574J,2112204,찬성,2021-08-31
21,8SV6917G,2112204,불참,2021-08-31
21,GD131760,2112204,불참,2021-08-31
21,PFG2137X,2112204,반대,2021-08-31
21,40S1959J,2112204,찬성,2021-08-31
21,8KF7223D,2112204,불참,2021-08-31
21,3C23171A,2112204,찬성,2021-08-31
21,GX22581L,2112204,반대,2021-08-31
21,B7H6207C,2112204,불참,2021-08-31
21,1Y73132H,2112204,불참,2021-08-31
21,04T3751T,2112204,찬성,2021-08-31
21,DPZ7685X,2112204,반대,2021-08-31
21,CAA7713A,2112204,반대,2021-08-31
21,O0I2045I,2112204,불참,2021-08-31
21,CZB4125D,2112204,불참,2021-08-31
21,QUM8288K,2112204,반대,2021-08-31
21,W4X85128,2112204,불참,2021-08-31
21,HSS7466Y,2112204,찬성,2021-08-31
21,FU53642G,2112204,찬성,2021-08-31
21,5UN9725L,2112204,불참,2021-08-31
21,K3W33496,2112204,찬성,2021-08-31
21,21N57758,2112204,불참,2021-08-31
21,EMC8812P,2112204,반대,2021-08-31
21,3249208I,2112204,찬성,2021-08-31
21,XEF29171,2112204,찬성,2021-08-31
21,WVU2479T,2112204,불참,2021-08-31
21,7XY7109I,2112204,불참,2021-08-31
21,DAV7257X,2112204,찬성,2021-08-31
21,SQ36001H,2112204,불참,2021-08-31
21,G1570880,2112204,찬성,2021-08-31
21,LPB30152,2112204,불참,2021-08-31
21,MD083627,2112204,찬성,2021-08-31
21,TZP9391O,2112204,반대,2021-08-31
21,B7R2742J,2112204,찬성,2021-08-31
21,ZDP5704Q,2112204,반대,2021-08-31
21,E1J8836Y,2112204,반대,2021-08-31
21,66W6739S,2112204,반대,2021-08-31
21,F5U2979W,2112459,찬성,2022-05-29
21,G7512472,2112459,불참,2022-05-29
21,2N793392,2112459,찬성,2022-05-29
21,66W6739S,2112459,찬성,2022-05-29
21,LM13674V,2112459,불참,2022-05-29
21,QD25323M,2112459,찬성,2022-05-29
21,GP07421U,2112459,찬성,2022-05-29
21,FGI27280,2112459,불참,2022-05-29
21,4XG1439M,2112459,찬성,2022-05-29
21,P2N50879,2112459,불참,2022-05-29
21,A2V51235,2112459,불참,2022-05-29
21,7469929V,2112459,찬성,2022-05-29
21,D4L60530,2112459,불참,2022-05-29
21,M6H1705E,2112459,찬성,2022-05-29
21,NTT8182Q,2112459,찬성,2022-05-29
21,A3H7195R,2112459,불참,2022-05-29
21,ZYH1940A,2112459,불참,2022-05-29
21,0VU8517U,2112459,찬성,2022-05-29
21,M0A1658U,2112459,불참,2022-05-29
21,WDS6044S,2112459,찬성,2022-05-29
21,3BC6890E,2112459,찬성,2022-05-29
21,ZDR63255,2112459,불참,2022-05-29
21,SRP7336N,2112459,찬성,2022-05-29
21,GFF1986K,2112459,찬성,2022-05-29
21,WJL30106,2112459,불참,2022-05-29
21,5KV96424,2112459,찬성,2022-05-29
21,60490713,2112459,불참,2022-05-29
21,HKJ99607,2112459,불참,2022-05-29
21,SU53086M,2112459,불참,2022-05-29
21,MR210505,2112459,찬성,2022-05-29
21,GF286398,2112459,불참,2022-05-29
21,H5476989,2112459,찬성,2022-05-29
21,4L695580,2112459,찬성,2022-05-29
21,HXT76735,2112459,찬성,2022-05-29
21,RPN2293B,2112459,불참,2022-05-29
21,V429892C,2112459,찬성,2022-05-29
21,IN328264,2112459,불참,2022-05-29
21,XBT9550Q,2112459,불참,2022-05-29
21,MO52543L,2112459,불참,2022-05-29
21,WMG57662,2112459,불참,2022-05-29
21,I5I2468R,2112459,찬성,2022-05-29
21,WTR5885Y,2112459,불참,2022-05-29
21,OIA3741M,2112459,찬성,2022-05-29
21,6MO8786S,2112459,찬성,2022-05-29
21,XWX1513T,2112459,기권,2022-05-29
21,CT85313K,2112459,찬성,2022-05-29
21,NQR1206Q,2112459,찬성,2022-05-29
21,L2I9861C,2112459,찬성,2022-05-29
21,WCD5518S,2112459,불참,2022-05-29
21,SVH3899R,2112459,불참,2022-05-29
21,I434361W,2112459,찬성,2022-05-29
21,IOW8224X,2112459,찬성,2022-05-29
21,ATB59635,2112459,찬성,2022-05-29
21,SBK1544B,2112459,찬성,2022-05-29
21,KUO3574J,2112459,불참,2022-05-29
21,D6U6678O,2112459,찬성,2022-05-29
21,S9U45255,2112459,찬성,2022-05-29
21,GD131760,2112459,찬성,2022-05-29
21,V0O5343U,2112459,불참,2022-05-29
21,P0F1530P,2112459,불참,2022-05-29
21,UB114374,2112459,찬성,2022-05-29
21,GAV6441G,2112459,찬성,2022-05-29
21,7JC3239L,2112459,불참,2022-05-29
21,IL74008M,2112459,찬성,2022-05-29
21,8KF7223D,2112459,불참,2022-05-29
21,8P37634C,2112459,불참,2022-05-29
21,CNZ51556,2112459,찬성,2022-05-29
21,GDG1847Z,2112459,찬성,2022-05-29
21,P2N4585G,2112459,찬성,2022-05-29
21,O7R5461J,2112459,불참,2022-05-29
21,JMY9959W,2112459,찬성,2022-05-29
21,6AR6743G,2112459,찬성,2022-05-29
21,6AU2417B,2112459,불참,2022-05-29
21,8VJ8533R,2112459,불참,2022-05-29
21,B7D7534L,2112459,찬성,2022-05-29
21,GX22581L,2112459,불참,2022-05-29
21,SE233396,2112459,찬성,2022-05-29
21,AFH96856,2112459,불참,2022-05-29
21,B7H6207C,2112459,찬성,2022-05-29
21,6399076T,2112459,찬성,2022-05-29
21,4U29186R,2112459,불참,2022-05-29
21,WHV3448W,2112459,찬성,2022-05-29
21,LH97552Q,2112459,찬성,2022-05-29
21,MSY7784L,2112459,불참,2022-05-29
21,EVH1507C,2112459,찬성,2022-05-29
21,14M56632,2112459,불참,2022-05-29
21,5K93695T,2112459,찬성,2022-05-29
21,KFS1358P,2112459,찬성,2022-05-29
21,CAA7713A,2112459,찬성,2022-05-29
21,QUM8288K,2112459,찬성,2022-05-29
21,S824682L,2112459,찬성,2022-05-29
21,W4X85128,2112459,찬성,2022-05-29
21,Q9H5708M,2112459,불참,2022-05-29
21,MRK4871S,2112459,불참,2022-05-29
21,2NV6751W,2112459,불참,2022-05-29
21,BM63269Y,2112459,불참,2022-05-29
21,M7O7878U,2112459,불참,2022-05-29
21,YLS4431M,2112459,불참,2022-05-29
21,3ZR4438W,2112459,찬성,2022-05-29
21,16D7652C,2112459,찬성,2022-05-29
21,KB04377U,2112459,불참,2022-05-29
21,XR24352K,2112459,찬성,2022-05-29
21,JEZ3130Q,2112459,찬성,2022-05-29
21,GOC54665,2112459,찬성,2022-05-29
21,5UN9725L,2112459,불참,2022-05-29
21,LJK4960Z,2112459,불참,2022-05-29
21,UQ282145,2112459,불참,2022-05-29
21,7BM2933Y,2112459,찬성,2022-05-29
21,2UD1340H,2112459,찬성,2022-05-29
21,9VR65006,2112459,불참,2022-05-29
21,X7I4680R,2112459,불참,2022-05-29
21,EMC8812P,2112459,찬성,2022-05-29
21,XJC13432,2112459,불참,2022-05-29
21,XSP20229,2112459,찬성,2022-05-29
21,T465023H,2112459,찬성,2022-05-29
21,3RW63706,2112459,찬성,2022-05-29
21,FYI20317,2112459,찬성,2022-05-29
21,8X15119P,2112459,찬성,2022-05-29
21,CNW5754J,2112459,찬성,2022-05-29
21,XEF29171,2112459,찬성,2022-05-29
21,9D939735,2112459,찬성,2022-05-29
21,TST4507I,2112459,찬성,2022-05-29
21,L7J93733,2112459,찬성,2022-05-29
21,LT72093S,2112459,찬성,2022-05-29
21,6YT83269,2112459,찬성,2022-05-29
21,1MU99298,2112459,찬성,2022-05-29
21,FDC3144T,2112459,찬성,2022-05-29
21,I7R13867,2112459,찬성,2022-05-29
21,FOK3459D,2112459,찬성,2022-05-29
21,QUO78839,2112459,불참,2022-05-29
21,BT62420K,2112459,불참,2022-05-29
21,LPB30152,2112459,찬성,2022-05-29
21,MD083627,2112459,찬성,2022-05-29
21,TZP9391O,2112459,찬성,2022-05-29
21,OSV9142K,2112459,찬성,2022-05-29
21,ZDP5704Q,2112459,찬성,2022-05-29
21,71J2365L,2112459,불참,2022-05-29
21,W1Q6753M,2112459,찬성,2022-05-29
21,E1J8836Y,2112459,불참,2022-05-29
21,RD42006Y,2112459,불참,2022-05-29
21,6EN68926,2112459,찬성,2022-05-29
21,1BX7234U,2112459,찬성,2022-05-29
21,QHL3248U,2112459,불참,2022-05-29
21,TJW93720,2112459,찬성,2022-05-29
21,9S151177,2112459,찬성,2022-05-29
21,9V18755A,2112459,찬성,2022-05-29
21,XA42275R,2112459,찬성,2022-05-29
21,PO64874I,2112459,찬성,2022-05-29
21,VHK3402G,2112459,불참,2022-05-29
21,7XY7109I,2112459,찬성,2022-05-29
21,JC14718Q,2112459,찬성,2022-05-29
21,5KV82250,2112459,찬성,2022-05-29
21,DAV7257X,2112459,불참,2022-05-29
21,GE71932C,2112459,불참,2022-05-29
21,17M85910,2112459,찬성,2022-05-29
21,G152611B,2112459,불참,2022-05-29
21,SQ36001H,2112459,찬성,2022-05-29
21,G1570880,2112459,찬성,2022-05-29
21,9LD2641Q,2112459,불참,2022-05-29
21,6V37131U,2112459,불참,2022-05-29
21,B7R2742J,2112459,찬성,2022-05-29
21,FJK3396E,2112459,불참,2022-05-29
21,7O71647Z,2112459,찬성,2022-05-29
21,TZ228122,2112459,찬성,2022-05-29
21,ZRF3039U,2112459,찬성,2022-05-29
21,68P7228G,2112459,찬성,2022-05-29
21,XPP2564T,2112459,찬성,2022-05-29
21,FRN1867O,2112459,불참,2022-05-29
21,LQW3652K,2112459,찬성,2022-05-29
21,RO593601,2112459,찬성,2022-05-29
21,PFG2137X,2112459,불참,2022-05-29
21,0YT3774N,2112459,찬성,2022-05-29
21,40S1959J,2112459,불참,2022-05-29
21,N4R2421C,2112459,불참,2022-05-29
21,3C23171A,2112459,찬성,2022-05-29
21,7R156073,2112459,불참,2022-05-29
21,J2O8643H,2112459,찬성,2022-05-29
21,VCP96419,2112459,찬성,2022-05-29
21,52P3934K,2112459,찬성,2022-05-29
21,F5Y4026Q,2112459,불참,2022-05-29
21,1Y73132H,2112459,찬성,2022-05-29
21,I0S53762,2112459,찬성,2022-05-29
21,TKJ4800F,2112459,찬성,2022-05-29
21,O6D8329R,2112459,불참,2022-05-29
21,04T3751T,2112459,찬성,2022-05-29
21,K5F2023J,2112459,찬성,2022-05-29
21,N9X9673B,2112459,불참,2022-05-29
21,5MD4184K,2112459,불참,2022-05-29
21,DPZ7685X,2112459,찬성,2022-05-29
21,6U243644,2112459,불참,2022-05-29
21,E9R4507P,2112459,찬성,2022-05-29
21,UHB5553T,2112459,찬성,2022-05-29
21,J9S37905,2112459,찬성,2022-05-29
21,A494529E,2112459,찬성,2022-05-29
21,VRY5522V,2112459,찬성,2022-05-29
21,0PK7354M,2112459,찬성,2022-05-29
21,O0I2045I,2112459,찬성,2022-05-29
21,CZB4125D,2112459,찬성,2022-05-29
21,Z6R3959C,2112459,불참,2022-05-29
21,UGH6481E,2112459,불참,2022-05-29
21,JZY9937U,2112459,찬성,2022-05-29
21,YKW37422,2112459,찬성,2022-05-29
21,MNZ4401T,2112459,불참,2022-05-29
21,HSS7466Y,2112459,불참,2022-05-29
21,FU53642G,2112459,불참,2022-05-29
21,MLH1404S,2112459,불참,2022-05-29
21,8VY63414,2112459,불참,2022-05-29
21,QQP4727N,2112459,찬성,2022-05-29
21,BCQ55105,2112459,찬성,2022-05-29
21,9L57027L,2112459,찬성,2022-05-29
21,K3W33496,2112459,찬성,2022-05-29
21,M2Q9024I,2112459,찬성,2022-05-29
21,DBA1057Z,2112459,찬성,2022-05-29
21,CI15627C,2112459,찬성,2022-05-29
21,C7E79345,2112459,불참,2022-05-29
21,4019850M,2112459,찬성,2022-05-29
21,9YO73104,2112459,찬성,2022-05-29
21,TRE2429O,2112459,불참,2022-05-29
21,E6U4345C,2112459,찬성,2022-05-29
21,CDL93608,2112459,불참,2022-05-29
21,RQQ3807K,2112459,찬성,2022-05-29
21,FH777496,2112459,찬성,2022-05-29
21,ZYP7962W,2112459,불참,2022-05-29
21,3249208I,2112459,찬성,2022-05-29
21,GX38539O,2112459,찬성,2022-05-29
21,8Q88373R,2112459,불참,2022-05-29
21,WVU2479T,2112459,불참,2022-05-29
21,QTW6852F,2112459,찬성,2022-05-29
21,FIC9046Z,2112459,불참,2022-05-29
21,NLR6572J,2112459,찬성,2022-05-29
21,JNL7001A,2112459,불참,2022-05-29
21,L7T64271,2112459,찬성,2022-05-29
21,4X525582,2112459,불참,2022-05-29
21,GKD32201,2112459,찬성,2022-05-29
21,3TO11703,2112459,찬성,2022-05-29
21,S741317G,2112459,불참,2022-05-29
21,CCU1009B,2112459,찬성,2022-05-29
21,MU69217P,2112459,찬성,2022-05-29
21,JVB6983V,2112459,찬성,2022-05-29
21,DAY6557K,2112459,찬성,2022-05-29
21,USR7059P,2112459,불참,2022-05-29
21,A0P4646G,2112459,불참,2022-05-29
21,7I09543O,2112459,불참,2022-05-29
21,3DK8989T,2112459,불참,2022-05-29
21,OFE45081,2112459,불참,2022-05-29
21,09I2323E,2112459,불참,2022-05-29
21,HSW1214Q,2112459,불참,2022-05-29
21,NZF1659U,2112459,불참,2022-05-29
21,KR14136C,2112459,불참,2022-05-29
21,5765663F,2112459,찬성,2022-05-29
21,ZKU88693,2112459,찬성,2022-05-29
21,KNM3215T,2112459,찬성,2022-05-29
21,M7T9712V,2112459,불참,2022-05-29
21,UM51067K,2112459,불참,2022-05-29
21,1WE5693J,2112459,불참,2022-05-29
21,X3170462,2112459,찬성,2022-05-29
21,MY318392,2112459,불참,2022-05-29
21,8FB1535Y,2112459,찬성,2022-05-29
21,4T026790,2112459,찬성,2022-05-29
21,EH27538E,2112459,찬성,2022-05-29
21,WFU14784,2112459,불참,2022-05-29
21,0WL9321T,2112459,불참,2022-05-29
21,PZA4062H,2112459,찬성,2022-05-29
21,8348421R,2112459,불참,2022-05-29
21,JQA21112,2112459,찬성,2022-05-29
21,40E3739H,2112459,찬성,2022-05-29
21,0R68099X,2112459,찬성,2022-05-29
21,6RM29022,2112459,불참,2022-05-29
21,MQU41854,2112459,찬성,2022-05-29
21,2385336L,2112459,찬성,2022-05-29
21,ZA54991S,2112459,찬성,2022-05-29
21,0827740Q,2112459,찬성,2022-05-29
21,0W194007,2112459,찬성,2022-05-29
21,X1K3667J,2112459,불참,2022-05-29
21,NCP9875N,2112459,찬성,2022-05-29
21,3425169D,2112459,찬성,2022-05-29
21,IOW1101J,2112459,찬성,2022-05-29
21,ICH23251,2112459,불참,2022-05-29
21,25I8709Q,2112459,불참,2022-05-29
21,BLC8630L,2112459,불참,2022-05-29
21,LG63087O,2112459,불참,2022-05-29
21,OW53107J,2112459,불참,2022-05-29
21,PEP6922S,2112459,기권,2022-05-29
21,DAN6731C,2112459,불참,2022-05-29
21,VG24001G,2112459,찬성,2022-05-29
21,9JF4562W,2112459,찬성,2022-05-29
21,Y7K5946R,2112459,찬성,2022-05-29
21,Z7Y7827F,2112459,찬성,2022-05-29
21,FU87526G,2112459,찬성,2022-05-29
21,8SV6917G,2112459,불참,2022-05-29
21,8FC9697X,2112459,불참,2022-05-29
21,QKO6165V,2112459,불참,2022-05-29
21,JNL7001A,2101183,반대,2020-12-09
21,L7T64271,2101183,찬성,2020-12-09
21,4X525582,2101183,반대,2020-12-09
21,GKD32201,2101183,찬성,2020-12-09
21,G7512472,2101183,찬성,2020-12-09
21,3TO11703,2101183,찬성,2020-12-09
21,S741317G,2101183,반대,2020-12-09
21,CCU1009B,2101183,찬성,2020-12-09
21,MU69217P,2101183,반대,2020-12-09
21,2N793392,2101183,찬성,2020-12-09
21,66W6739S,2101183,불참,2020-12-09
21,LM13674V,2101183,불참,2020-12-09
21,QD25323M,2101183,찬성,2020-12-09
21,DAY6557K,2101183,반대,2020-12-09
21,GP07421U,2101183,찬성,2020-12-09
21,FGI27280,2101183,반대,2020-12-09
21,4XG1439M,2101183,찬성,2020-12-09
21,P2N50879,2101183,찬성,2020-12-09
21,A0P4646G,2101183,반대,2020-12-09
21,A2V51235,2101183,찬성,2020-12-09
21,7I09543O,2101183,찬성,2020-12-09
21,1X376850,2101183,불참,2020-12-09
21,3DK8989T,2101183,반대,2020-12-09
21,7469929V,2101183,반대,2020-12-09
21,D4L60530,2101183,찬성,2020-12-09
21,M6H1705E,2101183,찬성,2020-12-09
21,OFE45081,2101183,찬성,2020-12-09
21,NTT8182Q,2101183,찬성,2020-12-09
21,A3H7195R,2101183,찬성,2020-12-09
21,ZYH1940A,2101183,찬성,2020-12-09
21,0VU8517U,2101183,찬성,2020-12-09
21,M0A1658U,2101183,찬성,2020-12-09
21,HSW1214Q,2101183,반대,2020-12-09
21,NZF1659U,2101183,불참,2020-12-09
21,WDS6044S,2101183,불참,2020-12-09
21,3BC6890E,2101183,반대,2020-12-09
21,ZDR63255,2101183,찬성,2020-12-09
21,KR14136C,2101183,찬성,2020-12-09
21,SRP7336N,2101183,반대,2020-12-09
21,5765663F,2101183,찬성,2020-12-09
21,GFF1986K,2101183,찬성,2020-12-09
21,WJL30106,2101183,찬성,2020-12-09
21,5KV96424,2101183,찬성,2020-12-09
21,KNM3215T,2101183,찬성,2020-12-09
21,M7T9712V,2101183,반대,2020-12-09
21,60490713,2101183,찬성,2020-12-09
21,UM51067K,2101183,찬성,2020-12-09
21,HKJ99607,2101183,찬성,2020-12-09
21,1WE5693J,2101183,찬성,2020-12-09
21,X3170462,2101183,반대,2020-12-09
21,MY318392,2101183,찬성,2020-12-09
21,8FB1535Y,2101183,찬성,2020-12-09
21,4T026790,2101183,찬성,2020-12-09
21,EH27538E,2101183,불참,2020-12-09
21,WFU14784,2101183,반대,2020-12-09
21,SU53086M,2101183,찬성,2020-12-09
21,0WL9321T,2101183,찬성,2020-12-09
21,MR210505,2101183,반대,2020-12-09
21,GF286398,2101183,찬성,2020-12-09
21,8348421R,2101183,반대,2020-12-09
21,H5476989,2101183,찬성,2020-12-09
21,JQA21112,2101183,반대,2020-12-09
21,4L695580,2101183,찬성,2020-12-09
21,40E3739H,2101183,반대,2020-12-09
21,HXT76735,2101183,찬성,2020-12-09
21,RPN2293B,2101183,찬성,2020-12-09
21,0R68099X,2101183,찬성,2020-12-09
21,V429892C,2101183,찬성,2020-12-09
21,4A067125,2101183,찬성,2020-12-09
21,2385336L,2101183,찬성,2020-12-09
21,IN328264,2101183,찬성,2020-12-09
21,XBT9550Q,2101183,불참,2020-12-09
21,ZA54991S,2101183,찬성,2020-12-09
21,MO52543L,2101183,불참,2020-12-09
21,0827740Q,2101183,찬성,2020-12-09
21,0W194007,2101183,찬성,2020-12-09
21,X1K3667J,2101183,찬성,2020-12-09
21,WMG57662,2101183,찬성,2020-12-09
21,NCP9875N,2101183,찬성,2020-12-09
21,I5I2468R,2101183,찬성,2020-12-09
21,WTR5885Y,2101183,찬성,2020-12-09
21,L5P27909,2101183,불참,2020-12-09
21,3425169D,2101183,찬성,2020-12-09
21,IOW1101J,2101183,반대,2020-12-09
21,ICH23251,2101183,찬성,2020-12-09
21,25I8709Q,2101183,찬성,2020-12-09
21,OIA3741M,2101183,찬성,2020-12-09
21,6MO8786S,2101183,반대,2020-12-09
21,XWX1513T,2101183,찬성,2020-12-09
21,CT85313K,2101183,불참,2020-12-09
21,PAO22428,2101183,찬성,2020-12-09
21,BLC8630L,2101183,찬성,2020-12-09
21,NQR1206Q,2101183,불참,2020-12-09
21,0767470D,2101183,찬성,2020-12-09
21,LG63087O,2101183,불참,2020-12-09
21,NAL4555X,2101183,불참,2020-12-09
21,OW53107J,2101183,찬성,2020-12-09
21,PEP6922S,2101183,찬성,2020-12-09
21,DAN6731C,2101183,불참,2020-12-09
21,VG24001G,2101183,반대,2020-12-09
21,L2I9861C,2101183,반대,2020-12-09
21,WCD5518S,2101183,찬성,2020-12-09
21,SVH3899R,2101183,반대,2020-12-09
21,I434361W,2101183,반대,2020-12-09
21,IOW8224X,2101183,찬성,2020-12-09
21,9JF4562W,2101183,찬성,2020-12-09
21,Y7K5946R,2101183,불참,2020-12-09
21,Z7Y7827F,2101183,찬성,2020-12-09
21,ATB59635,2101183,찬성,2020-12-09
21,SBK1544B,2101183,찬성,2020-12-09
21,KUO3574J,2101183,찬성,2020-12-09
21,FU87526G,2101183,반대,2020-12-09
21,S9U45255,2101183,반대,2020-12-09
21,8SV6917G,2101183,불참,2020-12-09
21,8FC9697X,2101183,찬성,2020-12-09
21,QKO6165V,2101183,불참,2020-12-09
21,GD131760,2101183,반대,2020-12-09
21,ZRF3039U,2101183,반대,2020-12-09
21,V0O5343U,2101183,찬성,2020-12-09
21,68P7228G,2101183,찬성,2020-12-09
21,XPP2564T,2101183,찬성,2020-12-09
21,FRN1867O,2101183,찬성,2020-12-09
21,LQW3652K,2101183,반대,2020-12-09
21,PFG2137X,2101183,반대,2020-12-09
21,UB114374,2101183,반대,2020-12-09
21,GAV6441G,2101183,찬성,2020-12-09
21,0YT3774N,2101183,찬성,2020-12-09
21,7JC3239L,2101183,반대,2020-12-09
21,40S1959J,2101183,찬성,2020-12-09
21,IL74008M,2101183,찬성,2020-12-09
21,8KF7223D,2101183,찬성,2020-12-09
21,8P37634C,2101183,찬성,2020-12-09
21,CNZ51556,2101183,반대,2020-12-09
21,N4R2421C,2101183,불참,2020-12-09
21,3C23171A,2101183,찬성,2020-12-09
21,GDG1847Z,2101183,반대,2020-12-09
21,P2N4585G,2101183,찬성,2020-12-09
21,LNR7932L,2101183,찬성,2020-12-09
21,O7R5461J,2101183,찬성,2020-12-09
21,TVF3669B,2101183,불참,2020-12-09
21,JMY9959W,2101183,찬성,2020-12-09
21,7R156073,2101183,찬성,2020-12-09
21,6AR6743G,2101183,찬성,2020-12-09
21,J2O8643H,2101183,찬성,2020-12-09
21,VCP96419,2101183,찬성,2020-12-09
21,6AU2417B,2101183,찬성,2020-12-09
21,8VJ8533R,2101183,반대,2020-12-09
21,B7D7534L,2101183,찬성,2020-12-09
21,GX22581L,2101183,불참,2020-12-09
21,SE233396,2101183,찬성,2020-12-09
21,AFH96856,2101183,찬성,2020-12-09
21,52P3934K,2101183,불참,2020-12-09
21,B7H6207C,2101183,불참,2020-12-09
21,6399076T,2101183,찬성,2020-12-09
21,4U29186R,2101183,찬성,2020-12-09
21,F5Y4026Q,2101183,불참,2020-12-09
21,WHV3448W,2101183,찬성,2020-12-09
21,1Y73132H,2101183,불참,2020-12-09
21,I0S53762,2101183,반대,2020-12-09
21,LH97552Q,2101183,반대,2020-12-09
21,TKJ4800F,2101183,찬성,2020-12-09
21,O6D8329R,2101183,찬성,2020-12-09
21,04T3751T,2101183,찬성,2020-12-09
21,MSY7784L,2101183,불참,2020-12-09
21,EVH1507C,2101183,반대,2020-12-09
21,K5F2023J,2101183,찬성,2020-12-09
21,N9X9673B,2101183,불참,2020-12-09
21,5MD4184K,2101183,찬성,2020-12-09
21,TP066860,2101183,불참,2020-12-09
21,5K93695T,2101183,반대,2020-12-09
21,DPZ7685X,2101183,반대,2020-12-09
21,6U243644,2101183,불참,2020-12-09
21,E9R4507P,2101183,반대,2020-12-09
21,UHB5553T,2101183,찬성,2020-12-09
21,KFS1358P,2101183,찬성,2020-12-09
21,A494529E,2101183,찬성,2020-12-09
21,VRY5522V,2101183,찬성,2020-12-09
21,CAA7713A,2101183,반대,2020-12-09
21,0PK7354M,2101183,찬성,2020-12-09
21,CZB4125D,2101183,반대,2020-12-09
21,Z6R3959C,2101183,반대,2020-12-09
21,QUM8288K,2101183,불참,2020-12-09
21,UGH6481E,2101183,불참,2020-12-09
21,S824682L,2101183,찬성,2020-12-09
21,W4X85128,2101183,반대,2020-12-09
21,Q9H5708M,2101183,찬성,2020-12-09
21,CFE3998F,2101183,불참,2020-12-09
21,JZY9937U,2101183,찬성,2020-12-09
21,MRK4871S,2101183,불참,2020-12-09
21,YKW37422,2101183,찬성,2020-12-09
21,2NV6751W,2101183,찬성,2020-12-09
21,BM63269Y,2101183,찬성,2020-12-09
21,M7O7878U,2101183,찬성,2020-12-09
21,YLS4431M,2101183,반대,2020-12-09
21,MNZ4401T,2101183,찬성,2020-12-09
21,3ZR4438W,2101183,불참,2020-12-09
21,HSS7466Y,2101183,불참,2020-12-09
21,16D7652C,2101183,찬성,2020-12-09
21,KB04377U,2101183,반대,2020-12-09
21,FU53642G,2101183,찬성,2020-12-09
21,MLH1404S,2101183,찬성,2020-12-09
21,8VY63414,2101183,반대,2020-12-09
21,XR24352K,2101183,찬성,2020-12-09
21,QQP4727N,2101183,반대,2020-12-09
21,IUL4848V,2101183,반대,2020-12-09
21,JEZ3130Q,2101183,찬성,2020-12-09
21,BCQ55105,2101183,찬성,2020-12-09
21,9L57027L,2101183,반대,2020-12-09
21,GOC54665,2101183,찬성,2020-12-09
21,5UN9725L,2101183,불참,2020-12-09
21,LJK4960Z,2101183,반대,2020-12-09
21,K3W33496,2101183,찬성,2020-12-09
21,M2Q9024I,2101183,찬성,2020-12-09
21,DBA1057Z,2101183,불참,2020-12-09
21,CI15627C,2101183,불참,2020-12-09
21,21N57758,2101183,찬성,2020-12-09
21,C7E79345,2101183,찬성,2020-12-09
21,4019850M,2101183,찬성,2020-12-09
21,UQ282145,2101183,찬성,2020-12-09
21,9YO73104,2101183,찬성,2020-12-09
21,TRE2429O,2101183,찬성,2020-12-09
21,E6U4345C,2101183,찬성,2020-12-09
21,7BM2933Y,2101183,찬성,2020-12-09
21,2UD1340H,2101183,찬성,2020-12-09
21,9VR65006,2101183,불참,2020-12-09
21,EMC8812P,2101183,반대,2020-12-09
21,XJC13432,2101183,불참,2020-12-09
21,T465023H,2101183,찬성,2020-12-09
21,3RW63706,2101183,반대,2020-12-09
21,RQQ3807K,2101183,찬성,2020-12-09
21,FH777496,2101183,찬성,2020-12-09
21,FYI20317,2101183,찬성,2020-12-09
21,8X15119P,2101183,반대,2020-12-09
21,ZYP7962W,2101183,불참,2020-12-09
21,CNW5754J,2101183,불참,2020-12-09
21,GX38539O,2101183,찬성,2020-12-09
21,8Q88373R,2101183,찬성,2020-12-09
21,WVU2479T,2101183,찬성,2020-12-09
21,9D939735,2101183,불참,2020-12-09
21,QTW6852F,2101183,불참,2020-12-09
21,7XY7109I,2101183,반대,2020-12-09
21,TST4507I,2101183,찬성,2020-12-09
21,JC14718Q,2101183,찬성,2020-12-09
21,5KV82250,2101183,반대,2020-12-09
21,L7J93733,2101183,반대,2020-12-09
21,LT72093S,2101183,찬성,2020-12-09
21,GE71932C,2101183,찬성,2020-12-09
21,6YT83269,2101183,반대,2020-12-09
21,1MU99298,2101183,찬성,2020-12-09
21,FDC3144T,2101183,반대,2020-12-09
21,G152611B,2101183,반대,2020-12-09
21,I7R13867,2101183,찬성,2020-12-09
21,SQ36001H,2101183,찬성,2020-12-09
21,9LD2641Q,2101183,불참,2020-12-09
21,FOK3459D,2101183,찬성,2020-12-09
21,QUO78839,2101183,찬성,2020-12-09
21,BT62420K,2101183,찬성,2020-12-09
21,LPB30152,2101183,찬성,2020-12-09
21,MD083627,2101183,찬성,2020-12-09
21,TZP9391O,2101183,불참,2020-12-09
21,6V37131U,2101183,찬성,2020-12-09
21,OSV9142K,2101183,반대,2020-12-09
21,B7R2742J,2101183,찬성,2020-12-09
21,FJK3396E,2101183,찬성,2020-12-09
21,ZDP5704Q,2101183,반대,2020-12-09
21,71J2365L,2101183,반대,2020-12-09
21,7O71647Z,2101183,찬성,2020-12-09
21,W1Q6753M,2101183,찬성,2020-12-09
21,MHK9919B,2101183,반대,2020-12-09
21,E1J8836Y,2101183,반대,2020-12-09
21,RD42006Y,2101183,찬성,2020-12-09
21,6EN68926,2101183,반대,2020-12-09
21,1BX7234U,2101183,찬성,2020-12-09
21,QHL3248U,2101183,찬성,2020-12-09
21,AE685067,2101183,찬성,2020-12-09
21,9S151177,2101183,찬성,2020-12-09
21,TZ228122,2101183,찬성,2020-12-09
21,9V18755A,2101183,찬성,2020-12-09
21,PO64874I,2101183,찬성,2020-12-09
21,USR7059P,2101183,반대,2020-12-09
21,XA42275R,2101183,찬성,2020-12-09
21,ZKU88693,2101183,찬성,2020-12-09
21,PZA4062H,2101183,찬성,2020-12-09
21,D6U6678O,2101183,찬성,2020-12-09
21,P0F1530P,2101183,불참,2020-12-09
21,RO593601,2101183,찬성,2020-12-09
21,14M56632,2101183,기권,2020-12-09
21,J9S37905,2101183,찬성,2020-12-09
21,O0I2045I,2101183,찬성,2020-12-09
21,CDL93608,2101183,찬성,2020-12-09
21,X7I4680R,2101183,불참,2020-12-09
21,D0C85236,2101183,반대,2020-12-09
21,XSP20229,2101183,불참,2020-12-09
21,3249208I,2101183,찬성,2020-12-09
21,XEF29171,2101183,찬성,2020-12-09
21,DAV7257X,2101183,불참,2020-12-09
21,17M85910,2101183,찬성,2020-12-09
21,G1570880,2101183,찬성,2020-12-09
21,TJW93720,2101183,찬성,2020-12-09
21,09I2323E,2101183,찬성,2020-12-09
21,4X525582,2105814,불참,2021-05-21
21,6V37131U,2105814,찬성,2021-05-21
21,S741317G,2105814,찬성,2021-05-21
21,2N793392,2105814,찬성,2021-05-21
21,A0P4646G,2105814,불참,2021-05-21
21,WJL30106,2105814,찬성,2021-05-21
21,4L695580,2105814,찬성,2021-05-21
21,ZA54991S,2105814,찬성,2021-05-21
21,VG24001G,2105814,불참,2021-05-21
21,I434361W,2105814,찬성,2021-05-21
21,Q9H5708M,2105814,불참,2021-05-21
21,XR24352K,2105814,찬성,2021-05-21
21,CI15627C,2105814,찬성,2021-05-21
21,X7I4680R,2105814,찬성,2021-05-21
21,FDC3144T,2105814,찬성,2021-05-21
21,BT62420K,2105814,찬성,2021-05-21
21,GKD32201,2105814,찬성,2021-05-21
21,FIC9046Z,2105814,찬성,2021-05-21
21,JNL7001A,2105814,불참,2021-05-21
21,L7T64271,2105814,찬성,2021-05-21
21,G7512472,2105814,찬성,2021-05-21
21,3TO11703,2105814,찬성,2021-05-21
21,CCU1009B,2105814,찬성,2021-05-21
21,MU69217P,2105814,찬성,2021-05-21
21,66W6739S,2105814,찬성,2021-05-21
21,LM13674V,2105814,기권,2021-05-21
21,QD25323M,2105814,찬성,2021-05-21
21,DAY6557K,2105814,찬성,2021-05-21
21,GP07421U,2105814,찬성,2021-05-21
21,FGI27280,2105814,찬성,2021-05-21
21,4XG1439M,2105814,찬성,2021-05-21
21,P2N50879,2105814,찬성,2021-05-21
21,A2V51235,2105814,찬성,2021-05-21
21,7I09543O,2105814,찬성,2021-05-21
21,1X376850,2105814,찬성,2021-05-21
21,3DK8989T,2105814,불참,2021-05-21
21,7469929V,2105814,찬성,2021-05-21
21,D4L60530,2105814,찬성,2021-05-21
21,M6H1705E,2105814,찬성,2021-05-21
21,OFE45081,2105814,찬성,2021-05-21
21,09I2323E,2105814,찬성,2021-05-21
21,NTT8182Q,2105814,찬성,2021-05-21
21,A3H7195R,2105814,찬성,2021-05-21
21,ZYH1940A,2105814,불참,2021-05-21
21,0VU8517U,2105814,불참,2021-05-21
21,M0A1658U,2105814,찬성,2021-05-21
21,HSW1214Q,2105814,찬성,2021-05-21
21,NZF1659U,2105814,찬성,2021-05-21
21,WDS6044S,2105814,찬성,2021-05-21
21,3BC6890E,2105814,찬성,2021-05-21
21,ZDR63255,2105814,찬성,2021-05-21
21,KR14136C,2105814,불참,2021-05-21
21,SRP7336N,2105814,찬성,2021-05-21
21,5765663F,2105814,찬성,2021-05-21
21,GFF1986K,2105814,찬성,2021-05-21
21,5KV96424,2105814,찬성,2021-05-21
21,KNM3215T,2105814,찬성,2021-05-21
21,M7T9712V,2105814,찬성,2021-05-21
21,60490713,2105814,찬성,2021-05-21
21,UM51067K,2105814,불참,2021-05-21
21,HKJ99607,2105814,찬성,2021-05-21
21,1WE5693J,2105814,찬성,2021-05-21
21,X3170462,2105814,불참,2021-05-21
21,MY318392,2105814,찬성,2021-05-21
21,4T026790,2105814,찬성,2021-05-21
21,EH27538E,2105814,찬성,2021-05-21
21,WFU14784,2105814,찬성,2021-05-21
21,SU53086M,2105814,찬성,2021-05-21
21,0WL9321T,2105814,찬성,2021-05-21
21,PZA4062H,2105814,찬성,2021-05-21
21,MR210505,2105814,찬성,2021-05-21
21,GF286398,2105814,찬성,2021-05-21
21,8348421R,2105814,불참,2021-05-21
21,H5476989,2105814,찬성,2021-05-21
21,JQA21112,2105814,찬성,2021-05-21
21,40E3739H,2105814,찬성,2021-05-21
21,HXT76735,2105814,찬성,2021-05-21
21,RPN2293B,2105814,찬성,2021-05-21
21,0R68099X,2105814,찬성,2021-05-21
21,V429892C,2105814,찬성,2021-05-21
21,4A067125,2105814,불참,2021-05-21
21,2385336L,2105814,찬성,2021-05-21
21,IN328264,2105814,찬성,2021-05-21
21,XBT9550Q,2105814,찬성,2021-05-21
21,MO52543L,2105814,찬성,2021-05-21
21,0827740Q,2105814,찬성,2021-05-21
21,0W194007,2105814,찬성,2021-05-21
21,X1K3667J,2105814,찬성,2021-05-21
21,WMG57662,2105814,불참,2021-05-21
21,NCP9875N,2105814,찬성,2021-05-21
21,I5I2468R,2105814,불참,2021-05-21
21,WTR5885Y,2105814,불참,2021-05-21
21,L5P27909,2105814,불참,2021-05-21
21,3425169D,2105814,찬성,2021-05-21
21,IOW1101J,2105814,찬성,2021-05-21
21,ICH23251,2105814,불참,2021-05-21
21,25I8709Q,2105814,찬성,2021-05-21
21,OIA3741M,2105814,찬성,2021-05-21
21,XWX1513T,2105814,찬성,2021-05-21
21,CT85313K,2105814,기권,2021-05-21
21,PAO22428,2105814,불참,2021-05-21
21,BLC8630L,2105814,찬성,2021-05-21
21,NQR1206Q,2105814,찬성,2021-05-21
21,0767470D,2105814,불참,2021-05-21
21,LG63087O,2105814,찬성,2021-05-21
21,NAL4555X,2105814,불참,2021-05-21
21,OW53107J,2105814,찬성,2021-05-21
21,PEP6922S,2105814,찬성,2021-05-21
21,DAN6731C,2105814,찬성,2021-05-21
21,L2I9861C,2105814,찬성,2021-05-21
21,WCD5518S,2105814,찬성,2021-05-21
21,SVH3899R,2105814,찬성,2021-05-21
21,IOW8224X,2105814,찬성,2021-05-21
21,Y7K5946R,2105814,찬성,2021-05-21
21,Z7Y7827F,2105814,찬성,2021-05-21
21,SBK1544B,2105814,찬성,2021-05-21
21,D6U6678O,2105814,찬성,2021-05-21
21,FU87526G,2105814,찬성,2021-05-21
21,S9U45255,2105814,불참,2021-05-21
21,8FC9697X,2105814,불참,2021-05-21
21,QKO6165V,2105814,불참,2021-05-21
21,GD131760,2105814,불참,2021-05-21
21,ZRF3039U,2105814,찬성,2021-05-21
21,V0O5343U,2105814,찬성,2021-05-21
21,68P7228G,2105814,찬성,2021-05-21
21,P0F1530P,2105814,불참,2021-05-21
21,XPP2564T,2105814,불참,2021-05-21
21,FRN1867O,2105814,찬성,2021-05-21
21,LQW3652K,2105814,불참,2021-05-21
21,PFG2137X,2105814,불참,2021-05-21
21,UB114374,2105814,찬성,2021-05-21
21,GAV6441G,2105814,찬성,2021-05-21
21,0YT3774N,2105814,찬성,2021-05-21
21,7JC3239L,2105814,불참,2021-05-21
21,IL74008M,2105814,찬성,2021-05-21
21,8KF7223D,2105814,찬성,2021-05-21
21,8P37634C,2105814,찬성,2021-05-21
21,CNZ51556,2105814,찬성,2021-05-21
21,N4R2421C,2105814,불참,2021-05-21
21,3C23171A,2105814,찬성,2021-05-21
21,GDG1847Z,2105814,찬성,2021-05-21
21,P2N4585G,2105814,찬성,2021-05-21
21,O7R5461J,2105814,찬성,2021-05-21
21,TVF3669B,2105814,불참,2021-05-21
21,JMY9959W,2105814,찬성,2021-05-21
21,7R156073,2105814,불참,2021-05-21
21,6AR6743G,2105814,찬성,2021-05-21
21,J2O8643H,2105814,찬성,2021-05-21
21,VCP96419,2105814,찬성,2021-05-21
21,6AU2417B,2105814,찬성,2021-05-21
21,8VJ8533R,2105814,불참,2021-05-21
21,B7D7534L,2105814,찬성,2021-05-21
21,SE233396,2105814,찬성,2021-05-21
21,AFH96856,2105814,찬성,2021-05-21
21,52P3934K,2105814,찬성,2021-05-21
21,B7H6207C,2105814,불참,2021-05-21
21,6399076T,2105814,찬성,2021-05-21
21,4U29186R,2105814,불참,2021-05-21
21,F5Y4026Q,2105814,찬성,2021-05-21
21,WHV3448W,2105814,찬성,2021-05-21
21,1Y73132H,2105814,찬성,2021-05-21
21,I0S53762,2105814,불참,2021-05-21
21,LH97552Q,2105814,찬성,2021-05-21
21,TKJ4800F,2105814,찬성,2021-05-21
21,O6D8329R,2105814,불참,2021-05-21
21,04T3751T,2105814,찬성,2021-05-21
21,MSY7784L,2105814,불참,2021-05-21
21,EVH1507C,2105814,찬성,2021-05-21
21,K5F2023J,2105814,찬성,2021-05-21
21,14M56632,2105814,불참,2021-05-21
21,N9X9673B,2105814,찬성,2021-05-21
21,5MD4184K,2105814,찬성,2021-05-21
21,TP066860,2105814,찬성,2021-05-21
21,5K93695T,2105814,찬성,2021-05-21
21,6U243644,2105814,찬성,2021-05-21
21,E9R4507P,2105814,찬성,2021-05-21
21,UHB5553T,2105814,찬성,2021-05-21
21,KFS1358P,2105814,찬성,2021-05-21
21,J9S37905,2105814,찬성,2021-05-21
21,A494529E,2105814,찬성,2021-05-21
21,VRY5522V,2105814,찬성,2021-05-21
21,CAA7713A,2105814,찬성,2021-05-21
21,0PK7354M,2105814,찬성,2021-05-21
21,CZB4125D,2105814,불참,2021-05-21
21,Z6R3959C,2105814,불참,2021-05-21
21,QUM8288K,2105814,불참,2021-05-21
21,UGH6481E,2105814,불참,2021-05-21
21,S824682L,2105814,찬성,2021-05-21
21,W4X85128,2105814,찬성,2021-05-21
21,CFE3998F,2105814,불참,2021-05-21
21,MRK4871S,2105814,찬성,2021-05-21
21,YKW37422,2105814,불참,2021-05-21
21,2NV6751W,2105814,불참,2021-05-21
21,BM63269Y,2105814,불참,2021-05-21
21,M7O7878U,2105814,찬성,2021-05-21
21,YLS4431M,2105814,불참,2021-05-21
21,MNZ4401T,2105814,찬성,2021-05-21
21,3ZR4438W,2105814,불참,2021-05-21
21,16D7652C,2105814,불참,2021-05-21
21,FU53642G,2105814,찬성,2021-05-21
21,MLH1404S,2105814,불참,2021-05-21
21,8VY63414,2105814,찬성,2021-05-21
21,QQP4727N,2105814,찬성,2021-05-21
21,IUL4848V,2105814,찬성,2021-05-21
21,JEZ3130Q,2105814,찬성,2021-05-21
21,BCQ55105,2105814,찬성,2021-05-21
21,9L57027L,2105814,찬성,2021-05-21
21,GOC54665,2105814,불참,2021-05-21
21,5UN9725L,2105814,불참,2021-05-21
21,LJK4960Z,2105814,찬성,2021-05-21
21,K3W33496,2105814,찬성,2021-05-21
21,M2Q9024I,2105814,찬성,2021-05-21
21,21N57758,2105814,찬성,2021-05-21
21,C7E79345,2105814,불참,2021-05-21
21,4019850M,2105814,찬성,2021-05-21
21,UQ282145,2105814,찬성,2021-05-21
21,9YO73104,2105814,찬성,2021-05-21
21,TRE2429O,2105814,찬성,2021-05-21
21,E6U4345C,2105814,찬성,2021-05-21
21,7BM2933Y,2105814,찬성,2021-05-21
21,CDL93608,2105814,불참,2021-05-21
21,2UD1340H,2105814,찬성,2021-05-21
21,9VR65006,2105814,불참,2021-05-21
21,EMC8812P,2105814,찬성,2021-05-21
21,XJC13432,2105814,찬성,2021-05-21
21,XSP20229,2105814,찬성,2021-05-21
21,T465023H,2105814,찬성,2021-05-21
21,3RW63706,2105814,찬성,2021-05-21
21,RQQ3807K,2105814,찬성,2021-05-21
21,FH777496,2105814,찬성,2021-05-21
21,FYI20317,2105814,불참,2021-05-21
21,8X15119P,2105814,불참,2021-05-21
21,ZYP7962W,2105814,불참,2021-05-21
21,CNW5754J,2105814,찬성,2021-05-21
21,GX38539O,2105814,찬성,2021-05-21
21,8Q88373R,2105814,찬성,2021-05-21
21,WVU2479T,2105814,찬성,2021-05-21
21,QTW6852F,2105814,찬성,2021-05-21
21,7XY7109I,2105814,찬성,2021-05-21
21,TST4507I,2105814,찬성,2021-05-21
21,JC14718Q,2105814,찬성,2021-05-21
21,5KV82250,2105814,불참,2021-05-21
21,L7J93733,2105814,찬성,2021-05-21
21,LT72093S,2105814,찬성,2021-05-21
21,GE71932C,2105814,불참,2021-05-21
21,6YT83269,2105814,불참,2021-05-21
21,1MU99298,2105814,찬성,2021-05-21
21,17M85910,2105814,찬성,2021-05-21
21,G152611B,2105814,찬성,2021-05-21
21,I7R13867,2105814,찬성,2021-05-21
21,G1570880,2105814,찬성,2021-05-21
21,9LD2641Q,2105814,찬성,2021-05-21
21,FOK3459D,2105814,찬성,2021-05-21
21,QUO78839,2105814,찬성,2021-05-21
21,LPB30152,2105814,불참,2021-05-21
21,MD083627,2105814,찬성,2021-05-21
21,TZP9391O,2105814,불참,2021-05-21
21,FJK3396E,2105814,찬성,2021-05-21
21,71J2365L,2105814,불참,2021-05-21
21,7O71647Z,2105814,찬성,2021-05-21
21,W1Q6753M,2105814,찬성,2021-05-21
21,MHK9919B,2105814,불참,2021-05-21
21,E1J8836Y,2105814,찬성,2021-05-21
21,RD42006Y,2105814,불참,2021-05-21
21,1BX7234U,2105814,찬성,2021-05-21
21,QHL3248U,2105814,찬성,2021-05-21
21,AE685067,2105814,불참,2021-05-21
21,9S151177,2105814,찬성,2021-05-21
21,TZ228122,2105814,찬성,2021-05-21
21,9V18755A,2105814,찬성,2021-05-21
21,XA42275R,2105814,찬성,2021-05-21
21,PO64874I,2105814,불참,2021-05-21
21,USR7059P,2105814,찬성,2021-05-21
21,TJW93720,2105814,찬성,2021-05-21
21,8FB1535Y,2105814,찬성,2021-05-21
21,6MO8786S,2105814,찬성,2021-05-21
21,9JF4562W,2105814,불참,2021-05-21
21,ATB59635,2105814,찬성,2021-05-21
21,KUO3574J,2105814,찬성,2021-05-21
21,8SV6917G,2105814,불참,2021-05-21
21,RO593601,2105814,찬성,2021-05-21
21,40S1959J,2105814,찬성,2021-05-21
21,GX22581L,2105814,찬성,2021-05-21
21,DPZ7685X,2105814,찬성,2021-05-21
21,O0I2045I,2105814,찬성,2021-05-21
21,JZY9937U,2105814,찬성,2021-05-21
21,HSS7466Y,2105814,찬성,2021-05-21
21,KB04377U,2105814,불참,2021-05-21
21,DBA1057Z,2105814,찬성,2021-05-21
21,D0C85236,2105814,찬성,2021-05-21
21,3249208I,2105814,찬성,2021-05-21
21,XEF29171,2105814,찬성,2021-05-21
21,9D939735,2105814,불참,2021-05-21
21,DAV7257X,2105814,찬성,2021-05-21
21,SQ36001H,2105814,찬성,2021-05-21
21,OSV9142K,2105814,찬성,2021-05-21
21,B7R2742J,2105814,찬성,2021-05-21
21,ZDP5704Q,2105814,기권,2021-05-21
21,6EN68926,2105814,불참,2021-05-21
21,ZKU88693,2105814,찬성,2021-05-21
21,F5U2979W,2119385,찬성,2023-03-30
21,9S151177,2119385,찬성,2023-03-30
21,USR7059P,2119385,찬성,2023-03-30
21,P2N50879,2119385,찬성,2023-03-30
21,A0P4646G,2119385,찬성,2023-03-30
21,A2V51235,2119385,찬성,2023-03-30
21,7I09543O,2119385,찬성,2023-03-30
21,7469929V,2119385,불참,2023-03-30
21,M6H1705E,2119385,찬성,2023-03-30
21,OFE45081,2119385,기권,2023-03-30
21,5KV96424,2119385,찬성,2023-03-30
21,60490713,2119385,찬성,2023-03-30
21,1WE5693J,2119385,찬성,2023-03-30
21,SU53086M,2119385,불참,2023-03-30
21,MR210505,2119385,불참,2023-03-30
21,GF286398,2119385,찬성,2023-03-30
21,40E3739H,2119385,찬성,2023-03-30
21,RPN2293B,2119385,불참,2023-03-30
21,MQU41854,2119385,불참,2023-03-30
21,ZA54991S,2119385,찬성,2023-03-30
21,0827740Q,2119385,찬성,2023-03-30
21,0W194007,2119385,찬성,2023-03-30
21,NCP9875N,2119385,찬성,2023-03-30
21,I5I2468R,2119385,찬성,2023-03-30
21,3425169D,2119385,찬성,2023-03-30
21,CT85313K,2119385,찬성,2023-03-30
21,SBK1544B,2119385,불참,2023-03-30
21,KUO3574J,2119385,찬성,2023-03-30
21,8SV6917G,2119385,불참,2023-03-30
21,68P7228G,2119385,찬성,2023-03-30
21,CNZ51556,2119385,찬성,2023-03-30
21,P2N4585G,2119385,찬성,2023-03-30
21,6399076T,2119385,찬성,2023-03-30
21,WHV3448W,2119385,찬성,2023-03-30
21,1Y73132H,2119385,찬성,2023-03-30
21,04T3751T,2119385,찬성,2023-03-30
21,14M56632,2119385,불참,2023-03-30
21,6U243644,2119385,찬성,2023-03-30
21,KFS1358P,2119385,찬성,2023-03-30
21,CZB4125D,2119385,불참,2023-03-30
21,FU53642G,2119385,찬성,2023-03-30
21,MLH1404S,2119385,찬성,2023-03-30
21,8VY63414,2119385,찬성,2023-03-30
21,JEZ3130Q,2119385,불참,2023-03-30
21,LJK4960Z,2119385,찬성,2023-03-30
21,IUD9392R,2119385,찬성,2023-03-30
21,K3W33496,2119385,찬성,2023-03-30
21,CI15627C,2119385,기권,2023-03-30
21,TRE2429O,2119385,불참,2023-03-30
21,E6U4345C,2119385,찬성,2023-03-30
21,XJC13432,2119385,찬성,2023-03-30
21,T465023H,2119385,찬성,2023-03-30
21,3RW63706,2119385,찬성,2023-03-30
21,CNW5754J,2119385,찬성,2023-03-30
21,FDC3144T,2119385,찬성,2023-03-30
21,SQ36001H,2119385,찬성,2023-03-30
21,QUO78839,2119385,찬성,2023-03-30
21,ZDP5704Q,2119385,찬성,2023-03-30
21,S741317G,2119385,찬성,2023-03-30
21,YOG1280B,2119385,찬성,2023-03-30
21,FIC9046Z,2119385,불참,2023-03-30
21,DWK26447,2119385,찬성,2023-03-30
21,NUB4941Z,2119385,찬성,2023-03-30
21,KFM1081G,2119385,찬성,2023-03-30
21,NLR6572J,2119385,찬성,2023-03-30
21,YTA7297R,2119385,찬성,2023-03-30
21,JNL7001A,2119385,찬성,2023-03-30
21,L7T64271,2119385,찬성,2023-03-30
21,4X525582,2119385,찬성,2023-03-30
21,GKD32201,2119385,찬성,2023-03-30
21,G7512472,2119385,찬성,2023-03-30
21,3TO11703,2119385,찬성,2023-03-30
21,CCU1009B,2119385,찬성,2023-03-30
21,MU69217P,2119385,찬성,2023-03-30
21,2N793392,2119385,찬성,2023-03-30
21,66W6739S,2119385,불참,2023-03-30
21,LM13674V,2119385,찬성,2023-03-30
21,QD25323M,2119385,불참,2023-03-30
21,JVB6983V,2119385,찬성,2023-03-30
21,DAY6557K,2119385,찬성,2023-03-30
21,GP07421U,2119385,불참,2023-03-30
21,FGI27280,2119385,불참,2023-03-30
21,4XG1439M,2119385,기권,2023-03-30
21,3DK8989T,2119385,찬성,2023-03-30
21,D4L60530,2119385,불참,2023-03-30
21,09I2323E,2119385,찬성,2023-03-30
21,NTT8182Q,2119385,반대,2023-03-30
21,A3H7195R,2119385,불참,2023-03-30
21,ZYH1940A,2119385,불참,2023-03-30
21,0VU8517U,2119385,불참,2023-03-30
21,M0A1658U,2119385,찬성,2023-03-30
21,HSW1214Q,2119385,찬성,2023-03-30
21,NZF1659U,2119385,불참,2023-03-30
21,WDS6044S,2119385,불참,2023-03-30
21,3BC6890E,2119385,불참,2023-03-30
21,ZDR63255,2119385,찬성,2023-03-30
21,KR14136C,2119385,찬성,2023-03-30
21,SRP7336N,2119385,불참,2023-03-30
21,5765663F,2119385,찬성,2023-03-30
21,GFF1986K,2119385,찬성,2023-03-30
21,ZKU88693,2119385,기권,2023-03-30
21,WJL30106,2119385,찬성,2023-03-30
21,KNM3215T,2119385,찬성,2023-03-30
21,M7T9712V,2119385,불참,2023-03-30
21,UM51067K,2119385,찬성,2023-03-30
21,HKJ99607,2119385,불참,2023-03-30
21,X3170462,2119385,불참,2023-03-30
21,MY318392,2119385,기권,2023-03-30
21,8FB1535Y,2119385,찬성,2023-03-30
21,4T026790,2119385,찬성,2023-03-30
21,EH27538E,2119385,찬성,2023-03-30
21,WFU14784,2119385,찬성,2023-03-30
21,0WL9321T,2119385,찬성,2023-03-30
21,PZA4062H,2119385,찬성,2023-03-30
21,8348421R,2119385,불참,2023-03-30
21,H5476989,2119385,찬성,2023-03-30
21,JQA21112,2119385,불참,2023-03-30
21,4L695580,2119385,찬성,2023-03-30
21,HXT76735,2119385,찬성,2023-03-30
21,0R68099X,2119385,기권,2023-03-30
21,6RM29022,2119385,찬성,2023-03-30
21,V429892C,2119385,찬성,2023-03-30
21,2385336L,2119385,찬성,2023-03-30
21,IN328264,2119385,불참,2023-03-30
21,XBT9550Q,2119385,불참,2023-03-30
21,MO52543L,2119385,찬성,2023-03-30
21,X1K3667J,2119385,찬성,2023-03-30
21,WMG57662,2119385,찬성,2023-03-30
21,WTR5885Y,2119385,찬성,2023-03-30
21,IOW1101J,2119385,찬성,2023-03-30
21,ICH23251,2119385,찬성,2023-03-30
21,25I8709Q,2119385,찬성,2023-03-30
21,OIA3741M,2119385,찬성,2023-03-30
21,6MO8786S,2119385,찬성,2023-03-30
21,XWX1513T,2119385,불참,2023-03-30
21,BLC8630L,2119385,찬성,2023-03-30
21,NQR1206Q,2119385,찬성,2023-03-30
21,LG63087O,2119385,불참,2023-03-30
21,OW53107J,2119385,불참,2023-03-30
21,PEP6922S,2119385,불참,2023-03-30
21,DAN6731C,2119385,불참,2023-03-30
21,VG24001G,2119385,불참,2023-03-30
21,L2I9861C,2119385,찬성,2023-03-30
21,WCD5518S,2119385,찬성,2023-03-30
21,SVH3899R,2119385,불참,2023-03-30
21,IOW8224X,2119385,기권,2023-03-30
21,9JF4562W,2119385,찬성,2023-03-30
21,Y7K5946R,2119385,불참,2023-03-30
21,Z7Y7827F,2119385,찬성,2023-03-30
21,ATB59635,2119385,불참,2023-03-30
21,D6U6678O,2119385,찬성,2023-03-30
21,FU87526G,2119385,찬성,2023-03-30
21,S9U45255,2119385,찬성,2023-03-30
21,8FC9697X,2119385,찬성,2023-03-30
21,QKO6165V,2119385,불참,2023-03-30
21,GD131760,2119385,불참,2023-03-30
21,ZRF3039U,2119385,불참,2023-03-30
21,V0O5343U,2119385,찬성,2023-03-30
21,P0F1530P,2119385,불참,2023-03-30
21,XPP2564T,2119385,찬성,2023-03-30
21,FRN1867O,2119385,찬성,2023-03-30
21,LQW3652K,2119385,불참,2023-03-30
21,RO593601,2119385,찬성,2023-03-30
21,PFG2137X,2119385,찬성,2023-03-30
21,UB114374,2119385,불참,2023-03-30
21,GAV6441G,2119385,찬성,2023-03-30
21,0YT3774N,2119385,찬성,2023-03-30
21,7JC3239L,2119385,불참,2023-03-30
21,40S1959J,2119385,찬성,2023-03-30
21,IL74008M,2119385,찬성,2023-03-30
21,8KF7223D,2119385,찬성,2023-03-30
21,8P37634C,2119385,찬성,2023-03-30
21,N4R2421C,2119385,불참,2023-03-30
21,3C23171A,2119385,찬성,2023-03-30
21,GDG1847Z,2119385,찬성,2023-03-30
21,O7R5461J,2119385,찬성,2023-03-30
21,JMY9959W,2119385,찬성,2023-03-30
21,7R156073,2119385,찬성,2023-03-30
21,6AR6743G,2119385,불참,2023-03-30
21,J2O8643H,2119385,불참,2023-03-30
21,VCP96419,2119385,찬성,2023-03-30
21,6AU2417B,2119385,찬성,2023-03-30
21,8VJ8533R,2119385,찬성,2023-03-30
21,B7D7534L,2119385,찬성,2023-03-30
21,GX22581L,2119385,찬성,2023-03-30
21,SE233396,2119385,찬성,2023-03-30
21,AFH96856,2119385,찬성,2023-03-30
21,52P3934K,2119385,찬성,2023-03-30
21,B7H6207C,2119385,찬성,2023-03-30
21,4U29186R,2119385,불참,2023-03-30
21,F5Y4026Q,2119385,찬성,2023-03-30
21,6RD62559,2119385,찬성,2023-03-30
21,I0S53762,2119385,불참,2023-03-30
21,LH97552Q,2119385,찬성,2023-03-30
21,TKJ4800F,2119385,찬성,2023-03-30
21,O6D8329R,2119385,반대,2023-03-30
21,MSY7784L,2119385,찬성,2023-03-30
21,EVH1507C,2119385,찬성,2023-03-30
21,K5F2023J,2119385,찬성,2023-03-30
21,N9X9673B,2119385,찬성,2023-03-30
21,5MD4184K,2119385,찬성,2023-03-30
21,5K93695T,2119385,찬성,2023-03-30
21,DPZ7685X,2119385,찬성,2023-03-30
21,E9R4507P,2119385,불참,2023-03-30
21,UHB5553T,2119385,찬성,2023-03-30
21,J9S37905,2119385,찬성,2023-03-30
21,A494529E,2119385,찬성,2023-03-30
21,VRY5522V,2119385,기권,2023-03-30
21,CAA7713A,2119385,찬성,2023-03-30
21,0PK7354M,2119385,기권,2023-03-30
21,O0I2045I,2119385,찬성,2023-03-30
21,Z6R3959C,2119385,찬성,2023-03-30
21,QUM8288K,2119385,찬성,2023-03-30
21,UGH6481E,2119385,찬성,2023-03-30
21,S824682L,2119385,찬성,2023-03-30
21,W4X85128,2119385,찬성,2023-03-30
21,Q9H5708M,2119385,불참,2023-03-30
21,JZY9937U,2119385,찬성,2023-03-30
21,MRK4871S,2119385,찬성,2023-03-30
21,YKW37422,2119385,불참,2023-03-30
21,2NV6751W,2119385,찬성,2023-03-30
21,BM63269Y,2119385,불참,2023-03-30
21,M7O7878U,2119385,찬성,2023-03-30
21,YLS4431M,2119385,불참,2023-03-30
21,MNZ4401T,2119385,찬성,2023-03-30
21,3ZR4438W,2119385,찬성,2023-03-30
21,HSS7466Y,2119385,찬성,2023-03-30
21,16D7652C,2119385,찬성,2023-03-30
21,KB04377U,2119385,찬성,2023-03-30
21,XR24352K,2119385,찬성,2023-03-30
21,QQP4727N,2119385,찬성,2023-03-30
21,BCQ55105,2119385,찬성,2023-03-30
21,9L57027L,2119385,찬성,2023-03-30
21,GOC54665,2119385,반대,2023-03-30
21,5UN9725L,2119385,찬성,2023-03-30
21,M2Q9024I,2119385,불참,2023-03-30
21,DBA1057Z,2119385,불참,2023-03-30
21,C7E79345,2119385,불참,2023-03-30
21,4019850M,2119385,찬성,2023-03-30
21,UQ282145,2119385,찬성,2023-03-30
21,9YO73104,2119385,찬성,2023-03-30
21,7BM2933Y,2119385,찬성,2023-03-30
21,CDL93608,2119385,불참,2023-03-30
21,2UD1340H,2119385,찬성,2023-03-30
21,9VR65006,2119385,불참,2023-03-30
21,X7I4680R,2119385,불참,2023-03-30
21,EMC8812P,2119385,찬성,2023-03-30
21,XSP20229,2119385,불참,2023-03-30
21,RQQ3807K,2119385,찬성,2023-03-30
21,FH777496,2119385,찬성,2023-03-30
21,FYI20317,2119385,찬성,2023-03-30
21,8X15119P,2119385,찬성,2023-03-30
21,ZYP7962W,2119385,불참,2023-03-30
21,3249208I,2119385,찬성,2023-03-30
21,GX38539O,2119385,찬성,2023-03-30
21,8Q88373R,2119385,반대,2023-03-30
21,XEF29171,2119385,찬성,2023-03-30
21,WVU2479T,2119385,찬성,2023-03-30
21,9D939735,2119385,찬성,2023-03-30
21,QTW6852F,2119385,찬성,2023-03-30
21,7XY7109I,2119385,찬성,2023-03-30
21,TST4507I,2119385,불참,2023-03-30
21,JC14718Q,2119385,찬성,2023-03-30
21,5KV82250,2119385,불참,2023-03-30
21,L7J93733,2119385,불참,2023-03-30
21,DAV7257X,2119385,찬성,2023-03-30
21,LT72093S,2119385,찬성,2023-03-30
21,GE71932C,2119385,찬성,2023-03-30
21,6YT83269,2119385,찬성,2023-03-30
21,1MU99298,2119385,찬성,2023-03-30
21,17M85910,2119385,찬성,2023-03-30
21,G152611B,2119385,불참,2023-03-30
21,I7R13867,2119385,찬성,2023-03-30
21,G1570880,2119385,찬성,2023-03-30
21,9LD2641Q,2119385,찬성,2023-03-30
21,FOK3459D,2119385,불참,2023-03-30
21,BT62420K,2119385,찬성,2023-03-30
21,LPB30152,2119385,찬성,2023-03-30
21,MD083627,2119385,찬성,2023-03-30
21,TZP9391O,2119385,찬성,2023-03-30
21,6V37131U,2119385,불참,2023-03-30
21,OSV9142K,2119385,찬성,2023-03-30
21,B7R2742J,2119385,찬성,2023-03-30
21,FJK3396E,2119385,찬성,2023-03-30
21,71J2365L,2119385,불참,2023-03-30
21,7O71647Z,2119385,찬성,2023-03-30
21,W1Q6753M,2119385,찬성,2023-03-30
21,E1J8836Y,2119385,불참,2023-03-30
21,RD42006Y,2119385,불참,2023-03-30
21,6EN68926,2119385,찬성,2023-03-30
21,1BX7234U,2119385,찬성,2023-03-30
21,QHL3248U,2119385,찬성,2023-03-30
21,TJW93720,2119385,찬성,2023-03-30
21,TZ228122,2119385,찬성,2023-03-30
21,9V18755A,2119385,찬성,2023-03-30
21,XA42275R,2119385,찬성,2023-03-30
21,PO64874I,2119385,찬성,2023-03-30
21,LBC8144B,2119385,찬성,2023-03-30
21,VHK3402G,2119385,불참,2023-03-30
21,F5U2979W,2123254,찬성,2023-12-08
21,YOG1280B,2123254,찬성,2023-12-08
21,DWK26447,2123254,찬성,2023-12-08
21,NUB4941Z,2123254,찬성,2023-12-08
21,KFM1081G,2123254,찬성,2023-12-08
21,F0I5053J,2123254,찬성,2023-12-08
21,YTA7297R,2123254,찬성,2023-12-08
21,G7512472,2123254,찬성,2023-12-08
21,3TO11703,2123254,불참,2023-12-08
21,MU69217P,2123254,불참,2023-12-08
21,66W6739S,2123254,찬성,2023-12-08
21,QD25323M,2123254,찬성,2023-12-08
21,DAY6557K,2123254,찬성,2023-12-08
21,USR7059P,2123254,불참,2023-12-08
21,4XG1439M,2123254,찬성,2023-12-08
21,P2N50879,2123254,찬성,2023-12-08
21,A0P4646G,2123254,찬성,2023-12-08
21,A2V51235,2123254,찬성,2023-12-08
21,7I09543O,2123254,불참,2023-12-08
21,3DK8989T,2123254,찬성,2023-12-08
21,7469929V,2123254,찬성,2023-12-08
21,OFE45081,2123254,찬성,2023-12-08
21,09I2323E,2123254,찬성,2023-12-08
21,ZYH1940A,2123254,불참,2023-12-08
21,HSW1214Q,2123254,찬성,2023-12-08
21,NZF1659U,2123254,불참,2023-12-08
21,WDS6044S,2123254,찬성,2023-12-08
21,3BC6890E,2123254,불참,2023-12-08
21,ZDR63255,2123254,불참,2023-12-08
21,KR14136C,2123254,찬성,2023-12-08
21,5765663F,2123254,찬성,2023-12-08
21,GFF1986K,2123254,찬성,2023-12-08
21,ZKU88693,2123254,불참,2023-12-08
21,5KV96424,2123254,찬성,2023-12-08
21,M7T9712V,2123254,불참,2023-12-08
21,60490713,2123254,찬성,2023-12-08
21,UM51067K,2123254,찬성,2023-12-08
21,1WE5693J,2123254,불참,2023-12-08
21,X3170462,2123254,찬성,2023-12-08
21,8FB1535Y,2123254,찬성,2023-12-08
21,4T026790,2123254,찬성,2023-12-08
21,EH27538E,2123254,찬성,2023-12-08
21,WFU14784,2123254,찬성,2023-12-08
21,SU53086M,2123254,찬성,2023-12-08
21,0WL9321T,2123254,찬성,2023-12-08
21,PZA4062H,2123254,찬성,2023-12-08
21,MR210505,2123254,불참,2023-12-08
21,JQA21112,2123254,불참,2023-12-08
21,4L695580,2123254,찬성,2023-12-08
21,40E3739H,2123254,불참,2023-12-08
21,RPN2293B,2123254,찬성,2023-12-08
21,6RM29022,2123254,찬성,2023-12-08
21,MQU41854,2123254,찬성,2023-12-08
21,V429892C,2123254,불참,2023-12-08
21,IN328264,2123254,불참,2023-12-08
21,XBT9550Q,2123254,불참,2023-12-08
21,ZA54991S,2123254,찬성,2023-12-08
21,0827740Q,2123254,찬성,2023-12-08
21,0W194007,2123254,찬성,2023-12-08
21,WMG57662,2123254,찬성,2023-12-08
21,NCP9875N,2123254,찬성,2023-12-08
21,I5I2468R,2123254,찬성,2023-12-08
21,3425169D,2123254,찬성,2023-12-08
21,OIA3741M,2123254,찬성,2023-12-08
21,6MO8786S,2123254,찬성,2023-12-08
21,CT85313K,2123254,찬성,2023-12-08
21,BLC8630L,2123254,불참,2023-12-08
21,NQR1206Q,2123254,찬성,2023-12-08
21,L2I9861C,2123254,불참,2023-12-08
21,WCD5518S,2123254,찬성,2023-12-08
21,SVH3899R,2123254,찬성,2023-12-08
21,IOW8224X,2123254,불참,2023-12-08
21,9JF4562W,2123254,찬성,2023-12-08
21,Y7K5946R,2123254,찬성,2023-12-08
21,KUO3574J,2123254,찬성,2023-12-08
21,D6U6678O,2123254,찬성,2023-12-08
21,S9U45255,2123254,불참,2023-12-08
21,8FC9697X,2123254,불참,2023-12-08
21,QKO6165V,2123254,불참,2023-12-08
21,GD131760,2123254,불참,2023-12-08
21,ZRF3039U,2123254,찬성,2023-12-08
21,V0O5343U,2123254,찬성,2023-12-08
21,68P7228G,2123254,찬성,2023-12-08
21,XPP2564T,2123254,찬성,2023-12-08
21,FRN1867O,2123254,찬성,2023-12-08
21,RO593601,2123254,찬성,2023-12-08
21,GAV6441G,2123254,찬성,2023-12-08
21,0YT3774N,2123254,불참,2023-12-08
21,40S1959J,2123254,불참,2023-12-08
21,IL74008M,2123254,찬성,2023-12-08
21,8KF7223D,2123254,불참,2023-12-08
21,8P37634C,2123254,불참,2023-12-08
21,CNZ51556,2123254,찬성,2023-12-08
21,3C23171A,2123254,찬성,2023-12-08
21,GDG1847Z,2123254,찬성,2023-12-08
21,P2N4585G,2123254,불참,2023-12-08
21,JMY9959W,2123254,불참,2023-12-08
21,7R156073,2123254,찬성,2023-12-08
21,6AR6743G,2123254,불참,2023-12-08
21,VCP96419,2123254,불참,2023-12-08
21,B7D7534L,2123254,찬성,2023-12-08
21,GX22581L,2123254,불참,2023-12-08
21,SE233396,2123254,찬성,2023-12-08
21,AFH96856,2123254,찬성,2023-12-08
21,52P3934K,2123254,찬성,2023-12-08
21,B7H6207C,2123254,찬성,2023-12-08
21,6399076T,2123254,찬성,2023-12-08
21,4U29186R,2123254,찬성,2023-12-08
21,F5Y4026Q,2123254,불참,2023-12-08
21,WHV3448W,2123254,불참,2023-12-08
21,6RD62559,2123254,찬성,2023-12-08
21,LH97552Q,2123254,찬성,2023-12-08
21,TKJ4800F,2123254,불참,2023-12-08
21,O6D8329R,2123254,찬성,2023-12-08
21,MSY7784L,2123254,불참,2023-12-08
21,EVH1507C,2123254,찬성,2023-12-08
21,N9X9673B,2123254,불참,2023-12-08
21,5MD4184K,2123254,불참,2023-12-08
21,5K93695T,2123254,불참,2023-12-08
21,DPZ7685X,2123254,찬성,2023-12-08
21,E9R4507P,2123254,찬성,2023-12-08
21,UHB5553T,2123254,찬성,2023-12-08
21,J9S37905,2123254,찬성,2023-12-08
21,A494529E,2123254,찬성,2023-12-08
21,VRY5522V,2123254,찬성,2023-12-08
21,CAA7713A,2123254,찬성,2023-12-08
21,0PK7354M,2123254,찬성,2023-12-08
21,O0I2045I,2123254,찬성,2023-12-08
21,CZB4125D,2123254,불참,2023-12-08
21,Z6R3959C,2123254,불참,2023-12-08
21,UGH6481E,2123254,찬성,2023-12-08
21,W4X85128,2123254,불참,2023-12-08
21,JZY9937U,2123254,불참,2023-12-08
21,MRK4871S,2123254,불참,2023-12-08
21,YKW37422,2123254,찬성,2023-12-08
21,2NV6751W,2123254,불참,2023-12-08
21,BM63269Y,2123254,찬성,2023-12-08
21,YLS4431M,2123254,찬성,2023-12-08
21,3ZR4438W,2123254,찬성,2023-12-08
21,KB04377U,2123254,찬성,2023-12-08
21,FU53642G,2123254,찬성,2023-12-08
21,8VY63414,2123254,찬성,2023-12-08
21,QQP4727N,2123254,불참,2023-12-08
21,BCQ55105,2123254,찬성,2023-12-08
21,5UN9725L,2123254,불참,2023-12-08
21,LJK4960Z,2123254,찬성,2023-12-08
21,IUD9392R,2123254,불참,2023-12-08
21,NCO99988,2123254,찬성,2023-12-08
21,M2Q9024I,2123254,불참,2023-12-08
21,DBA1057Z,2123254,불참,2023-12-08
21,C7E79345,2123254,불참,2023-12-08
21,UQ282145,2123254,찬성,2023-12-08
21,TRE2429O,2123254,찬성,2023-12-08
21,E6U4345C,2123254,찬성,2023-12-08
21,7BM2933Y,2123254,찬성,2023-12-08
21,CDL93608,2123254,불참,2023-12-08
21,X7I4680R,2123254,찬성,2023-12-08
21,XJC13432,2123254,찬성,2023-12-08
21,T465023H,2123254,찬성,2023-12-08
21,RQQ3807K,2123254,찬성,2023-12-08
21,FH777496,2123254,찬성,2023-12-08
21,8X15119P,2123254,불참,2023-12-08
21,CNW5754J,2123254,찬성,2023-12-08
21,3249208I,2123254,찬성,2023-12-08
21,GX38539O,2123254,찬성,2023-12-08
21,8Q88373R,2123254,불참,2023-12-08
21,XEF29171,2123254,찬성,2023-12-08
21,QTW6852F,2123254,불참,2023-12-08
21,7XY7109I,2123254,찬성,2023-12-08
21,TST4507I,2123254,찬성,2023-12-08
21,JC14718Q,2123254,찬성,2023-12-08
21,5KV82250,2123254,기권,2023-12-08
21,LT72093S,2123254,찬성,2023-12-08
21,GE71932C,2123254,불참,2023-12-08
21,FDC3144T,2123254,찬성,2023-12-08
21,17M85910,2123254,찬성,2023-12-08
21,I7R13867,2123254,찬성,2023-12-08
21,SQ36001H,2123254,불참,2023-12-08
21,G1570880,2123254,찬성,2023-12-08
21,9LD2641Q,2123254,불참,2023-12-08
21,LPB30152,2123254,찬성,2023-12-08
21,MD083627,2123254,찬성,2023-12-08
21,B7R2742J,2123254,찬성,2023-12-08
21,FJK3396E,2123254,찬성,2023-12-08
21,ZDP5704Q,2123254,찬성,2023-12-08
21,71J2365L,2123254,불참,2023-12-08
21,7O71647Z,2123254,찬성,2023-12-08
21,W1Q6753M,2123254,찬성,2023-12-08
21,E1J8836Y,2123254,찬성,2023-12-08
21,RD42006Y,2123254,불참,2023-12-08
21,QHL3248U,2123254,불참,2023-12-08
21,TJW93720,2123254,찬성,2023-12-08
21,9S151177,2123254,불참,2023-12-08
21,9V18755A,2123254,찬성,2023-12-08
21,XA42275R,2123254,찬성,2023-12-08
21,PO64874I,2123254,찬성,2023-12-08
21,VHK3402G,2123254,불참,2023-12-08
21,M7O7878U,2123254,찬성,2023-12-08
21,MNZ4401T,2123254,불참,2023-12-08
21,HSS7466Y,2123254,불참,2023-12-08
21,16D7652C,2123254,찬성,2023-12-08
21,MLH1404S,2123254,찬성,2023-12-08
21,XR24352K,2123254,찬성,2023-12-08
21,JEZ3130Q,2123254,찬성,2023-12-08
21,9L57027L,2123254,찬성,2023-12-08
21,GOC54665,2123254,불참,2023-12-08
21,K3W33496,2123254,찬성,2023-12-08
21,CI15627C,2123254,불참,2023-12-08
21,4019850M,2123254,불참,2023-12-08
21,9YO73104,2123254,불참,2023-12-08
21,2UD1340H,2123254,찬성,2023-12-08
21,9VR65006,2123254,불참,2023-12-08
21,EMC8812P,2123254,찬성,2023-12-08
21,XSP20229,2123254,불참,2023-12-08
21,3RW63706,2123254,찬성,2023-12-08
21,FYI20317,2123254,찬성,2023-12-08
21,ZYP7962W,2123254,불참,2023-12-08
21,WVU2479T,2123254,불참,2023-12-08
21,9D939735,2123254,찬성,2023-12-08
21,L7J93733,2123254,찬성,2023-12-08
21,DAV7257X,2123254,찬성,2023-12-08
21,6YT83269,2123254,불참,2023-12-08
21,1MU99298,2123254,찬성,2023-12-08
21,G152611B,2123254,불참,2023-12-08
21,FOK3459D,2123254,불참,2023-12-08
21,QUO78839,2123254,찬성,2023-12-08
21,BT62420K,2123254,불참,2023-12-08
21,TZP9391O,2123254,찬성,2023-12-08
21,6V37131U,2123254,불참,2023-12-08
21,OSV9142K,2123254,찬성,2023-12-08
21,6EN68926,2123254,찬성,2023-12-08
21,1BX7234U,2123254,찬성,2023-12-08
21,TZ228122,2123254,찬성,2023-12-08
21,LBC8144B,2123254,불참,2023-12-08
21,FIC9046Z,2123254,불참,2023-12-08
21,NLR6572J,2123254,찬성,2023-12-08
21,L7T64271,2123254,찬성,2023-12-08
21,4X525582,2123254,불참,2023-12-08
21,GKD32201,2123254,찬성,2023-12-08
21,S741317G,2123254,찬성,2023-12-08
21,CCU1009B,2123254,찬성,2023-12-08
21,2N793392,2123254,불참,2023-12-08
21,LM13674V,2123254,찬성,2023-12-08
21,JVB6983V,2123254,찬성,2023-12-08
21,GP07421U,2123254,찬성,2023-12-08
21,FGI27280,2123254,불참,2023-12-08
21,D4L60530,2123254,찬성,2023-12-08
21,M6H1705E,2123254,찬성,2023-12-08
21,NTT8182Q,2123254,찬성,2023-12-08
21,A3H7195R,2123254,불참,2023-12-08
21,0VU8517U,2123254,불참,2023-12-08
21,M0A1658U,2123254,찬성,2023-12-08
21,WJL30106,2123254,불참,2023-12-08
21,KNM3215T,2123254,불참,2023-12-08
21,HKJ99607,2123254,불참,2023-12-08
21,MY318392,2123254,불참,2023-12-08
21,GF286398,2123254,불참,2023-12-08
21,8348421R,2123254,찬성,2023-12-08
21,H5476989,2123254,찬성,2023-12-08
21,6FS10566,2123254,찬성,2023-12-08
21,HXT76735,2123254,찬성,2023-12-08
21,0R68099X,2123254,찬성,2023-12-08
21,2385336L,2123254,찬성,2023-12-08
21,MO52543L,2123254,불참,2023-12-08
21,X1K3667J,2123254,불참,2023-12-08
21,WTR5885Y,2123254,찬성,2023-12-08
21,IOW1101J,2123254,불참,2023-12-08
21,25I8709Q,2123254,찬성,2023-12-08
21,XWX1513T,2123254,불참,2023-12-08
21,LG63087O,2123254,찬성,2023-12-08
21,OW53107J,2123254,불참,2023-12-08
21,PEP6922S,2123254,찬성,2023-12-08
21,DAN6731C,2123254,불참,2023-12-08
21,VG24001G,2123254,불참,2023-12-08
21,Z7Y7827F,2123254,찬성,2023-12-08
21,ATB59635,2123254,찬성,2023-12-08
21,FU87526G,2123254,불참,2023-12-08
21,8SV6917G,2123254,기권,2023-12-08
21,P0F1530P,2123254,불참,2023-12-08
21,LQW3652K,2123254,찬성,2023-12-08
21,PFG2137X,2123254,찬성,2023-12-08
21,UB114374,2123254,찬성,2023-12-08
21,7JC3239L,2123254,찬성,2023-12-08
21,N4R2421C,2123254,찬성,2023-12-08
21,O7R5461J,2123254,불참,2023-12-08
21,J2O8643H,2123254,찬성,2023-12-08
21,6AU2417B,2123254,찬성,2023-12-08
21,8VJ8533R,2123254,찬성,2023-12-08
21,1Y73132H,2123254,찬성,2023-12-08
21,I0S53762,2123254,불참,2023-12-08
21,04T3751T,2123254,찬성,2023-12-08
21,K5F2023J,2123254,찬성,2023-12-08
21,14M56632,2123254,찬성,2023-12-08
21,6U243644,2123254,불참,2023-12-08
21,KFS1358P,2123254,찬성,2023-12-08
21,QUM8288K,2123254,불참,2023-12-08
21,S824682L,2123254,찬성,2023-12-08
21,Q9H5708M,2123254,불참,2023-12-08
21,FIC9046Z,2105698,찬성,2021-09-28
21,GKD32201,2105698,찬성,2021-09-28
21,S741317G,2105698,찬성,2021-09-28
21,CCU1009B,2105698,찬성,2021-09-28
21,MU69217P,2105698,찬성,2021-09-28
21,2N793392,2105698,찬성,2021-09-28
21,QD25323M,2105698,찬성,2021-09-28
21,DAY6557K,2105698,찬성,2021-09-28
21,GP07421U,2105698,찬성,2021-09-28
21,FGI27280,2105698,불참,2021-09-28
21,USR7059P,2105698,찬성,2021-09-28
21,4XG1439M,2105698,찬성,2021-09-28
21,7I09543O,2105698,찬성,2021-09-28
21,7469929V,2105698,불참,2021-09-28
21,A3H7195R,2105698,불참,2021-09-28
21,ZYH1940A,2105698,찬성,2021-09-28
21,M0A1658U,2105698,찬성,2021-09-28
21,HSW1214Q,2105698,불참,2021-09-28
21,NZF1659U,2105698,불참,2021-09-28
21,WDS6044S,2105698,불참,2021-09-28
21,3BC6890E,2105698,찬성,2021-09-28
21,ZDR63255,2105698,찬성,2021-09-28
21,SRP7336N,2105698,불참,2021-09-28
21,GFF1986K,2105698,불참,2021-09-28
21,WJL30106,2105698,불참,2021-09-28
21,5KV96424,2105698,불참,2021-09-28
21,60490713,2105698,찬성,2021-09-28
21,HKJ99607,2105698,찬성,2021-09-28
21,MY318392,2105698,찬성,2021-09-28
21,4T026790,2105698,찬성,2021-09-28
21,EH27538E,2105698,찬성,2021-09-28
21,WFU14784,2105698,찬성,2021-09-28
21,SU53086M,2105698,불참,2021-09-28
21,PZA4062H,2105698,불참,2021-09-28
21,MR210505,2105698,찬성,2021-09-28
21,GF286398,2105698,찬성,2021-09-28
21,JQA21112,2105698,찬성,2021-09-28
21,4L695580,2105698,찬성,2021-09-28
21,HXT76735,2105698,불참,2021-09-28
21,RPN2293B,2105698,찬성,2021-09-28
21,V429892C,2105698,불참,2021-09-28
21,4A067125,2105698,불참,2021-09-28
21,XBT9550Q,2105698,찬성,2021-09-28
21,ZA54991S,2105698,찬성,2021-09-28
21,MO52543L,2105698,불참,2021-09-28
21,0827740Q,2105698,불참,2021-09-28
21,X1K3667J,2105698,불참,2021-09-28
21,I5I2468R,2105698,찬성,2021-09-28
21,L5P27909,2105698,불참,2021-09-28
21,IOW1101J,2105698,불참,2021-09-28
21,ICH23251,2105698,찬성,2021-09-28
21,25I8709Q,2105698,찬성,2021-09-28
21,6MO8786S,2105698,찬성,2021-09-28
21,XWX1513T,2105698,찬성,2021-09-28
21,CT85313K,2105698,찬성,2021-09-28
21,PAO22428,2105698,불참,2021-09-28
21,BLC8630L,2105698,찬성,2021-09-28
21,NQR1206Q,2105698,불참,2021-09-28
21,NAL4555X,2105698,불참,2021-09-28
21,PEP6922S,2105698,불참,2021-09-28
21,VG24001G,2105698,찬성,2021-09-28
21,L2I9861C,2105698,불참,2021-09-28
21,WCD5518S,2105698,찬성,2021-09-28
21,SVH3899R,2105698,찬성,2021-09-28
21,I434361W,2105698,찬성,2021-09-28
21,9JF4562W,2105698,찬성,2021-09-28
21,Y7K5946R,2105698,찬성,2021-09-28
21,Z7Y7827F,2105698,찬성,2021-09-28
21,KUO3574J,2105698,찬성,2021-09-28
21,D6U6678O,2105698,찬성,2021-09-28
21,FU87526G,2105698,불참,2021-09-28
21,S9U45255,2105698,찬성,2021-09-28
21,8FC9697X,2105698,찬성,2021-09-28
21,QKO6165V,2105698,찬성,2021-09-28
21,ZRF3039U,2105698,찬성,2021-09-28
21,V0O5343U,2105698,불참,2021-09-28
21,FRN1867O,2105698,불참,2021-09-28
21,LQW3652K,2105698,찬성,2021-09-28
21,RO593601,2105698,찬성,2021-09-28
21,UB114374,2105698,불참,2021-09-28
21,GAV6441G,2105698,찬성,2021-09-28
21,7JC3239L,2105698,찬성,2021-09-28
21,8P37634C,2105698,불참,2021-09-28
21,CNZ51556,2105698,찬성,2021-09-28
21,GDG1847Z,2105698,불참,2021-09-28
21,O7R5461J,2105698,불참,2021-09-28
21,TVF3669B,2105698,불참,2021-09-28
21,JMY9959W,2105698,찬성,2021-09-28
21,J2O8643H,2105698,찬성,2021-09-28
21,6AU2417B,2105698,불참,2021-09-28
21,8VJ8533R,2105698,찬성,2021-09-28
21,B7D7534L,2105698,찬성,2021-09-28
21,SE233396,2105698,찬성,2021-09-28
21,B7H6207C,2105698,찬성,2021-09-28
21,4U29186R,2105698,찬성,2021-09-28
21,F5Y4026Q,2105698,찬성,2021-09-28
21,I0S53762,2105698,불참,2021-09-28
21,O6D8329R,2105698,찬성,2021-09-28
21,EVH1507C,2105698,찬성,2021-09-28
21,N9X9673B,2105698,찬성,2021-09-28
21,5MD4184K,2105698,찬성,2021-09-28
21,6U243644,2105698,불참,2021-09-28
21,E9R4507P,2105698,찬성,2021-09-28
21,UHB5553T,2105698,찬성,2021-09-28
21,KFS1358P,2105698,찬성,2021-09-28
21,J9S37905,2105698,찬성,2021-09-28
21,A494529E,2105698,불참,2021-09-28
21,VRY5522V,2105698,불참,2021-09-28
21,Q9H5708M,2105698,불참,2021-09-28
21,CFE3998F,2105698,불참,2021-09-28
21,MRK4871S,2105698,불참,2021-09-28
21,YKW37422,2105698,불참,2021-09-28
21,2NV6751W,2105698,찬성,2021-09-28
21,BM63269Y,2105698,불참,2021-09-28
21,M7O7878U,2105698,찬성,2021-09-28
21,YLS4431M,2105698,기권,2021-09-28
21,3ZR4438W,2105698,불참,2021-09-28
21,16D7652C,2105698,찬성,2021-09-28
21,KB04377U,2105698,찬성,2021-09-28
21,8VY63414,2105698,찬성,2021-09-28
21,XR24352K,2105698,찬성,2021-09-28
21,QQP4727N,2105698,찬성,2021-09-28
21,JEZ3130Q,2105698,불참,2021-09-28
21,GOC54665,2105698,찬성,2021-09-28
21,M2Q9024I,2105698,찬성,2021-09-28
21,DBA1057Z,2105698,불참,2021-09-28
21,CI15627C,2105698,불참,2021-09-28
21,C7E79345,2105698,불참,2021-09-28
21,UQ282145,2105698,불참,2021-09-28
21,9YO73104,2105698,찬성,2021-09-28
21,TRE2429O,2105698,찬성,2021-09-28
21,2UD1340H,2105698,불참,2021-09-28
21,9VR65006,2105698,불참,2021-09-28
21,X7I4680R,2105698,찬성,2021-09-28
21,XJC13432,2105698,찬성,2021-09-28
21,D0C85236,2105698,찬성,2021-09-28
21,XSP20229,2105698,불참,2021-09-28
21,T465023H,2105698,찬성,2021-09-28
21,3RW63706,2105698,불참,2021-09-28
21,FH777496,2105698,찬성,2021-09-28
21,8X15119P,2105698,기권,2021-09-28
21,CNW5754J,2105698,찬성,2021-09-28
21,GX38539O,2105698,불참,2021-09-28
21,9D939735,2105698,불참,2021-09-28
21,QTW6852F,2105698,불참,2021-09-28
21,TST4507I,2105698,찬성,2021-09-28
21,JC14718Q,2105698,찬성,2021-09-28
21,5KV82250,2105698,찬성,2021-09-28
21,LT72093S,2105698,불참,2021-09-28
21,6YT83269,2105698,불참,2021-09-28
21,1MU99298,2105698,찬성,2021-09-28
21,FDC3144T,2105698,불참,2021-09-28
21,17M85910,2105698,찬성,2021-09-28
21,G152611B,2105698,찬성,2021-09-28
21,I7R13867,2105698,찬성,2021-09-28
21,G1570880,2105698,불참,2021-09-28
21,9LD2641Q,2105698,찬성,2021-09-28
21,FOK3459D,2105698,찬성,2021-09-28
21,QUO78839,2105698,찬성,2021-09-28
21,LPB30152,2105698,찬성,2021-09-28
21,MD083627,2105698,찬성,2021-09-28
21,6V37131U,2105698,찬성,2021-09-28
21,ZDP5704Q,2105698,찬성,2021-09-28
21,71J2365L,2105698,찬성,2021-09-28
21,7O71647Z,2105698,불참,2021-09-28
21,MHK9919B,2105698,불참,2021-09-28
21,E1J8836Y,2105698,찬성,2021-09-28
21,RD42006Y,2105698,찬성,2021-09-28
21,6EN68926,2105698,불참,2021-09-28
21,1BX7234U,2105698,찬성,2021-09-28
21,QHL3248U,2105698,불참,2021-09-28
21,TJW93720,2105698,찬성,2021-09-28
21,9S151177,2105698,불참,2021-09-28
21,TZ228122,2105698,기권,2021-09-28
21,9V18755A,2105698,찬성,2021-09-28
21,XA42275R,2105698,불참,2021-09-28
21,PO64874I,2105698,찬성,2021-09-28
21,52P3934K,2105698,찬성,2021-09-28
21,6399076T,2105698,찬성,2021-09-28
21,WHV3448W,2105698,찬성,2021-09-28
21,1Y73132H,2105698,불참,2021-09-28
21,LH97552Q,2105698,찬성,2021-09-28
21,TKJ4800F,2105698,찬성,2021-09-28
21,04T3751T,2105698,찬성,2021-09-28
21,MSY7784L,2105698,불참,2021-09-28
21,K5F2023J,2105698,불참,2021-09-28
21,14M56632,2105698,기권,2021-09-28
21,5K93695T,2105698,불참,2021-09-28
21,DPZ7685X,2105698,찬성,2021-09-28
21,CAA7713A,2105698,찬성,2021-09-28
21,0PK7354M,2105698,찬성,2021-09-28
21,O0I2045I,2105698,찬성,2021-09-28
21,CZB4125D,2105698,불참,2021-09-28
21,Z6R3959C,2105698,찬성,2021-09-28
21,QUM8288K,2105698,찬성,2021-09-28
21,UGH6481E,2105698,불참,2021-09-28
21,S824682L,2105698,불참,2021-09-28
21,W4X85128,2105698,불참,2021-09-28
21,JZY9937U,2105698,찬성,2021-09-28
21,MNZ4401T,2105698,불참,2021-09-28
21,HSS7466Y,2105698,찬성,2021-09-28
21,FU53642G,2105698,찬성,2021-09-28
21,MLH1404S,2105698,불참,2021-09-28
21,BCQ55105,2105698,찬성,2021-09-28
21,9L57027L,2105698,찬성,2021-09-28
21,5UN9725L,2105698,불참,2021-09-28
21,LJK4960Z,2105698,찬성,2021-09-28
21,K3W33496,2105698,찬성,2021-09-28
21,21N57758,2105698,찬성,2021-09-28
21,4019850M,2105698,찬성,2021-09-28
21,E6U4345C,2105698,불참,2021-09-28
21,7BM2933Y,2105698,찬성,2021-09-28
21,CDL93608,2105698,찬성,2021-09-28
21,EMC8812P,2105698,찬성,2021-09-28
21,RQQ3807K,2105698,찬성,2021-09-28
21,FYI20317,2105698,찬성,2021-09-28
21,ZYP7962W,2105698,찬성,2021-09-28
21,3249208I,2105698,찬성,2021-09-28
21,8Q88373R,2105698,찬성,2021-09-28
21,XEF29171,2105698,불참,2021-09-28
21,WVU2479T,2105698,찬성,2021-09-28
21,7XY7109I,2105698,찬성,2021-09-28
21,L7J93733,2105698,불참,2021-09-28
21,DAV7257X,2105698,찬성,2021-09-28
21,GE71932C,2105698,찬성,2021-09-28
21,SQ36001H,2105698,불참,2021-09-28
21,BT62420K,2105698,불참,2021-09-28
21,TZP9391O,2105698,불참,2021-09-28
21,OSV9142K,2105698,찬성,2021-09-28
21,B7R2742J,2105698,찬성,2021-09-28
21,FJK3396E,2105698,불참,2021-09-28
21,W1Q6753M,2105698,찬성,2021-09-28
21,AE685067,2105698,불참,2021-09-28
21,JNL7001A,2105698,찬성,2021-09-28
21,L7T64271,2105698,찬성,2021-09-28
21,4X525582,2105698,불참,2021-09-28
21,G7512472,2105698,찬성,2021-09-28
21,3TO11703,2105698,찬성,2021-09-28
21,66W6739S,2105698,찬성,2021-09-28
21,LM13674V,2105698,찬성,2021-09-28
21,P2N50879,2105698,찬성,2021-09-28
21,A0P4646G,2105698,찬성,2021-09-28
21,A2V51235,2105698,찬성,2021-09-28
21,1X376850,2105698,찬성,2021-09-28
21,3DK8989T,2105698,찬성,2021-09-28
21,D4L60530,2105698,찬성,2021-09-28
21,M6H1705E,2105698,찬성,2021-09-28
21,OFE45081,2105698,찬성,2021-09-28
21,09I2323E,2105698,불참,2021-09-28
21,NTT8182Q,2105698,찬성,2021-09-28
21,0VU8517U,2105698,불참,2021-09-28
21,KR14136C,2105698,불참,2021-09-28
21,5765663F,2105698,불참,2021-09-28
21,ZKU88693,2105698,찬성,2021-09-28
21,KNM3215T,2105698,불참,2021-09-28
21,M7T9712V,2105698,불참,2021-09-28
21,UM51067K,2105698,찬성,2021-09-28
21,1WE5693J,2105698,찬성,2021-09-28
21,X3170462,2105698,찬성,2021-09-28
21,8FB1535Y,2105698,찬성,2021-09-28
21,0WL9321T,2105698,찬성,2021-09-28
21,8348421R,2105698,불참,2021-09-28
21,H5476989,2105698,찬성,2021-09-28
21,40E3739H,2105698,불참,2021-09-28
21,0R68099X,2105698,불참,2021-09-28
21,2385336L,2105698,찬성,2021-09-28
21,IN328264,2105698,찬성,2021-09-28
21,0W194007,2105698,찬성,2021-09-28
21,WMG57662,2105698,찬성,2021-09-28
21,NCP9875N,2105698,찬성,2021-09-28
21,WTR5885Y,2105698,찬성,2021-09-28
21,3425169D,2105698,찬성,2021-09-28
21,OIA3741M,2105698,찬성,2021-09-28
21,LG63087O,2105698,불참,2021-09-28
21,OW53107J,2105698,찬성,2021-09-28
21,DAN6731C,2105698,찬성,2021-09-28
21,IOW8224X,2105698,찬성,2021-09-28
21,ATB59635,2105698,찬성,2021-09-28
21,SBK1544B,2105698,불참,2021-09-28
21,8SV6917G,2105698,찬성,2021-09-28
21,GD131760,2105698,불참,2021-09-28
21,68P7228G,2105698,찬성,2021-09-28
21,P0F1530P,2105698,불참,2021-09-28
21,XPP2564T,2105698,불참,2021-09-28
21,PFG2137X,2105698,찬성,2021-09-28
21,0YT3774N,2105698,찬성,2021-09-28
21,40S1959J,2105698,불참,2021-09-28
21,IL74008M,2105698,불참,2021-09-28
21,8KF7223D,2105698,찬성,2021-09-28
21,N4R2421C,2105698,불참,2021-09-28
21,3C23171A,2105698,불참,2021-09-28
21,P2N4585G,2105698,찬성,2021-09-28
21,7R156073,2105698,불참,2021-09-28
21,6AR6743G,2105698,찬성,2021-09-28
21,VCP96419,2105698,찬성,2021-09-28
21,GX22581L,2105698,찬성,2021-09-28
21,AFH96856,2105698,찬성,2021-09-28
21,N4R2421C,2114088,불참,2023-07-27
21,3C23171A,2114088,찬성,2023-07-27
21,GDG1847Z,2114088,찬성,2023-07-27
21,P2N4585G,2114088,찬성,2023-07-27
21,VCP96419,2114088,찬성,2023-07-27
21,6AU2417B,2114088,불참,2023-07-27
21,8VJ8533R,2114088,찬성,2023-07-27
21,B7D7534L,2114088,찬성,2023-07-27
21,52P3934K,2114088,찬성,2023-07-27
21,6399076T,2114088,찬성,2023-07-27
21,4U29186R,2114088,찬성,2023-07-27
21,WHV3448W,2114088,찬성,2023-07-27
21,04T3751T,2114088,찬성,2023-07-27
21,N9X9673B,2114088,찬성,2023-07-27
21,5MD4184K,2114088,찬성,2023-07-27
21,E9R4507P,2114088,불참,2023-07-27
21,J9S37905,2114088,불참,2023-07-27
21,0PK7354M,2114088,찬성,2023-07-27
21,Z6R3959C,2114088,찬성,2023-07-27
21,QUM8288K,2114088,찬성,2023-07-27
21,UGH6481E,2114088,찬성,2023-07-27
21,JZY9937U,2114088,찬성,2023-07-27
21,YKW37422,2114088,찬성,2023-07-27
21,2NV6751W,2114088,불참,2023-07-27
21,KB04377U,2114088,찬성,2023-07-27
21,FU53642G,2114088,불참,2023-07-27
21,MLH1404S,2114088,찬성,2023-07-27
21,IUD9392R,2114088,불참,2023-07-27
21,M2Q9024I,2114088,찬성,2023-07-27
21,DBA1057Z,2114088,불참,2023-07-27
21,CI15627C,2114088,찬성,2023-07-27
21,UQ282145,2114088,불참,2023-07-27
21,TRE2429O,2114088,찬성,2023-07-27
21,9VR65006,2114088,불참,2023-07-27
21,X7I4680R,2114088,찬성,2023-07-27
21,EMC8812P,2114088,찬성,2023-07-27
21,T465023H,2114088,찬성,2023-07-27
21,RQQ3807K,2114088,찬성,2023-07-27
21,ZYP7962W,2114088,찬성,2023-07-27
21,CNW5754J,2114088,불참,2023-07-27
21,3249208I,2114088,찬성,2023-07-27
21,8Q88373R,2114088,찬성,2023-07-27
21,7XY7109I,2114088,찬성,2023-07-27
21,JC14718Q,2114088,찬성,2023-07-27
21,5KV82250,2114088,찬성,2023-07-27
21,LT72093S,2114088,찬성,2023-07-27
21,FDC3144T,2114088,찬성,2023-07-27
21,9LD2641Q,2114088,찬성,2023-07-27
21,MD083627,2114088,찬성,2023-07-27
21,OSV9142K,2114088,찬성,2023-07-27
21,B7R2742J,2114088,찬성,2023-07-27
21,71J2365L,2114088,찬성,2023-07-27
21,7O71647Z,2114088,찬성,2023-07-27
21,E1J8836Y,2114088,찬성,2023-07-27
21,TJW93720,2114088,찬성,2023-07-27
21,9S151177,2114088,찬성,2023-07-27
21,PO64874I,2114088,찬성,2023-07-27
21,DWK26447,2114088,불참,2023-07-27
21,G7512472,2114088,찬성,2023-07-27
21,S741317G,2114088,찬성,2023-07-27
21,2N793392,2114088,찬성,2023-07-27
21,66W6739S,2114088,불참,2023-07-27
21,QD25323M,2114088,찬성,2023-07-27
21,DAY6557K,2114088,찬성,2023-07-27
21,USR7059P,2114088,불참,2023-07-27
21,P2N50879,2114088,찬성,2023-07-27
21,A0P4646G,2114088,찬성,2023-07-27
21,A2V51235,2114088,찬성,2023-07-27
21,7I09543O,2114088,찬성,2023-07-27
21,7469929V,2114088,불참,2023-07-27
21,D4L60530,2114088,찬성,2023-07-27
21,OFE45081,2114088,찬성,2023-07-27
21,SRP7336N,2114088,찬성,2023-07-27
21,5765663F,2114088,찬성,2023-07-27
21,ZKU88693,2114088,불참,2023-07-27
21,M7T9712V,2114088,불참,2023-07-27
21,60490713,2114088,찬성,2023-07-27
21,HKJ99607,2114088,찬성,2023-07-27
21,1WE5693J,2114088,찬성,2023-07-27
21,MY318392,2114088,찬성,2023-07-27
21,8FB1535Y,2114088,찬성,2023-07-27
21,EH27538E,2114088,찬성,2023-07-27
21,WFU14784,2114088,찬성,2023-07-27
21,SU53086M,2114088,찬성,2023-07-27
21,MR210505,2114088,찬성,2023-07-27
21,4L695580,2114088,찬성,2023-07-27
21,RPN2293B,2114088,불참,2023-07-27
21,MQU41854,2114088,기권,2023-07-27
21,V429892C,2114088,찬성,2023-07-27
21,IN328264,2114088,불참,2023-07-27
21,ZA54991S,2114088,찬성,2023-07-27
21,0827740Q,2114088,찬성,2023-07-27
21,0W194007,2114088,찬성,2023-07-27
21,NCP9875N,2114088,찬성,2023-07-27
21,I5I2468R,2114088,찬성,2023-07-27
21,3425169D,2114088,찬성,2023-07-27
21,CT85313K,2114088,찬성,2023-07-27
21,BLC8630L,2114088,불참,2023-07-27
21,NQR1206Q,2114088,찬성,2023-07-27
21,DAN6731C,2114088,불참,2023-07-27
21,VG24001G,2114088,찬성,2023-07-27
21,WCD5518S,2114088,찬성,2023-07-27
21,SVH3899R,2114088,불참,2023-07-27
21,KUO3574J,2114088,찬성,2023-07-27
21,D6U6678O,2114088,찬성,2023-07-27
21,FU87526G,2114088,불참,2023-07-27
21,S9U45255,2114088,찬성,2023-07-27
21,8FC9697X,2114088,찬성,2023-07-27
21,QKO6165V,2114088,불참,2023-07-27
21,GD131760,2114088,찬성,2023-07-27
21,ZRF3039U,2114088,찬성,2023-07-27
21,68P7228G,2114088,찬성,2023-07-27
21,P0F1530P,2114088,불참,2023-07-27
21,XPP2564T,2114088,불참,2023-07-27
21,LQW3652K,2114088,반대,2023-07-27
21,GAV6441G,2114088,찬성,2023-07-27
21,0YT3774N,2114088,찬성,2023-07-27
21,40S1959J,2114088,찬성,2023-07-27
21,IL74008M,2114088,찬성,2023-07-27
21,8KF7223D,2114088,찬성,2023-07-27
21,CNZ51556,2114088,찬성,2023-07-27
21,F5U2979W,2114088,찬성,2023-07-27
21,YOG1280B,2114088,찬성,2023-07-27
21,FIC9046Z,2114088,찬성,2023-07-27
21,NUB4941Z,2114088,찬성,2023-07-27
21,KFM1081G,2114088,찬성,2023-07-27
21,NLR6572J,2114088,찬성,2023-07-27
21,YTA7297R,2114088,찬성,2023-07-27
21,L7T64271,2114088,찬성,2023-07-27
21,4X525582,2114088,불참,2023-07-27
21,GKD32201,2114088,찬성,2023-07-27
21,3TO11703,2114088,찬성,2023-07-27
21,CCU1009B,2114088,찬성,2023-07-27
21,MU69217P,2114088,불참,2023-07-27
21,LM13674V,2114088,불참,2023-07-27
21,JVB6983V,2114088,찬성,2023-07-27
21,GP07421U,2114088,찬성,2023-07-27
21,FGI27280,2114088,불참,2023-07-27
21,4XG1439M,2114088,불참,2023-07-27
21,3DK8989T,2114088,찬성,2023-07-27
21,M6H1705E,2114088,찬성,2023-07-27
21,09I2323E,2114088,찬성,2023-07-27
21,NTT8182Q,2114088,찬성,2023-07-27
21,A3H7195R,2114088,불참,2023-07-27
21,ZYH1940A,2114088,찬성,2023-07-27
21,0VU8517U,2114088,찬성,2023-07-27
21,M0A1658U,2114088,찬성,2023-07-27
21,HSW1214Q,2114088,찬성,2023-07-27
21,NZF1659U,2114088,찬성,2023-07-27
21,WDS6044S,2114088,불참,2023-07-27
21,3BC6890E,2114088,찬성,2023-07-27
21,ZDR63255,2114088,찬성,2023-07-27
21,KR14136C,2114088,찬성,2023-07-27
21,GFF1986K,2114088,찬성,2023-07-27
21,WJL30106,2114088,찬성,2023-07-27
21,5KV96424,2114088,불참,2023-07-27
21,KNM3215T,2114088,불참,2023-07-27
21,UM51067K,2114088,찬성,2023-07-27
21,X3170462,2114088,불참,2023-07-27
21,4T026790,2114088,찬성,2023-07-27
21,0WL9321T,2114088,찬성,2023-07-27
21,PZA4062H,2114088,찬성,2023-07-27
21,GF286398,2114088,찬성,2023-07-27
21,8348421R,2114088,찬성,2023-07-27
21,H5476989,2114088,찬성,2023-07-27
21,JQA21112,2114088,불참,2023-07-27
21,40E3739H,2114088,찬성,2023-07-27
21,6FS10566,2114088,찬성,2023-07-27
21,HXT76735,2114088,찬성,2023-07-27
21,0R68099X,2114088,찬성,2023-07-27
21,6RM29022,2114088,찬성,2023-07-27
21,2385336L,2114088,찬성,2023-07-27
21,XBT9550Q,2114088,찬성,2023-07-27
21,MO52543L,2114088,찬성,2023-07-27
21,X1K3667J,2114088,찬성,2023-07-27
21,WMG57662,2114088,찬성,2023-07-27
21,WTR5885Y,2114088,찬성,2023-07-27
21,IOW1101J,2114088,불참,2023-07-27
21,ICH23251,2114088,찬성,2023-07-27
21,25I8709Q,2114088,찬성,2023-07-27
21,OIA3741M,2114088,불참,2023-07-27
21,6MO8786S,2114088,불참,2023-07-27
21,XWX1513T,2114088,찬성,2023-07-27
21,LG63087O,2114088,불참,2023-07-27
21,OW53107J,2114088,찬성,2023-07-27
21,PEP6922S,2114088,찬성,2023-07-27
21,L2I9861C,2114088,불참,2023-07-27
21,IOW8224X,2114088,찬성,2023-07-27
21,9JF4562W,2114088,찬성,2023-07-27
21,Y7K5946R,2114088,찬성,2023-07-27
21,Z7Y7827F,2114088,찬성,2023-07-27
21,ATB59635,2114088,불참,2023-07-27
21,SBK1544B,2114088,불참,2023-07-27
21,8SV6917G,2114088,불참,2023-07-27
21,V0O5343U,2114088,찬성,2023-07-27
21,FRN1867O,2114088,찬성,2023-07-27
21,RO593601,2114088,찬성,2023-07-27
21,PFG2137X,2114088,찬성,2023-07-27
21,UB114374,2114088,찬성,2023-07-27
21,7JC3239L,2114088,불참,2023-07-27
21,8P37634C,2114088,불참,2023-07-27
21,O7R5461J,2114088,찬성,2023-07-27
21,JMY9959W,2114088,불참,2023-07-27
21,7R156073,2114088,찬성,2023-07-27
21,6AR6743G,2114088,불참,2023-07-27
21,J2O8643H,2114088,찬성,2023-07-27
21,GX22581L,2114088,불참,2023-07-27
21,SE233396,2114088,불참,2023-07-27
21,AFH96856,2114088,찬성,2023-07-27
21,B7H6207C,2114088,찬성,2023-07-27
21,F5Y4026Q,2114088,찬성,2023-07-27
21,6RD62559,2114088,찬성,2023-07-27
21,1Y73132H,2114088,불참,2023-07-27
21,I0S53762,2114088,찬성,2023-07-27
21,LH97552Q,2114088,찬성,2023-07-27
21,TKJ4800F,2114088,찬성,2023-07-27
21,O6D8329R,2114088,찬성,2023-07-27
21,MSY7784L,2114088,찬성,2023-07-27
21,EVH1507C,2114088,찬성,2023-07-27
21,K5F2023J,2114088,찬성,2023-07-27
21,14M56632,2114088,불참,2023-07-27
21,5K93695T,2114088,찬성,2023-07-27
21,DPZ7685X,2114088,불참,2023-07-27
21,6U243644,2114088,찬성,2023-07-27
21,UHB5553T,2114088,찬성,2023-07-27
21,KFS1358P,2114088,찬성,2023-07-27
21,A494529E,2114088,찬성,2023-07-27
21,VRY5522V,2114088,찬성,2023-07-27
21,CAA7713A,2114088,찬성,2023-07-27
21,O0I2045I,2114088,찬성,2023-07-27
21,CZB4125D,2114088,찬성,2023-07-27
21,S824682L,2114088,찬성,2023-07-27
21,W4X85128,2114088,불참,2023-07-27
21,Q9H5708M,2114088,불참,2023-07-27
21,MRK4871S,2114088,찬성,2023-07-27
21,BM63269Y,2114088,찬성,2023-07-27
21,M7O7878U,2114088,찬성,2023-07-27
21,YLS4431M,2114088,불참,2023-07-27
21,MNZ4401T,2114088,불참,2023-07-27
21,3ZR4438W,2114088,찬성,2023-07-27
21,HSS7466Y,2114088,찬성,2023-07-27
21,16D7652C,2114088,찬성,2023-07-27
21,8VY63414,2114088,기권,2023-07-27
21,XR24352K,2114088,찬성,2023-07-27
21,QQP4727N,2114088,찬성,2023-07-27
21,JEZ3130Q,2114088,불참,2023-07-27
21,BCQ55105,2114088,찬성,2023-07-27
21,9L57027L,2114088,찬성,2023-07-27
21,GOC54665,2114088,불참,2023-07-27
21,5UN9725L,2114088,찬성,2023-07-27
21,LJK4960Z,2114088,찬성,2023-07-27
21,K3W33496,2114088,찬성,2023-07-27
21,C7E79345,2114088,불참,2023-07-27
21,4019850M,2114088,찬성,2023-07-27
21,9YO73104,2114088,불참,2023-07-27
21,E6U4345C,2114088,불참,2023-07-27
21,7BM2933Y,2114088,찬성,2023-07-27
21,CDL93608,2114088,찬성,2023-07-27
21,2UD1340H,2114088,찬성,2023-07-27
21,XJC13432,2114088,불참,2023-07-27
21,XSP20229,2114088,불참,2023-07-27
21,3RW63706,2114088,찬성,2023-07-27
21,FH777496,2114088,찬성,2023-07-27
21,FYI20317,2114088,찬성,2023-07-27
21,8X15119P,2114088,불참,2023-07-27
21,GX38539O,2114088,찬성,2023-07-27
21,XEF29171,2114088,찬성,2023-07-27
21,WVU2479T,2114088,찬성,2023-07-27
21,9D939735,2114088,불참,2023-07-27
21,QTW6852F,2114088,불참,2023-07-27
21,TST4507I,2114088,불참,2023-07-27
21,L7J93733,2114088,찬성,2023-07-27
21,DAV7257X,2114088,찬성,2023-07-27
21,GE71932C,2114088,불참,2023-07-27
21,6YT83269,2114088,찬성,2023-07-27
21,1MU99298,2114088,찬성,2023-07-27
21,17M85910,2114088,찬성,2023-07-27
21,G152611B,2114088,불참,2023-07-27
21,I7R13867,2114088,찬성,2023-07-27
21,SQ36001H,2114088,찬성,2023-07-27
21,G1570880,2114088,찬성,2023-07-27
21,FOK3459D,2114088,찬성,2023-07-27
21,QUO78839,2114088,찬성,2023-07-27
21,BT62420K,2114088,불참,2023-07-27
21,LPB30152,2114088,찬성,2023-07-27
21,TZP9391O,2114088,불참,2023-07-27
21,6V37131U,2114088,찬성,2023-07-27
21,FJK3396E,2114088,찬성,2023-07-27
21,ZDP5704Q,2114088,찬성,2023-07-27
21,W1Q6753M,2114088,불참,2023-07-27
21,RD42006Y,2114088,불참,2023-07-27
21,6EN68926,2114088,찬성,2023-07-27
21,1BX7234U,2114088,찬성,2023-07-27
21,QHL3248U,2114088,찬성,2023-07-27
21,TZ228122,2114088,찬성,2023-07-27
21,9V18755A,2114088,찬성,2023-07-27
21,XA42275R,2114088,찬성,2023-07-27
21,LBC8144B,2114088,찬성,2023-07-27
21,VHK3402G,2114088,불참,2023-07-27
21,Z6R3959C,2108898,찬성,2021-03-24
21,UGH6481E,2108898,불참,2021-03-24
21,Q9H5708M,2108898,찬성,2021-03-24
21,2NV6751W,2108898,찬성,2021-03-24
21,BM63269Y,2108898,불참,2021-03-24
21,HSS7466Y,2108898,찬성,2021-03-24
21,XR24352K,2108898,찬성,2021-03-24
21,QQP4727N,2108898,불참,2021-03-24
21,GOC54665,2108898,찬성,2021-03-24
21,LJK4960Z,2108898,찬성,2021-03-24
21,K3W33496,2108898,찬성,2021-03-24
21,CI15627C,2108898,찬성,2021-03-24
21,21N57758,2108898,불참,2021-03-24
21,C7E79345,2108898,불참,2021-03-24
21,2UD1340H,2108898,찬성,2021-03-24
21,EMC8812P,2108898,찬성,2021-03-24
21,T465023H,2108898,불참,2021-03-24
21,FYI20317,2108898,찬성,2021-03-24
21,WVU2479T,2108898,찬성,2021-03-24
21,9D939735,2108898,찬성,2021-03-24
21,7XY7109I,2108898,기권,2021-03-24
21,TST4507I,2108898,찬성,2021-03-24
21,JC14718Q,2108898,찬성,2021-03-24
21,5KV82250,2108898,불참,2021-03-24
21,L7J93733,2108898,찬성,2021-03-24
21,LT72093S,2108898,찬성,2021-03-24
21,6YT83269,2108898,찬성,2021-03-24
21,1MU99298,2108898,찬성,2021-03-24
21,FDC3144T,2108898,찬성,2021-03-24
21,17M85910,2108898,찬성,2021-03-24
21,9LD2641Q,2108898,찬성,2021-03-24
21,FOK3459D,2108898,찬성,2021-03-24
21,BT62420K,2108898,찬성,2021-03-24
21,71J2365L,2108898,찬성,2021-03-24
21,RD42006Y,2108898,찬성,2021-03-24
21,6EN68926,2108898,불참,2021-03-24
21,1BX7234U,2108898,찬성,2021-03-24
21,QHL3248U,2108898,찬성,2021-03-24
21,9V18755A,2108898,찬성,2021-03-24
21,JNL7001A,2108898,찬성,2021-03-24
21,GKD32201,2108898,찬성,2021-03-24
21,S741317G,2108898,찬성,2021-03-24
21,CCU1009B,2108898,찬성,2021-03-24
21,2N793392,2108898,찬성,2021-03-24
21,QD25323M,2108898,찬성,2021-03-24
21,1X376850,2108898,기권,2021-03-24
21,7469929V,2108898,찬성,2021-03-24
21,D4L60530,2108898,찬성,2021-03-24
21,NTT8182Q,2108898,찬성,2021-03-24
21,M0A1658U,2108898,찬성,2021-03-24
21,NZF1659U,2108898,찬성,2021-03-24
21,WDS6044S,2108898,찬성,2021-03-24
21,ZDR63255,2108898,찬성,2021-03-24
21,GFF1986K,2108898,찬성,2021-03-24
21,WJL30106,2108898,불참,2021-03-24
21,5KV96424,2108898,찬성,2021-03-24
21,KNM3215T,2108898,찬성,2021-03-24
21,MY318392,2108898,찬성,2021-03-24
21,4T026790,2108898,찬성,2021-03-24
21,EH27538E,2108898,찬성,2021-03-24
21,WFU14784,2108898,불참,2021-03-24
21,0WL9321T,2108898,찬성,2021-03-24
21,H5476989,2108898,찬성,2021-03-24
21,4L695580,2108898,찬성,2021-03-24
21,40E3739H,2108898,찬성,2021-03-24
21,RPN2293B,2108898,찬성,2021-03-24
21,V429892C,2108898,찬성,2021-03-24
21,IN328264,2108898,불참,2021-03-24
21,ZA54991S,2108898,찬성,2021-03-24
21,0827740Q,2108898,찬성,2021-03-24
21,WTR5885Y,2108898,찬성,2021-03-24
21,IOW1101J,2108898,불참,2021-03-24
21,25I8709Q,2108898,찬성,2021-03-24
21,BLC8630L,2108898,찬성,2021-03-24
21,0767470D,2108898,불참,2021-03-24
21,LG63087O,2108898,불참,2021-03-24
21,DAN6731C,2108898,불참,2021-03-24
21,VG24001G,2108898,찬성,2021-03-24
21,I434361W,2108898,찬성,2021-03-24
21,9JF4562W,2108898,찬성,2021-03-24
21,Y7K5946R,2108898,찬성,2021-03-24
21,SBK1544B,2108898,찬성,2021-03-24
21,8SV6917G,2108898,불참,2021-03-24
21,ZRF3039U,2108898,찬성,2021-03-24
21,V0O5343U,2108898,찬성,2021-03-24
21,GAV6441G,2108898,찬성,2021-03-24
21,7JC3239L,2108898,찬성,2021-03-24
21,CNZ51556,2108898,찬성,2021-03-24
21,N4R2421C,2108898,불참,2021-03-24
21,LNR7932L,2108898,불참,2021-03-24
21,O7R5461J,2108898,불참,2021-03-24
21,VCP96419,2108898,찬성,2021-03-24
21,8VJ8533R,2108898,찬성,2021-03-24
21,GX22581L,2108898,불참,2021-03-24
21,52P3934K,2108898,찬성,2021-03-24
21,6399076T,2108898,찬성,2021-03-24
21,4U29186R,2108898,찬성,2021-03-24
21,F5Y4026Q,2108898,찬성,2021-03-24
21,MSY7784L,2108898,불참,2021-03-24
21,5K93695T,2108898,불참,2021-03-24
21,KFS1358P,2108898,찬성,2021-03-24
21,VRY5522V,2108898,찬성,2021-03-24
21,CZB4125D,2108898,불참,2021-03-24
21,L7T64271,2108898,찬성,2021-03-24
21,4X525582,2108898,불참,2021-03-24
21,G7512472,2108898,찬성,2021-03-24
21,3TO11703,2108898,찬성,2021-03-24
21,MU69217P,2108898,찬성,2021-03-24
21,66W6739S,2108898,찬성,2021-03-24
21,LM13674V,2108898,불참,2021-03-24
21,DAY6557K,2108898,찬성,2021-03-24
21,GP07421U,2108898,찬성,2021-03-24
21,FGI27280,2108898,찬성,2021-03-24
21,USR7059P,2108898,찬성,2021-03-24
21,4XG1439M,2108898,찬성,2021-03-24
21,P2N50879,2108898,찬성,2021-03-24
21,A0P4646G,2108898,불참,2021-03-24
21,A2V51235,2108898,찬성,2021-03-24
21,7I09543O,2108898,불참,2021-03-24
21,3DK8989T,2108898,불참,2021-03-24
21,M6H1705E,2108898,찬성,2021-03-24
21,OFE45081,2108898,찬성,2021-03-24
21,09I2323E,2108898,불참,2021-03-24
21,A3H7195R,2108898,찬성,2021-03-24
21,ZYH1940A,2108898,불참,2021-03-24
21,0VU8517U,2108898,불참,2021-03-24
21,HSW1214Q,2108898,찬성,2021-03-24
21,3BC6890E,2108898,찬성,2021-03-24
21,KR14136C,2108898,불참,2021-03-24
21,SRP7336N,2108898,불참,2021-03-24
21,5765663F,2108898,불참,2021-03-24
21,ZKU88693,2108898,찬성,2021-03-24
21,M7T9712V,2108898,불참,2021-03-24
21,60490713,2108898,찬성,2021-03-24
21,UM51067K,2108898,찬성,2021-03-24
21,HKJ99607,2108898,불참,2021-03-24
21,1WE5693J,2108898,불참,2021-03-24
21,X3170462,2108898,찬성,2021-03-24
21,8FB1535Y,2108898,찬성,2021-03-24
21,SU53086M,2108898,찬성,2021-03-24
21,PZA4062H,2108898,찬성,2021-03-24
21,MR210505,2108898,불참,2021-03-24
21,GF286398,2108898,찬성,2021-03-24
21,8348421R,2108898,찬성,2021-03-24
21,JQA21112,2108898,반대,2021-03-24
21,HXT76735,2108898,찬성,2021-03-24
21,0R68099X,2108898,찬성,2021-03-24
21,4A067125,2108898,불참,2021-03-24
21,2385336L,2108898,찬성,2021-03-24
21,XBT9550Q,2108898,불참,2021-03-24
21,MO52543L,2108898,찬성,2021-03-24
21,0W194007,2108898,찬성,2021-03-24
21,X1K3667J,2108898,찬성,2021-03-24
21,WMG57662,2108898,찬성,2021-03-24
21,NCP9875N,2108898,기권,2021-03-24
21,I5I2468R,2108898,찬성,2021-03-24
21,L5P27909,2108898,불참,2021-03-24
21,3425169D,2108898,찬성,2021-03-24
21,ICH23251,2108898,찬성,2021-03-24
21,OIA3741M,2108898,찬성,2021-03-24
21,6MO8786S,2108898,찬성,2021-03-24
21,XWX1513T,2108898,찬성,2021-03-24
21,CT85313K,2108898,찬성,2021-03-24
21,PAO22428,2108898,찬성,2021-03-24
21,NQR1206Q,2108898,찬성,2021-03-24
21,NAL4555X,2108898,불참,2021-03-24
21,OW53107J,2108898,찬성,2021-03-24
21,PEP6922S,2108898,찬성,2021-03-24
21,L2I9861C,2108898,불참,2021-03-24
21,WCD5518S,2108898,찬성,2021-03-24
21,SVH3899R,2108898,찬성,2021-03-24
21,IOW8224X,2108898,찬성,2021-03-24
21,Z7Y7827F,2108898,찬성,2021-03-24
21,ATB59635,2108898,찬성,2021-03-24
21,KUO3574J,2108898,찬성,2021-03-24
21,D6U6678O,2108898,찬성,2021-03-24
21,FU87526G,2108898,찬성,2021-03-24
21,S9U45255,2108898,찬성,2021-03-24
21,8FC9697X,2108898,불참,2021-03-24
21,QKO6165V,2108898,찬성,2021-03-24
21,GD131760,2108898,불참,2021-03-24
21,68P7228G,2108898,찬성,2021-03-24
21,P0F1530P,2108898,불참,2021-03-24
21,XPP2564T,2108898,불참,2021-03-24
21,FRN1867O,2108898,불참,2021-03-24
21,LQW3652K,2108898,찬성,2021-03-24
21,RO593601,2108898,찬성,2021-03-24
21,PFG2137X,2108898,찬성,2021-03-24
21,UB114374,2108898,찬성,2021-03-24
21,0YT3774N,2108898,찬성,2021-03-24
21,40S1959J,2108898,찬성,2021-03-24
21,IL74008M,2108898,찬성,2021-03-24
21,8KF7223D,2108898,찬성,2021-03-24
21,8P37634C,2108898,찬성,2021-03-24
21,3C23171A,2108898,불참,2021-03-24
21,GDG1847Z,2108898,찬성,2021-03-24
21,P2N4585G,2108898,찬성,2021-03-24
21,TVF3669B,2108898,불참,2021-03-24
21,JMY9959W,2108898,찬성,2021-03-24
21,7R156073,2108898,불참,2021-03-24
21,6AR6743G,2108898,찬성,2021-03-24
21,J2O8643H,2108898,불참,2021-03-24
21,6AU2417B,2108898,기권,2021-03-24
21,B7D7534L,2108898,찬성,2021-03-24
21,SE233396,2108898,찬성,2021-03-24
21,AFH96856,2108898,찬성,2021-03-24
21,B7H6207C,2108898,찬성,2021-03-24
21,WHV3448W,2108898,불참,2021-03-24
21,1Y73132H,2108898,불참,2021-03-24
21,I0S53762,2108898,불참,2021-03-24
21,LH97552Q,2108898,찬성,2021-03-24
21,TKJ4800F,2108898,찬성,2021-03-24
21,O6D8329R,2108898,찬성,2021-03-24
21,04T3751T,2108898,찬성,2021-03-24
21,EVH1507C,2108898,찬성,2021-03-24
21,K5F2023J,2108898,찬성,2021-03-24
21,14M56632,2108898,불참,2021-03-24
21,N9X9673B,2108898,찬성,2021-03-24
21,5MD4184K,2108898,찬성,2021-03-24
21,TP066860,2108898,불참,2021-03-24
21,DPZ7685X,2108898,불참,2021-03-24
21,6U243644,2108898,찬성,2021-03-24
21,E9R4507P,2108898,불참,2021-03-24
21,UHB5553T,2108898,찬성,2021-03-24
21,J9S37905,2108898,찬성,2021-03-24
21,A494529E,2108898,찬성,2021-03-24
21,CAA7713A,2108898,찬성,2021-03-24
21,0PK7354M,2108898,찬성,2021-03-24
21,O0I2045I,2108898,찬성,2021-03-24
21,QUM8288K,2108898,찬성,2021-03-24
21,S824682L,2108898,불참,2021-03-24
21,W4X85128,2108898,불참,2021-03-24
21,CFE3998F,2108898,찬성,2021-03-24
21,JZY9937U,2108898,찬성,2021-03-24
21,MRK4871S,2108898,불참,2021-03-24
21,YKW37422,2108898,불참,2021-03-24
21,M7O7878U,2108898,불참,2021-03-24
21,YLS4431M,2108898,불참,2021-03-24
21,MNZ4401T,2108898,불참,2021-03-24
21,3ZR4438W,2108898,불참,2021-03-24
21,16D7652C,2108898,불참,2021-03-24
21,KB04377U,2108898,불참,2021-03-24
21,FU53642G,2108898,찬성,2021-03-24
21,MLH1404S,2108898,찬성,2021-03-24
21,8VY63414,2108898,찬성,2021-03-24
21,IUL4848V,2108898,찬성,2021-03-24
21,JEZ3130Q,2108898,찬성,2021-03-24
21,BCQ55105,2108898,찬성,2021-03-24
21,9L57027L,2108898,불참,2021-03-24
21,5UN9725L,2108898,찬성,2021-03-24
21,M2Q9024I,2108898,불참,2021-03-24
21,DBA1057Z,2108898,불참,2021-03-24
21,4019850M,2108898,찬성,2021-03-24
21,UQ282145,2108898,불참,2021-03-24
21,9YO73104,2108898,불참,2021-03-24
21,TRE2429O,2108898,찬성,2021-03-24
21,E6U4345C,2108898,찬성,2021-03-24
21,7BM2933Y,2108898,찬성,2021-03-24
21,CDL93608,2108898,찬성,2021-03-24
21,9VR65006,2108898,불참,2021-03-24
21,X7I4680R,2108898,찬성,2021-03-24
21,XJC13432,2108898,불참,2021-03-24
21,D0C85236,2108898,찬성,2021-03-24
21,XSP20229,2108898,불참,2021-03-24
21,3RW63706,2108898,불참,2021-03-24
21,RQQ3807K,2108898,찬성,2021-03-24
21,FH777496,2108898,찬성,2021-03-24
21,8X15119P,2108898,찬성,2021-03-24
21,ZYP7962W,2108898,불참,2021-03-24
21,CNW5754J,2108898,찬성,2021-03-24
21,3249208I,2108898,찬성,2021-03-24
21,GX38539O,2108898,찬성,2021-03-24
21,8Q88373R,2108898,찬성,2021-03-24
21,XEF29171,2108898,찬성,2021-03-24
21,QTW6852F,2108898,불참,2021-03-24
21,DAV7257X,2108898,찬성,2021-03-24
21,GE71932C,2108898,찬성,2021-03-24
21,G152611B,2108898,찬성,2021-03-24
21,I7R13867,2108898,찬성,2021-03-24
21,SQ36001H,2108898,불참,2021-03-24
21,G1570880,2108898,불참,2021-03-24
21,QUO78839,2108898,불참,2021-03-24
21,LPB30152,2108898,불참,2021-03-24
21,MD083627,2108898,찬성,2021-03-24
21,TZP9391O,2108898,불참,2021-03-24
21,6V37131U,2108898,찬성,2021-03-24
21,OSV9142K,2108898,찬성,2021-03-24
21,B7R2742J,2108898,불참,2021-03-24
21,FJK3396E,2108898,찬성,2021-03-24
21,ZDP5704Q,2108898,찬성,2021-03-24
21,7O71647Z,2108898,찬성,2021-03-24
21,W1Q6753M,2108898,찬성,2021-03-24
21,MHK9919B,2108898,불참,2021-03-24
21,E1J8836Y,2108898,찬성,2021-03-24
21,AE685067,2108898,불참,2021-03-24
21,TJW93720,2108898,찬성,2021-03-24
21,9S151177,2108898,찬성,2021-03-24
21,TZ228122,2108898,불참,2021-03-24
21,XA42275R,2108898,찬성,2021-03-24
21,PO64874I,2108898,불참,2021-03-24
21,JNL7001A,2106279,찬성,2020-12-09
21,GKD32201,2106279,불참,2020-12-09
21,S741317G,2106279,찬성,2020-12-09
21,2N793392,2106279,찬성,2020-12-09
21,1X376850,2106279,불참,2020-12-09
21,D4L60530,2106279,찬성,2020-12-09
21,NTT8182Q,2106279,찬성,2020-12-09
21,NZF1659U,2106279,불참,2020-12-09
21,WDS6044S,2106279,불참,2020-12-09
21,GFF1986K,2106279,찬성,2020-12-09
21,WJL30106,2106279,찬성,2020-12-09
21,60490713,2106279,찬성,2020-12-09
21,HKJ99607,2106279,찬성,2020-12-09
21,4L695580,2106279,찬성,2020-12-09
21,V429892C,2106279,찬성,2020-12-09
21,2385336L,2106279,찬성,2020-12-09
21,IOW1101J,2106279,불참,2020-12-09
21,OIA3741M,2106279,찬성,2020-12-09
21,PAO22428,2106279,찬성,2020-12-09
21,BLC8630L,2106279,찬성,2020-12-09
21,0767470D,2106279,찬성,2020-12-09
21,PEP6922S,2106279,찬성,2020-12-09
21,DAN6731C,2106279,불참,2020-12-09
21,VG24001G,2106279,찬성,2020-12-09
21,I434361W,2106279,찬성,2020-12-09
21,9JF4562W,2106279,찬성,2020-12-09
21,SBK1544B,2106279,찬성,2020-12-09
21,8SV6917G,2106279,불참,2020-12-09
21,ZRF3039U,2106279,찬성,2020-12-09
21,V0O5343U,2106279,찬성,2020-12-09
21,68P7228G,2106279,찬성,2020-12-09
21,CNZ51556,2106279,불참,2020-12-09
21,N4R2421C,2106279,불참,2020-12-09
21,3C23171A,2106279,찬성,2020-12-09
21,LNR7932L,2106279,찬성,2020-12-09
21,O7R5461J,2106279,찬성,2020-12-09
21,J2O8643H,2106279,찬성,2020-12-09
21,GX22581L,2106279,불참,2020-12-09
21,MSY7784L,2106279,불참,2020-12-09
21,5MD4184K,2106279,찬성,2020-12-09
21,5K93695T,2106279,찬성,2020-12-09
21,DPZ7685X,2106279,기권,2020-12-09
21,KFS1358P,2106279,찬성,2020-12-09
21,A494529E,2106279,찬성,2020-12-09
21,UGH6481E,2106279,불참,2020-12-09
21,Q9H5708M,2106279,찬성,2020-12-09
21,2NV6751W,2106279,찬성,2020-12-09
21,LJK4960Z,2106279,불참,2020-12-09
21,CI15627C,2106279,불참,2020-12-09
21,21N57758,2106279,찬성,2020-12-09
21,2UD1340H,2106279,찬성,2020-12-09
21,T465023H,2106279,찬성,2020-12-09
21,5KV82250,2106279,기권,2020-12-09
21,L7J93733,2106279,찬성,2020-12-09
21,6YT83269,2106279,찬성,2020-12-09
21,FDC3144T,2106279,찬성,2020-12-09
21,SQ36001H,2106279,찬성,2020-12-09
21,9LD2641Q,2106279,찬성,2020-12-09
21,FOK3459D,2106279,찬성,2020-12-09
21,71J2365L,2106279,불참,2020-12-09
21,6EN68926,2106279,찬성,2020-12-09
21,1BX7234U,2106279,찬성,2020-12-09
21,QHL3248U,2106279,찬성,2020-12-09
21,9V18755A,2106279,찬성,2020-12-09
21,G152611B,2106279,찬성,2020-12-09
21,I7R13867,2106279,찬성,2020-12-09
21,QUO78839,2106279,찬성,2020-12-09
21,BT62420K,2106279,찬성,2020-12-09
21,LPB30152,2106279,찬성,2020-12-09
21,MD083627,2106279,찬성,2020-12-09
21,TZP9391O,2106279,불참,2020-12-09
21,6V37131U,2106279,찬성,2020-12-09
21,B7R2742J,2106279,찬성,2020-12-09
21,FJK3396E,2106279,찬성,2020-12-09
21,ZDP5704Q,2106279,찬성,2020-12-09
21,7O71647Z,2106279,찬성,2020-12-09
21,W1Q6753M,2106279,찬성,2020-12-09
21,MHK9919B,2106279,찬성,2020-12-09
21,E1J8836Y,2106279,찬성,2020-12-09
21,RD42006Y,2106279,찬성,2020-12-09
21,AE685067,2106279,찬성,2020-12-09
21,9S151177,2106279,찬성,2020-12-09
21,TZ228122,2106279,찬성,2020-12-09
21,PO64874I,2106279,찬성,2020-12-09
21,6U243644,2106279,찬성,2020-12-09
21,E9R4507P,2106279,기권,2020-12-09
21,UHB5553T,2106279,찬성,2020-12-09
21,VRY5522V,2106279,찬성,2020-12-09
21,CAA7713A,2106279,찬성,2020-12-09
21,0PK7354M,2106279,찬성,2020-12-09
21,CZB4125D,2106279,찬성,2020-12-09
21,Z6R3959C,2106279,찬성,2020-12-09
21,QUM8288K,2106279,불참,2020-12-09
21,S824682L,2106279,찬성,2020-12-09
21,W4X85128,2106279,찬성,2020-12-09
21,CFE3998F,2106279,불참,2020-12-09
21,JZY9937U,2106279,찬성,2020-12-09
21,MRK4871S,2106279,불참,2020-12-09
21,YKW37422,2106279,찬성,2020-12-09
21,BM63269Y,2106279,찬성,2020-12-09
21,M7O7878U,2106279,찬성,2020-12-09
21,YLS4431M,2106279,기권,2020-12-09
21,MNZ4401T,2106279,찬성,2020-12-09
21,3ZR4438W,2106279,불참,2020-12-09
21,HSS7466Y,2106279,찬성,2020-12-09
21,16D7652C,2106279,찬성,2020-12-09
21,KB04377U,2106279,기권,2020-12-09
21,FU53642G,2106279,찬성,2020-12-09
21,MLH1404S,2106279,찬성,2020-12-09
21,8VY63414,2106279,찬성,2020-12-09
21,XR24352K,2106279,찬성,2020-12-09
21,QQP4727N,2106279,찬성,2020-12-09
21,IUL4848V,2106279,찬성,2020-12-09
21,JEZ3130Q,2106279,찬성,2020-12-09
21,BCQ55105,2106279,찬성,2020-12-09
21,9L57027L,2106279,반대,2020-12-09
21,GOC54665,2106279,찬성,2020-12-09
21,5UN9725L,2106279,불참,2020-12-09
21,K3W33496,2106279,찬성,2020-12-09
21,M2Q9024I,2106279,찬성,2020-12-09
21,DBA1057Z,2106279,불참,2020-12-09
21,C7E79345,2106279,찬성,2020-12-09
21,4019850M,2106279,찬성,2020-12-09
21,UQ282145,2106279,찬성,2020-12-09
21,TRE2429O,2106279,찬성,2020-12-09
21,E6U4345C,2106279,찬성,2020-12-09
21,7BM2933Y,2106279,찬성,2020-12-09
21,9VR65006,2106279,불참,2020-12-09
21,EMC8812P,2106279,기권,2020-12-09
21,XJC13432,2106279,불참,2020-12-09
21,3RW63706,2106279,기권,2020-12-09
21,RQQ3807K,2106279,찬성,2020-12-09
21,FH777496,2106279,찬성,2020-12-09
21,FYI20317,2106279,찬성,2020-12-09
21,8X15119P,2106279,기권,2020-12-09
21,ZYP7962W,2106279,불참,2020-12-09
21,CNW5754J,2106279,찬성,2020-12-09
21,GX38539O,2106279,찬성,2020-12-09
21,8Q88373R,2106279,찬성,2020-12-09
21,WVU2479T,2106279,찬성,2020-12-09
21,9D939735,2106279,불참,2020-12-09
21,QTW6852F,2106279,불참,2020-12-09
21,7XY7109I,2106279,찬성,2020-12-09
21,TST4507I,2106279,찬성,2020-12-09
21,JC14718Q,2106279,찬성,2020-12-09
21,LT72093S,2106279,찬성,2020-12-09
21,GE71932C,2106279,찬성,2020-12-09
21,1MU99298,2106279,찬성,2020-12-09
21,WTR5885Y,2106279,찬성,2020-12-09
21,L5P27909,2106279,불참,2020-12-09
21,3425169D,2106279,찬성,2020-12-09
21,ICH23251,2106279,찬성,2020-12-09
21,25I8709Q,2106279,찬성,2020-12-09
21,XWX1513T,2106279,찬성,2020-12-09
21,CT85313K,2106279,불참,2020-12-09
21,NQR1206Q,2106279,불참,2020-12-09
21,LG63087O,2106279,불참,2020-12-09
21,NAL4555X,2106279,불참,2020-12-09
21,OW53107J,2106279,찬성,2020-12-09
21,L2I9861C,2106279,찬성,2020-12-09
21,WCD5518S,2106279,찬성,2020-12-09
21,SVH3899R,2106279,기권,2020-12-09
21,IOW8224X,2106279,찬성,2020-12-09
21,Y7K5946R,2106279,불참,2020-12-09
21,Z7Y7827F,2106279,찬성,2020-12-09
21,ATB59635,2106279,찬성,2020-12-09
21,KUO3574J,2106279,찬성,2020-12-09
21,FU87526G,2106279,찬성,2020-12-09
21,S9U45255,2106279,찬성,2020-12-09
21,8FC9697X,2106279,기권,2020-12-09
21,QKO6165V,2106279,불참,2020-12-09
21,GD131760,2106279,찬성,2020-12-09
21,XPP2564T,2106279,찬성,2020-12-09
21,FRN1867O,2106279,찬성,2020-12-09
21,LQW3652K,2106279,찬성,2020-12-09
21,PFG2137X,2106279,찬성,2020-12-09
21,UB114374,2106279,불참,2020-12-09
21,GAV6441G,2106279,찬성,2020-12-09
21,0YT3774N,2106279,찬성,2020-12-09
21,7JC3239L,2106279,기권,2020-12-09
21,40S1959J,2106279,찬성,2020-12-09
21,IL74008M,2106279,찬성,2020-12-09
21,8KF7223D,2106279,찬성,2020-12-09
21,8P37634C,2106279,찬성,2020-12-09
21,GDG1847Z,2106279,찬성,2020-12-09
21,P2N4585G,2106279,찬성,2020-12-09
21,TVF3669B,2106279,불참,2020-12-09
21,JMY9959W,2106279,찬성,2020-12-09
21,7R156073,2106279,찬성,2020-12-09
21,6AR6743G,2106279,찬성,2020-12-09
21,VCP96419,2106279,찬성,2020-12-09
21,6AU2417B,2106279,찬성,2020-12-09
21,8VJ8533R,2106279,찬성,2020-12-09
21,B7D7534L,2106279,찬성,2020-12-09
21,SE233396,2106279,찬성,2020-12-09
21,AFH96856,2106279,찬성,2020-12-09
21,52P3934K,2106279,불참,2020-12-09
21,B7H6207C,2106279,찬성,2020-12-09
21,6399076T,2106279,찬성,2020-12-09
21,4U29186R,2106279,찬성,2020-12-09
21,F5Y4026Q,2106279,불참,2020-12-09
21,WHV3448W,2106279,찬성,2020-12-09
21,1Y73132H,2106279,불참,2020-12-09
21,I0S53762,2106279,기권,2020-12-09
21,LH97552Q,2106279,찬성,2020-12-09
21,TKJ4800F,2106279,찬성,2020-12-09
21,O6D8329R,2106279,찬성,2020-12-09
21,04T3751T,2106279,찬성,2020-12-09
21,EVH1507C,2106279,찬성,2020-12-09
21,K5F2023J,2106279,찬성,2020-12-09
21,N9X9673B,2106279,불참,2020-12-09
21,TP066860,2106279,불참,2020-12-09
21,L7T64271,2106279,찬성,2020-12-09
21,4X525582,2106279,찬성,2020-12-09
21,G7512472,2106279,불참,2020-12-09
21,3TO11703,2106279,찬성,2020-12-09
21,CCU1009B,2106279,찬성,2020-12-09
21,MU69217P,2106279,기권,2020-12-09
21,66W6739S,2106279,불참,2020-12-09
21,LM13674V,2106279,불참,2020-12-09
21,QD25323M,2106279,찬성,2020-12-09
21,DAY6557K,2106279,찬성,2020-12-09
21,GP07421U,2106279,찬성,2020-12-09
21,FGI27280,2106279,찬성,2020-12-09
21,4XG1439M,2106279,불참,2020-12-09
21,P2N50879,2106279,찬성,2020-12-09
21,A0P4646G,2106279,찬성,2020-12-09
21,A2V51235,2106279,찬성,2020-12-09
21,7I09543O,2106279,찬성,2020-12-09
21,3DK8989T,2106279,찬성,2020-12-09
21,7469929V,2106279,찬성,2020-12-09
21,M6H1705E,2106279,찬성,2020-12-09
21,OFE45081,2106279,찬성,2020-12-09
21,A3H7195R,2106279,찬성,2020-12-09
21,ZYH1940A,2106279,찬성,2020-12-09
21,0VU8517U,2106279,찬성,2020-12-09
21,M0A1658U,2106279,찬성,2020-12-09
21,HSW1214Q,2106279,찬성,2020-12-09
21,3BC6890E,2106279,찬성,2020-12-09
21,ZDR63255,2106279,찬성,2020-12-09
21,KR14136C,2106279,찬성,2020-12-09
21,SRP7336N,2106279,찬성,2020-12-09
21,5765663F,2106279,불참,2020-12-09
21,5KV96424,2106279,찬성,2020-12-09
21,KNM3215T,2106279,찬성,2020-12-09
21,M7T9712V,2106279,반대,2020-12-09
21,UM51067K,2106279,찬성,2020-12-09
21,1WE5693J,2106279,찬성,2020-12-09
21,X3170462,2106279,찬성,2020-12-09
21,MY318392,2106279,찬성,2020-12-09
21,8FB1535Y,2106279,찬성,2020-12-09
21,4T026790,2106279,찬성,2020-12-09
21,EH27538E,2106279,찬성,2020-12-09
21,WFU14784,2106279,찬성,2020-12-09
21,SU53086M,2106279,찬성,2020-12-09
21,0WL9321T,2106279,찬성,2020-12-09
21,MR210505,2106279,기권,2020-12-09
21,GF286398,2106279,찬성,2020-12-09
21,8348421R,2106279,찬성,2020-12-09
21,H5476989,2106279,찬성,2020-12-09
21,JQA21112,2106279,찬성,2020-12-09
21,40E3739H,2106279,찬성,2020-12-09
21,HXT76735,2106279,찬성,2020-12-09
21,RPN2293B,2106279,찬성,2020-12-09
21,0R68099X,2106279,찬성,2020-12-09
21,4A067125,2106279,찬성,2020-12-09
21,IN328264,2106279,찬성,2020-12-09
21,XBT9550Q,2106279,불참,2020-12-09
21,ZA54991S,2106279,찬성,2020-12-09
21,MO52543L,2106279,불참,2020-12-09
21,0827740Q,2106279,찬성,2020-12-09
21,0W194007,2106279,찬성,2020-12-09
21,X1K3667J,2106279,찬성,2020-12-09
21,WMG57662,2106279,찬성,2020-12-09
21,NCP9875N,2106279,찬성,2020-12-09
21,I5I2468R,2106279,찬성,2020-12-09
21,USR7059P,2106279,찬성,2020-12-09
21,09I2323E,2106279,찬성,2020-12-09
21,ZKU88693,2106279,찬성,2020-12-09
21,PZA4062H,2106279,찬성,2020-12-09
21,6MO8786S,2106279,반대,2020-12-09
21,D6U6678O,2106279,찬성,2020-12-09
21,P0F1530P,2106279,불참,2020-12-09
21,RO593601,2106279,찬성,2020-12-09
21,14M56632,2106279,찬성,2020-12-09
21,J9S37905,2106279,찬성,2020-12-09
21,O0I2045I,2106279,찬성,2020-12-09
21,9YO73104,2106279,찬성,2020-12-09
21,CDL93608,2106279,찬성,2020-12-09
21,X7I4680R,2106279,찬성,2020-12-09
21,D0C85236,2106279,찬성,2020-12-09
21,XSP20229,2106279,불참,2020-12-09
21,3249208I,2106279,찬성,2020-12-09
21,XEF29171,2106279,찬성,2020-12-09
21,DAV7257X,2106279,불참,2020-12-09
21,17M85910,2106279,찬성,2020-12-09
21,G1570880,2106279,찬성,2020-12-09
21,OSV9142K,2106279,찬성,2020-12-09
21,TJW93720,2106279,찬성,2020-12-09
21,XA42275R,2106279,찬성,2020-12-09
21,FIC9046Z,2108972,불참,2021-12-09
21,GKD32201,2108972,찬성,2021-12-09
21,S741317G,2108972,불참,2021-12-09
21,CCU1009B,2108972,찬성,2021-12-09
21,MU69217P,2108972,불참,2021-12-09
21,2N793392,2108972,불참,2021-12-09
21,66W6739S,2108972,불참,2021-12-09
21,QD25323M,2108972,찬성,2021-12-09
21,DAY6557K,2108972,찬성,2021-12-09
21,GP07421U,2108972,불참,2021-12-09
21,FGI27280,2108972,찬성,2021-12-09
21,USR7059P,2108972,찬성,2021-12-09
21,4XG1439M,2108972,찬성,2021-12-09
21,7469929V,2108972,불참,2021-12-09
21,A3H7195R,2108972,찬성,2021-12-09
21,ZYH1940A,2108972,찬성,2021-12-09
21,M0A1658U,2108972,찬성,2021-12-09
21,NZF1659U,2108972,불참,2021-12-09
21,WDS6044S,2108972,불참,2021-12-09
21,3BC6890E,2108972,찬성,2021-12-09
21,ZDR63255,2108972,찬성,2021-12-09
21,GFF1986K,2108972,찬성,2021-12-09
21,WJL30106,2108972,찬성,2021-12-09
21,5KV96424,2108972,찬성,2021-12-09
21,60490713,2108972,찬성,2021-12-09
21,HKJ99607,2108972,찬성,2021-12-09
21,MY318392,2108972,불참,2021-12-09
21,4T026790,2108972,찬성,2021-12-09
21,EH27538E,2108972,찬성,2021-12-09
21,WFU14784,2108972,불참,2021-12-09
21,MR210505,2108972,불참,2021-12-09
21,GF286398,2108972,찬성,2021-12-09
21,JQA21112,2108972,찬성,2021-12-09
21,4L695580,2108972,불참,2021-12-09
21,HXT76735,2108972,불참,2021-12-09
21,RPN2293B,2108972,찬성,2021-12-09
21,V429892C,2108972,찬성,2021-12-09
21,4A067125,2108972,불참,2021-12-09
21,0827740Q,2108972,찬성,2021-12-09
21,X1K3667J,2108972,찬성,2021-12-09
21,I5I2468R,2108972,찬성,2021-12-09
21,L5P27909,2108972,불참,2021-12-09
21,IOW1101J,2108972,찬성,2021-12-09
21,XWX1513T,2108972,찬성,2021-12-09
21,CT85313K,2108972,찬성,2021-12-09
21,PAO22428,2108972,불참,2021-12-09
21,BLC8630L,2108972,불참,2021-12-09
21,NQR1206Q,2108972,불참,2021-12-09
21,LG63087O,2108972,찬성,2021-12-09
21,VG24001G,2108972,불참,2021-12-09
21,WCD5518S,2108972,불참,2021-12-09
21,I434361W,2108972,찬성,2021-12-09
21,Z7Y7827F,2108972,찬성,2021-12-09
21,KUO3574J,2108972,찬성,2021-12-09
21,D6U6678O,2108972,찬성,2021-12-09
21,FU87526G,2108972,기권,2021-12-09
21,8FC9697X,2108972,찬성,2021-12-09
21,GD131760,2108972,불참,2021-12-09
21,V0O5343U,2108972,찬성,2021-12-09
21,FRN1867O,2108972,찬성,2021-12-09
21,RO593601,2108972,찬성,2021-12-09
21,UB114374,2108972,불참,2021-12-09
21,GAV6441G,2108972,찬성,2021-12-09
21,7JC3239L,2108972,불참,2021-12-09
21,CNZ51556,2108972,불참,2021-12-09
21,O7R5461J,2108972,불참,2021-12-09
21,JMY9959W,2108972,찬성,2021-12-09
21,6AR6743G,2108972,찬성,2021-12-09
21,J2O8643H,2108972,찬성,2021-12-09
21,6AU2417B,2108972,불참,2021-12-09
21,8VJ8533R,2108972,불참,2021-12-09
21,SE233396,2108972,찬성,2021-12-09
21,B7H6207C,2108972,찬성,2021-12-09
21,4U29186R,2108972,찬성,2021-12-09
21,F5Y4026Q,2108972,불참,2021-12-09
21,1Y73132H,2108972,불참,2021-12-09
21,I0S53762,2108972,찬성,2021-12-09
21,N9X9673B,2108972,불참,2021-12-09
21,6U243644,2108972,찬성,2021-12-09
21,E9R4507P,2108972,불참,2021-12-09
21,UHB5553T,2108972,찬성,2021-12-09
21,KFS1358P,2108972,찬성,2021-12-09
21,J9S37905,2108972,찬성,2021-12-09
21,A494529E,2108972,찬성,2021-12-09
21,VRY5522V,2108972,찬성,2021-12-09
21,CAA7713A,2108972,찬성,2021-12-09
21,Z6R3959C,2108972,불참,2021-12-09
21,W4X85128,2108972,불참,2021-12-09
21,Q9H5708M,2108972,찬성,2021-12-09
21,CFE3998F,2108972,찬성,2021-12-09
21,YKW37422,2108972,불참,2021-12-09
21,2NV6751W,2108972,찬성,2021-12-09
21,BM63269Y,2108972,불참,2021-12-09
21,YLS4431M,2108972,불참,2021-12-09
21,3ZR4438W,2108972,불참,2021-12-09
21,16D7652C,2108972,찬성,2021-12-09
21,XR24352K,2108972,찬성,2021-12-09
21,GOC54665,2108972,찬성,2021-12-09
21,5UN9725L,2108972,불참,2021-12-09
21,M2Q9024I,2108972,불참,2021-12-09
21,DBA1057Z,2108972,불참,2021-12-09
21,CI15627C,2108972,불참,2021-12-09
21,C7E79345,2108972,불참,2021-12-09
21,UQ282145,2108972,불참,2021-12-09
21,9YO73104,2108972,불참,2021-12-09
21,TRE2429O,2108972,불참,2021-12-09
21,2UD1340H,2108972,찬성,2021-12-09
21,9VR65006,2108972,불참,2021-12-09
21,X7I4680R,2108972,찬성,2021-12-09
21,XJC13432,2108972,불참,2021-12-09
21,D0C85236,2108972,불참,2021-12-09
21,XSP20229,2108972,찬성,2021-12-09
21,T465023H,2108972,찬성,2021-12-09
21,3RW63706,2108972,기권,2021-12-09
21,8X15119P,2108972,불참,2021-12-09
21,CNW5754J,2108972,불참,2021-12-09
21,9D939735,2108972,불참,2021-12-09
21,TST4507I,2108972,찬성,2021-12-09
21,JC14718Q,2108972,찬성,2021-12-09
21,5KV82250,2108972,찬성,2021-12-09
21,LT72093S,2108972,찬성,2021-12-09
21,6YT83269,2108972,불참,2021-12-09
21,1MU99298,2108972,찬성,2021-12-09
21,FDC3144T,2108972,찬성,2021-12-09
21,G152611B,2108972,찬성,2021-12-09
21,9LD2641Q,2108972,찬성,2021-12-09
21,FOK3459D,2108972,찬성,2021-12-09
21,QUO78839,2108972,찬성,2021-12-09
21,LPB30152,2108972,찬성,2021-12-09
21,MD083627,2108972,찬성,2021-12-09
21,6V37131U,2108972,찬성,2021-12-09
21,ZDP5704Q,2108972,기권,2021-12-09
21,E1J8836Y,2108972,불참,2021-12-09
21,6EN68926,2108972,불참,2021-12-09
21,1BX7234U,2108972,찬성,2021-12-09
21,QHL3248U,2108972,찬성,2021-12-09
21,9S151177,2108972,찬성,2021-12-09
21,TZ228122,2108972,찬성,2021-12-09
21,9V18755A,2108972,찬성,2021-12-09
21,XA42275R,2108972,불참,2021-12-09
21,PO64874I,2108972,찬성,2021-12-09
21,FYI20317,2108972,찬성,2021-12-09
21,ZYP7962W,2108972,불참,2021-12-09
21,3249208I,2108972,찬성,2021-12-09
21,GX38539O,2108972,찬성,2021-12-09
21,8Q88373R,2108972,불참,2021-12-09
21,XEF29171,2108972,찬성,2021-12-09
21,WVU2479T,2108972,불참,2021-12-09
21,QTW6852F,2108972,불참,2021-12-09
21,7XY7109I,2108972,찬성,2021-12-09
21,L7J93733,2108972,찬성,2021-12-09
21,DAV7257X,2108972,찬성,2021-12-09
21,GE71932C,2108972,불참,2021-12-09
21,17M85910,2108972,찬성,2021-12-09
21,I7R13867,2108972,찬성,2021-12-09
21,SQ36001H,2108972,찬성,2021-12-09
21,G1570880,2108972,불참,2021-12-09
21,BT62420K,2108972,불참,2021-12-09
21,TZP9391O,2108972,찬성,2021-12-09
21,OSV9142K,2108972,불참,2021-12-09
21,B7R2742J,2108972,찬성,2021-12-09
21,FJK3396E,2108972,불참,2021-12-09
21,71J2365L,2108972,불참,2021-12-09
21,7O71647Z,2108972,불참,2021-12-09
21,W1Q6753M,2108972,찬성,2021-12-09
21,RD42006Y,2108972,불참,2021-12-09
21,TJW93720,2108972,찬성,2021-12-09
21,ZRF3039U,2108972,불참,2021-12-09
21,68P7228G,2108972,찬성,2021-12-09
21,P0F1530P,2108972,불참,2021-12-09
21,XPP2564T,2108972,불참,2021-12-09
21,LQW3652K,2108972,불참,2021-12-09
21,PFG2137X,2108972,불참,2021-12-09
21,0YT3774N,2108972,찬성,2021-12-09
21,40S1959J,2108972,찬성,2021-12-09
21,IL74008M,2108972,찬성,2021-12-09
21,8KF7223D,2108972,찬성,2021-12-09
21,8P37634C,2108972,찬성,2021-12-09
21,N4R2421C,2108972,불참,2021-12-09
21,3C23171A,2108972,불참,2021-12-09
21,GDG1847Z,2108972,불참,2021-12-09
21,P2N4585G,2108972,찬성,2021-12-09
21,TVF3669B,2108972,불참,2021-12-09
21,7R156073,2108972,불참,2021-12-09
21,VCP96419,2108972,찬성,2021-12-09
21,B7D7534L,2108972,찬성,2021-12-09
21,GX22581L,2108972,찬성,2021-12-09
21,AFH96856,2108972,찬성,2021-12-09
21,52P3934K,2108972,불참,2021-12-09
21,6399076T,2108972,불참,2021-12-09
21,WHV3448W,2108972,찬성,2021-12-09
21,LH97552Q,2108972,찬성,2021-12-09
21,TKJ4800F,2108972,찬성,2021-12-09
21,O6D8329R,2108972,찬성,2021-12-09
21,04T3751T,2108972,찬성,2021-12-09
21,MSY7784L,2108972,불참,2021-12-09
21,EVH1507C,2108972,찬성,2021-12-09
21,K5F2023J,2108972,불참,2021-12-09
21,14M56632,2108972,불참,2021-12-09
21,5MD4184K,2108972,찬성,2021-12-09
21,5K93695T,2108972,찬성,2021-12-09
21,DPZ7685X,2108972,찬성,2021-12-09
21,0PK7354M,2108972,찬성,2021-12-09
21,O0I2045I,2108972,불참,2021-12-09
21,CZB4125D,2108972,불참,2021-12-09
21,QUM8288K,2108972,불참,2021-12-09
21,UGH6481E,2108972,찬성,2021-12-09
21,S824682L,2108972,찬성,2021-12-09
21,JZY9937U,2108972,찬성,2021-12-09
21,MRK4871S,2108972,불참,2021-12-09
21,M7O7878U,2108972,찬성,2021-12-09
21,MNZ4401T,2108972,찬성,2021-12-09
21,HSS7466Y,2108972,찬성,2021-12-09
21,KB04377U,2108972,불참,2021-12-09
21,FU53642G,2108972,찬성,2021-12-09
21,MLH1404S,2108972,불참,2021-12-09
21,8VY63414,2108972,찬성,2021-12-09
21,QQP4727N,2108972,찬성,2021-12-09
21,JEZ3130Q,2108972,불참,2021-12-09
21,BCQ55105,2108972,불참,2021-12-09
21,9L57027L,2108972,불참,2021-12-09
21,LJK4960Z,2108972,찬성,2021-12-09
21,K3W33496,2108972,찬성,2021-12-09
21,21N57758,2108972,찬성,2021-12-09
21,4019850M,2108972,불참,2021-12-09
21,E6U4345C,2108972,찬성,2021-12-09
21,7BM2933Y,2108972,찬성,2021-12-09
21,CDL93608,2108972,찬성,2021-12-09
21,EMC8812P,2108972,찬성,2021-12-09
21,RQQ3807K,2108972,찬성,2021-12-09
21,FH777496,2108972,찬성,2021-12-09
21,JNL7001A,2108972,찬성,2021-12-09
21,L7T64271,2108972,찬성,2021-12-09
21,4X525582,2108972,불참,2021-12-09
21,G7512472,2108972,찬성,2021-12-09
21,3TO11703,2108972,찬성,2021-12-09
21,LM13674V,2108972,찬성,2021-12-09
21,P2N50879,2108972,찬성,2021-12-09
21,A0P4646G,2108972,찬성,2021-12-09
21,A2V51235,2108972,찬성,2021-12-09
21,7I09543O,2108972,찬성,2021-12-09
21,1X376850,2108972,찬성,2021-12-09
21,3DK8989T,2108972,찬성,2021-12-09
21,D4L60530,2108972,찬성,2021-12-09
21,M6H1705E,2108972,찬성,2021-12-09
21,OFE45081,2108972,불참,2021-12-09
21,09I2323E,2108972,불참,2021-12-09
21,NTT8182Q,2108972,찬성,2021-12-09
21,0VU8517U,2108972,불참,2021-12-09
21,HSW1214Q,2108972,찬성,2021-12-09
21,KR14136C,2108972,불참,2021-12-09
21,SRP7336N,2108972,찬성,2021-12-09
21,5765663F,2108972,찬성,2021-12-09
21,ZKU88693,2108972,찬성,2021-12-09
21,KNM3215T,2108972,찬성,2021-12-09
21,M7T9712V,2108972,불참,2021-12-09
21,UM51067K,2108972,찬성,2021-12-09
21,1WE5693J,2108972,불참,2021-12-09
21,X3170462,2108972,불참,2021-12-09
21,8FB1535Y,2108972,찬성,2021-12-09
21,SU53086M,2108972,불참,2021-12-09
21,0WL9321T,2108972,찬성,2021-12-09
21,PZA4062H,2108972,찬성,2021-12-09
21,8348421R,2108972,불참,2021-12-09
21,H5476989,2108972,찬성,2021-12-09
21,40E3739H,2108972,찬성,2021-12-09
21,0R68099X,2108972,찬성,2021-12-09
21,2385336L,2108972,찬성,2021-12-09
21,IN328264,2108972,찬성,2021-12-09
21,XBT9550Q,2108972,찬성,2021-12-09
21,ZA54991S,2108972,찬성,2021-12-09
21,MO52543L,2108972,찬성,2021-12-09
21,0W194007,2108972,찬성,2021-12-09
21,WMG57662,2108972,불참,2021-12-09
21,NCP9875N,2108972,찬성,2021-12-09
21,WTR5885Y,2108972,불참,2021-12-09
21,3425169D,2108972,찬성,2021-12-09
21,ICH23251,2108972,찬성,2021-12-09
21,25I8709Q,2108972,찬성,2021-12-09
21,OIA3741M,2108972,찬성,2021-12-09
21,6MO8786S,2108972,찬성,2021-12-09
21,NAL4555X,2108972,불참,2021-12-09
21,OW53107J,2108972,찬성,2021-12-09
21,PEP6922S,2108972,불참,2021-12-09
21,DAN6731C,2108972,불참,2021-12-09
21,L2I9861C,2108972,불참,2021-12-09
21,SVH3899R,2108972,불참,2021-12-09
21,IOW8224X,2108972,찬성,2021-12-09
21,9JF4562W,2108972,찬성,2021-12-09
21,Y7K5946R,2108972,불참,2021-12-09
21,ATB59635,2108972,찬성,2021-12-09
21,SBK1544B,2108972,불참,2021-12-09
21,S9U45255,2108972,불참,2021-12-09
21,8SV6917G,2108972,찬성,2021-12-09
21,QKO6165V,2108972,불참,2021-12-09
21,F5U2979W,2113018,찬성,2023-03-30
21,YOG1280B,2113018,찬성,2023-03-30
21,NUB4941Z,2113018,찬성,2023-03-30
21,NLR6572J,2113018,찬성,2023-03-30
21,L7T64271,2113018,찬성,2023-03-30
21,3TO11703,2113018,찬성,2023-03-30
21,S741317G,2113018,찬성,2023-03-30
21,MU69217P,2113018,찬성,2023-03-30
21,LM13674V,2113018,불참,2023-03-30
21,QD25323M,2113018,불참,2023-03-30
21,JVB6983V,2113018,찬성,2023-03-30
21,GP07421U,2113018,불참,2023-03-30
21,USR7059P,2113018,찬성,2023-03-30
21,4XG1439M,2113018,불참,2023-03-30
21,P2N50879,2113018,찬성,2023-03-30
21,A0P4646G,2113018,찬성,2023-03-30
21,A2V51235,2113018,찬성,2023-03-30
21,7I09543O,2113018,찬성,2023-03-30
21,3DK8989T,2113018,찬성,2023-03-30
21,7469929V,2113018,불참,2023-03-30
21,D4L60530,2113018,찬성,2023-03-30
21,M6H1705E,2113018,찬성,2023-03-30
21,OFE45081,2113018,찬성,2023-03-30
21,09I2323E,2113018,불참,2023-03-30
21,ZYH1940A,2113018,불참,2023-03-30
21,0VU8517U,2113018,불참,2023-03-30
21,HSW1214Q,2113018,찬성,2023-03-30
21,NZF1659U,2113018,불참,2023-03-30
21,3BC6890E,2113018,찬성,2023-03-30
21,ZDR63255,2113018,불참,2023-03-30
21,GFF1986K,2113018,찬성,2023-03-30
21,ZKU88693,2113018,찬성,2023-03-30
21,5KV96424,2113018,불참,2023-03-30
21,60490713,2113018,찬성,2023-03-30
21,HKJ99607,2113018,불참,2023-03-30
21,1WE5693J,2113018,불참,2023-03-30
21,X3170462,2113018,불참,2023-03-30
21,8FB1535Y,2113018,찬성,2023-03-30
21,4T026790,2113018,찬성,2023-03-30
21,SU53086M,2113018,찬성,2023-03-30
21,PZA4062H,2113018,찬성,2023-03-30
21,MR210505,2113018,불참,2023-03-30
21,GF286398,2113018,찬성,2023-03-30
21,4L695580,2113018,찬성,2023-03-30
21,40E3739H,2113018,찬성,2023-03-30
21,RPN2293B,2113018,찬성,2023-03-30
21,MQU41854,2113018,찬성,2023-03-30
21,V429892C,2113018,찬성,2023-03-30
21,IN328264,2113018,불참,2023-03-30
21,XBT9550Q,2113018,불참,2023-03-30
21,ZA54991S,2113018,찬성,2023-03-30
21,0827740Q,2113018,찬성,2023-03-30
21,0W194007,2113018,찬성,2023-03-30
21,WMG57662,2113018,찬성,2023-03-30
21,NCP9875N,2113018,찬성,2023-03-30
21,I5I2468R,2113018,찬성,2023-03-30
21,3425169D,2113018,찬성,2023-03-30
21,IOW1101J,2113018,찬성,2023-03-30
21,OIA3741M,2113018,불참,2023-03-30
21,CT85313K,2113018,찬성,2023-03-30
21,BLC8630L,2113018,찬성,2023-03-30
21,NQR1206Q,2113018,찬성,2023-03-30
21,LG63087O,2113018,불참,2023-03-30
21,PEP6922S,2113018,불참,2023-03-30
21,VG24001G,2113018,찬성,2023-03-30
21,WCD5518S,2113018,찬성,2023-03-30
21,SVH3899R,2113018,불참,2023-03-30
21,Y7K5946R,2113018,불참,2023-03-30
21,ATB59635,2113018,찬성,2023-03-30
21,SBK1544B,2113018,불참,2023-03-30
21,KUO3574J,2113018,찬성,2023-03-30
21,D6U6678O,2113018,찬성,2023-03-30
21,FU87526G,2113018,찬성,2023-03-30
21,8SV6917G,2113018,찬성,2023-03-30
21,QKO6165V,2113018,불참,2023-03-30
21,GD131760,2113018,불참,2023-03-30
21,68P7228G,2113018,찬성,2023-03-30
21,XPP2564T,2113018,불참,2023-03-30
21,LQW3652K,2113018,찬성,2023-03-30
21,UB114374,2113018,불참,2023-03-30
21,GAV6441G,2113018,찬성,2023-03-30
21,40S1959J,2113018,찬성,2023-03-30
21,IL74008M,2113018,찬성,2023-03-30
21,CNZ51556,2113018,찬성,2023-03-30
21,N4R2421C,2113018,불참,2023-03-30
21,P2N4585G,2113018,불참,2023-03-30
21,6AR6743G,2113018,불참,2023-03-30
21,6AU2417B,2113018,불참,2023-03-30
21,AFH96856,2113018,불참,2023-03-30
21,6399076T,2113018,찬성,2023-03-30
21,4U29186R,2113018,불참,2023-03-30
21,WHV3448W,2113018,찬성,2023-03-30
21,6RD62559,2113018,찬성,2023-03-30
21,1Y73132H,2113018,찬성,2023-03-30
21,I0S53762,2113018,불참,2023-03-30
21,LH97552Q,2113018,찬성,2023-03-30
21,O6D8329R,2113018,찬성,2023-03-30
21,04T3751T,2113018,찬성,2023-03-30
21,MSY7784L,2113018,찬성,2023-03-30
21,14M56632,2113018,불참,2023-03-30
21,5MD4184K,2113018,불참,2023-03-30
21,5K93695T,2113018,찬성,2023-03-30
21,6U243644,2113018,찬성,2023-03-30
21,E9R4507P,2113018,찬성,2023-03-30
21,KFS1358P,2113018,찬성,2023-03-30
21,J9S37905,2113018,불참,2023-03-30
21,VRY5522V,2113018,찬성,2023-03-30
21,CAA7713A,2113018,찬성,2023-03-30
21,0PK7354M,2113018,찬성,2023-03-30
21,O0I2045I,2113018,찬성,2023-03-30
21,CZB4125D,2113018,불참,2023-03-30
21,UGH6481E,2113018,찬성,2023-03-30
21,S824682L,2113018,찬성,2023-03-30
21,JZY9937U,2113018,찬성,2023-03-30
21,YKW37422,2113018,불참,2023-03-30
21,2NV6751W,2113018,찬성,2023-03-30
21,M7O7878U,2113018,불참,2023-03-30
21,3ZR4438W,2113018,찬성,2023-03-30
21,KB04377U,2113018,찬성,2023-03-30
21,FU53642G,2113018,찬성,2023-03-30
21,MLH1404S,2113018,불참,2023-03-30
21,8VY63414,2113018,찬성,2023-03-30
21,JEZ3130Q,2113018,불참,2023-03-30
21,BCQ55105,2113018,찬성,2023-03-30
21,LJK4960Z,2113018,찬성,2023-03-30
21,IUD9392R,2113018,찬성,2023-03-30
21,K3W33496,2113018,불참,2023-03-30
21,M2Q9024I,2113018,찬성,2023-03-30
21,CI15627C,2113018,불참,2023-03-30
21,4019850M,2113018,찬성,2023-03-30
21,TRE2429O,2113018,불참,2023-03-30
21,E6U4345C,2113018,불참,2023-03-30
21,7BM2933Y,2113018,찬성,2023-03-30
21,CDL93608,2113018,불참,2023-03-30
21,2UD1340H,2113018,찬성,2023-03-30
21,X7I4680R,2113018,불참,2023-03-30
21,XJC13432,2113018,찬성,2023-03-30
21,T465023H,2113018,찬성,2023-03-30
21,3RW63706,2113018,찬성,2023-03-30
21,RQQ3807K,2113018,찬성,2023-03-30
21,8X15119P,2113018,찬성,2023-03-30
21,CNW5754J,2113018,찬성,2023-03-30
21,3249208I,2113018,불참,2023-03-30
21,XEF29171,2113018,찬성,2023-03-30
21,9D939735,2113018,찬성,2023-03-30
21,QTW6852F,2113018,찬성,2023-03-30
21,JC14718Q,2113018,찬성,2023-03-30
21,6YT83269,2113018,찬성,2023-03-30
21,FDC3144T,2113018,찬성,2023-03-30
21,SQ36001H,2113018,찬성,2023-03-30
21,QUO78839,2113018,불참,2023-03-30
21,6V37131U,2113018,불참,2023-03-30
21,OSV9142K,2113018,찬성,2023-03-30
21,FJK3396E,2113018,불참,2023-03-30
21,ZDP5704Q,2113018,찬성,2023-03-30
21,7O71647Z,2113018,불참,2023-03-30
21,W1Q6753M,2113018,찬성,2023-03-30
21,E1J8836Y,2113018,불참,2023-03-30
21,6EN68926,2113018,찬성,2023-03-30
21,9S151177,2113018,찬성,2023-03-30
21,PO64874I,2113018,불참,2023-03-30
21,VHK3402G,2113018,불참,2023-03-30
21,71J2365L,2113018,찬성,2023-03-30
21,RD42006Y,2113018,불참,2023-03-30
21,1BX7234U,2113018,찬성,2023-03-30
21,QHL3248U,2113018,찬성,2023-03-30
21,TJW93720,2113018,찬성,2023-03-30
21,TZ228122,2113018,찬성,2023-03-30
21,9V18755A,2113018,찬성,2023-03-30
21,XA42275R,2113018,찬성,2023-03-30
21,LBC8144B,2113018,찬성,2023-03-30
21,7R156073,2113018,찬성,2023-03-30
21,J2O8643H,2113018,불참,2023-03-30
21,VCP96419,2113018,찬성,2023-03-30
21,8VJ8533R,2113018,찬성,2023-03-30
21,B7D7534L,2113018,불참,2023-03-30
21,GX22581L,2113018,불참,2023-03-30
21,SE233396,2113018,찬성,2023-03-30
21,52P3934K,2113018,찬성,2023-03-30
21,B7H6207C,2113018,불참,2023-03-30
21,F5Y4026Q,2113018,찬성,2023-03-30
21,TKJ4800F,2113018,찬성,2023-03-30
21,EVH1507C,2113018,찬성,2023-03-30
21,K5F2023J,2113018,찬성,2023-03-30
21,N9X9673B,2113018,불참,2023-03-30
21,DPZ7685X,2113018,찬성,2023-03-30
21,UHB5553T,2113018,찬성,2023-03-30
21,A494529E,2113018,찬성,2023-03-30
21,Z6R3959C,2113018,찬성,2023-03-30
21,QUM8288K,2113018,불참,2023-03-30
21,W4X85128,2113018,불참,2023-03-30
21,Q9H5708M,2113018,불참,2023-03-30
21,MRK4871S,2113018,불참,2023-03-30
21,BM63269Y,2113018,찬성,2023-03-30
21,YLS4431M,2113018,불참,2023-03-30
21,MNZ4401T,2113018,찬성,2023-03-30
21,HSS7466Y,2113018,불참,2023-03-30
21,16D7652C,2113018,찬성,2023-03-30
21,XR24352K,2113018,찬성,2023-03-30
21,QQP4727N,2113018,불참,2023-03-30
21,9L57027L,2113018,찬성,2023-03-30
21,GOC54665,2113018,찬성,2023-03-30
21,5UN9725L,2113018,찬성,2023-03-30
21,DBA1057Z,2113018,불참,2023-03-30
21,C7E79345,2113018,찬성,2023-03-30
21,UQ282145,2113018,찬성,2023-03-30
21,9YO73104,2113018,찬성,2023-03-30
21,9VR65006,2113018,찬성,2023-03-30
21,EMC8812P,2113018,찬성,2023-03-30
21,XSP20229,2113018,불참,2023-03-30
21,FH777496,2113018,찬성,2023-03-30
21,FYI20317,2113018,찬성,2023-03-30
21,ZYP7962W,2113018,불참,2023-03-30
21,GX38539O,2113018,찬성,2023-03-30
21,8Q88373R,2113018,불참,2023-03-30
21,WVU2479T,2113018,찬성,2023-03-30
21,7XY7109I,2113018,찬성,2023-03-30
21,TST4507I,2113018,불참,2023-03-30
21,5KV82250,2113018,찬성,2023-03-30
21,L7J93733,2113018,찬성,2023-03-30
21,DAV7257X,2113018,찬성,2023-03-30
21,LT72093S,2113018,찬성,2023-03-30
21,GE71932C,2113018,찬성,2023-03-30
21,1MU99298,2113018,찬성,2023-03-30
21,17M85910,2113018,찬성,2023-03-30
21,G152611B,2113018,불참,2023-03-30
21,I7R13867,2113018,찬성,2023-03-30
21,G1570880,2113018,찬성,2023-03-30
21,9LD2641Q,2113018,찬성,2023-03-30
21,FOK3459D,2113018,불참,2023-03-30
21,BT62420K,2113018,불참,2023-03-30
21,LPB30152,2113018,찬성,2023-03-30
21,MD083627,2113018,불참,2023-03-30
21,TZP9391O,2113018,불참,2023-03-30
21,B7R2742J,2113018,찬성,2023-03-30
21,FIC9046Z,2113018,불참,2023-03-30
21,DWK26447,2113018,찬성,2023-03-30
21,KFM1081G,2113018,찬성,2023-03-30
21,YTA7297R,2113018,찬성,2023-03-30
21,JNL7001A,2113018,불참,2023-03-30
21,4X525582,2113018,불참,2023-03-30
21,GKD32201,2113018,불참,2023-03-30
21,G7512472,2113018,찬성,2023-03-30
21,CCU1009B,2113018,찬성,2023-03-30
21,2N793392,2113018,찬성,2023-03-30
21,66W6739S,2113018,찬성,2023-03-30
21,DAY6557K,2113018,찬성,2023-03-30
21,FGI27280,2113018,불참,2023-03-30
21,NTT8182Q,2113018,찬성,2023-03-30
21,A3H7195R,2113018,불참,2023-03-30
21,M0A1658U,2113018,불참,2023-03-30
21,WDS6044S,2113018,찬성,2023-03-30
21,KR14136C,2113018,불참,2023-03-30
21,SRP7336N,2113018,찬성,2023-03-30
21,5765663F,2113018,찬성,2023-03-30
21,WJL30106,2113018,불참,2023-03-30
21,KNM3215T,2113018,불참,2023-03-30
21,M7T9712V,2113018,불참,2023-03-30
21,UM51067K,2113018,찬성,2023-03-30
21,MY318392,2113018,찬성,2023-03-30
21,EH27538E,2113018,찬성,2023-03-30
21,WFU14784,2113018,찬성,2023-03-30
21,0WL9321T,2113018,찬성,2023-03-30
21,8348421R,2113018,찬성,2023-03-30
21,H5476989,2113018,찬성,2023-03-30
21,JQA21112,2113018,불참,2023-03-30
21,HXT76735,2113018,찬성,2023-03-30
21,0R68099X,2113018,찬성,2023-03-30
21,6RM29022,2113018,찬성,2023-03-30
21,2385336L,2113018,찬성,2023-03-30
21,MO52543L,2113018,불참,2023-03-30
21,X1K3667J,2113018,찬성,2023-03-30
21,WTR5885Y,2113018,찬성,2023-03-30
21,ICH23251,2113018,찬성,2023-03-30
21,25I8709Q,2113018,찬성,2023-03-30
21,6MO8786S,2113018,찬성,2023-03-30
21,XWX1513T,2113018,찬성,2023-03-30
21,OW53107J,2113018,불참,2023-03-30
21,DAN6731C,2113018,불참,2023-03-30
21,L2I9861C,2113018,찬성,2023-03-30
21,IOW8224X,2113018,찬성,2023-03-30
21,9JF4562W,2113018,불참,2023-03-30
21,Z7Y7827F,2113018,찬성,2023-03-30
21,S9U45255,2113018,찬성,2023-03-30
21,8FC9697X,2113018,불참,2023-03-30
21,ZRF3039U,2113018,찬성,2023-03-30
21,V0O5343U,2113018,불참,2023-03-30
21,P0F1530P,2113018,불참,2023-03-30
21,FRN1867O,2113018,찬성,2023-03-30
21,RO593601,2113018,찬성,2023-03-30
21,PFG2137X,2113018,찬성,2023-03-30
21,0YT3774N,2113018,찬성,2023-03-30
21,7JC3239L,2113018,찬성,2023-03-30
21,8KF7223D,2113018,불참,2023-03-30
21,8P37634C,2113018,찬성,2023-03-30
21,3C23171A,2113018,찬성,2023-03-30
21,GDG1847Z,2113018,찬성,2023-03-30
21,O7R5461J,2113018,찬성,2023-03-30
21,JMY9959W,2113018,찬성,2023-03-30
21,F5U2979W,2115747,찬성,2022-05-29
21,G7512472,2115747,불참,2022-05-29
21,2N793392,2115747,찬성,2022-05-29
21,66W6739S,2115747,찬성,2022-05-29
21,LM13674V,2115747,찬성,2022-05-29
21,QD25323M,2115747,찬성,2022-05-29
21,GP07421U,2115747,불참,2022-05-29
21,FGI27280,2115747,불참,2022-05-29
21,4XG1439M,2115747,찬성,2022-05-29
21,P2N50879,2115747,찬성,2022-05-29
21,A2V51235,2115747,불참,2022-05-29
21,7469929V,2115747,찬성,2022-05-29
21,D4L60530,2115747,불참,2022-05-29
21,M6H1705E,2115747,찬성,2022-05-29
21,NTT8182Q,2115747,찬성,2022-05-29
21,A3H7195R,2115747,불참,2022-05-29
21,ZYH1940A,2115747,불참,2022-05-29
21,0VU8517U,2115747,찬성,2022-05-29
21,M0A1658U,2115747,불참,2022-05-29
21,WDS6044S,2115747,찬성,2022-05-29
21,3BC6890E,2115747,찬성,2022-05-29
21,ZDR63255,2115747,불참,2022-05-29
21,GFF1986K,2115747,찬성,2022-05-29
21,WJL30106,2115747,불참,2022-05-29
21,5KV96424,2115747,찬성,2022-05-29
21,60490713,2115747,불참,2022-05-29
21,HKJ99607,2115747,불참,2022-05-29
21,SU53086M,2115747,불참,2022-05-29
21,MR210505,2115747,찬성,2022-05-29
21,GF286398,2115747,불참,2022-05-29
21,H5476989,2115747,찬성,2022-05-29
21,4L695580,2115747,찬성,2022-05-29
21,RPN2293B,2115747,찬성,2022-05-29
21,V429892C,2115747,찬성,2022-05-29
21,IN328264,2115747,불참,2022-05-29
21,I5I2468R,2115747,찬성,2022-05-29
21,WTR5885Y,2115747,불참,2022-05-29
21,OIA3741M,2115747,찬성,2022-05-29
21,6MO8786S,2115747,찬성,2022-05-29
21,XWX1513T,2115747,찬성,2022-05-29
21,CT85313K,2115747,찬성,2022-05-29
21,NQR1206Q,2115747,찬성,2022-05-29
21,L2I9861C,2115747,찬성,2022-05-29
21,WCD5518S,2115747,찬성,2022-05-29
21,SVH3899R,2115747,불참,2022-05-29
21,I434361W,2115747,찬성,2022-05-29
21,IOW8224X,2115747,찬성,2022-05-29
21,ATB59635,2115747,찬성,2022-05-29
21,SBK1544B,2115747,찬성,2022-05-29
21,KUO3574J,2115747,찬성,2022-05-29
21,D6U6678O,2115747,찬성,2022-05-29
21,S9U45255,2115747,찬성,2022-05-29
21,GD131760,2115747,찬성,2022-05-29
21,V0O5343U,2115747,불참,2022-05-29
21,P0F1530P,2115747,불참,2022-05-29
21,UB114374,2115747,찬성,2022-05-29
21,GAV6441G,2115747,찬성,2022-05-29
21,7JC3239L,2115747,불참,2022-05-29
21,IL74008M,2115747,찬성,2022-05-29
21,8KF7223D,2115747,불참,2022-05-29
21,CNZ51556,2115747,찬성,2022-05-29
21,GDG1847Z,2115747,찬성,2022-05-29
21,P2N4585G,2115747,찬성,2022-05-29
21,O7R5461J,2115747,불참,2022-05-29
21,6AR6743G,2115747,찬성,2022-05-29
21,6AU2417B,2115747,불참,2022-05-29
21,8VJ8533R,2115747,찬성,2022-05-29
21,B7D7534L,2115747,찬성,2022-05-29
21,GX22581L,2115747,불참,2022-05-29
21,AFH96856,2115747,불참,2022-05-29
21,B7H6207C,2115747,찬성,2022-05-29
21,6399076T,2115747,찬성,2022-05-29
21,4U29186R,2115747,불참,2022-05-29
21,WHV3448W,2115747,찬성,2022-05-29
21,LH97552Q,2115747,찬성,2022-05-29
21,EVH1507C,2115747,찬성,2022-05-29
21,14M56632,2115747,불참,2022-05-29
21,5K93695T,2115747,찬성,2022-05-29
21,KFS1358P,2115747,불참,2022-05-29
21,CAA7713A,2115747,찬성,2022-05-29
21,QUM8288K,2115747,찬성,2022-05-29
21,S824682L,2115747,찬성,2022-05-29
21,Q9H5708M,2115747,찬성,2022-05-29
21,MRK4871S,2115747,불참,2022-05-29
21,2NV6751W,2115747,찬성,2022-05-29
21,BM63269Y,2115747,불참,2022-05-29
21,M7O7878U,2115747,불참,2022-05-29
21,YLS4431M,2115747,불참,2022-05-29
21,3ZR4438W,2115747,찬성,2022-05-29
21,16D7652C,2115747,찬성,2022-05-29
21,KB04377U,2115747,불참,2022-05-29
21,XR24352K,2115747,찬성,2022-05-29
21,JEZ3130Q,2115747,찬성,2022-05-29
21,GOC54665,2115747,찬성,2022-05-29
21,LJK4960Z,2115747,불참,2022-05-29
21,UQ282145,2115747,불참,2022-05-29
21,7BM2933Y,2115747,찬성,2022-05-29
21,2UD1340H,2115747,찬성,2022-05-29
21,9VR65006,2115747,불참,2022-05-29
21,X7I4680R,2115747,불참,2022-05-29
21,EMC8812P,2115747,찬성,2022-05-29
21,XJC13432,2115747,불참,2022-05-29
21,XSP20229,2115747,찬성,2022-05-29
21,T465023H,2115747,찬성,2022-05-29
21,3RW63706,2115747,찬성,2022-05-29
21,FYI20317,2115747,찬성,2022-05-29
21,8X15119P,2115747,불참,2022-05-29
21,CNW5754J,2115747,찬성,2022-05-29
21,XEF29171,2115747,찬성,2022-05-29
21,9D939735,2115747,찬성,2022-05-29
21,TST4507I,2115747,찬성,2022-05-29
21,LT72093S,2115747,찬성,2022-05-29
21,6YT83269,2115747,찬성,2022-05-29
21,1MU99298,2115747,찬성,2022-05-29
21,FDC3144T,2115747,찬성,2022-05-29
21,I7R13867,2115747,찬성,2022-05-29
21,FOK3459D,2115747,찬성,2022-05-29
21,QUO78839,2115747,불참,2022-05-29
21,BT62420K,2115747,불참,2022-05-29
21,LPB30152,2115747,찬성,2022-05-29
21,TZP9391O,2115747,찬성,2022-05-29
21,ZDP5704Q,2115747,찬성,2022-05-29
21,71J2365L,2115747,불참,2022-05-29
21,W1Q6753M,2115747,찬성,2022-05-29
21,E1J8836Y,2115747,불참,2022-05-29
21,RD42006Y,2115747,불참,2022-05-29
21,6EN68926,2115747,찬성,2022-05-29
21,1BX7234U,2115747,찬성,2022-05-29
21,QHL3248U,2115747,불참,2022-05-29
21,TJW93720,2115747,찬성,2022-05-29
21,9S151177,2115747,찬성,2022-05-29
21,9V18755A,2115747,찬성,2022-05-29
21,XA42275R,2115747,찬성,2022-05-29
21,TRE2429O,2115747,불참,2022-05-29
21,E6U4345C,2115747,찬성,2022-05-29
21,CDL93608,2115747,불참,2022-05-29
21,RQQ3807K,2115747,찬성,2022-05-29
21,FH777496,2115747,찬성,2022-05-29
21,ZYP7962W,2115747,불참,2022-05-29
21,3249208I,2115747,찬성,2022-05-29
21,GX38539O,2115747,찬성,2022-05-29
21,8Q88373R,2115747,불참,2022-05-29
21,WVU2479T,2115747,불참,2022-05-29
21,QTW6852F,2115747,불참,2022-05-29
21,7XY7109I,2115747,찬성,2022-05-29
21,JC14718Q,2115747,찬성,2022-05-29
21,5KV82250,2115747,찬성,2022-05-29
21,L7J93733,2115747,찬성,2022-05-29
21,DAV7257X,2115747,찬성,2022-05-29
21,GE71932C,2115747,불참,2022-05-29
21,17M85910,2115747,찬성,2022-05-29
21,G152611B,2115747,불참,2022-05-29
21,SQ36001H,2115747,불참,2022-05-29
21,G1570880,2115747,찬성,2022-05-29
21,9LD2641Q,2115747,불참,2022-05-29
21,MD083627,2115747,찬성,2022-05-29
21,6V37131U,2115747,불참,2022-05-29
21,OSV9142K,2115747,불참,2022-05-29
21,B7R2742J,2115747,찬성,2022-05-29
21,FJK3396E,2115747,불참,2022-05-29
21,7O71647Z,2115747,찬성,2022-05-29
21,TZ228122,2115747,불참,2022-05-29
21,PO64874I,2115747,찬성,2022-05-29
21,VHK3402G,2115747,불참,2022-05-29
21,Z7Y7827F,2115747,찬성,2022-05-29
21,FU87526G,2115747,찬성,2022-05-29
21,8SV6917G,2115747,불참,2022-05-29
21,8FC9697X,2115747,불참,2022-05-29
21,QKO6165V,2115747,불참,2022-05-29
21,ZRF3039U,2115747,찬성,2022-05-29
21,68P7228G,2115747,찬성,2022-05-29
21,XPP2564T,2115747,찬성,2022-05-29
21,FRN1867O,2115747,불참,2022-05-29
21,LQW3652K,2115747,찬성,2022-05-29
21,RO593601,2115747,찬성,2022-05-29
21,PFG2137X,2115747,불참,2022-05-29
21,0YT3774N,2115747,찬성,2022-05-29
21,40S1959J,2115747,불참,2022-05-29
21,8P37634C,2115747,불참,2022-05-29
21,N4R2421C,2115747,불참,2022-05-29
21,3C23171A,2115747,찬성,2022-05-29
21,JMY9959W,2115747,찬성,2022-05-29
21,7R156073,2115747,불참,2022-05-29
21,J2O8643H,2115747,불참,2022-05-29
21,VCP96419,2115747,찬성,2022-05-29
21,SE233396,2115747,찬성,2022-05-29
21,52P3934K,2115747,찬성,2022-05-29
21,F5Y4026Q,2115747,찬성,2022-05-29
21,1Y73132H,2115747,찬성,2022-05-29
21,I0S53762,2115747,찬성,2022-05-29
21,TKJ4800F,2115747,찬성,2022-05-29
21,O6D8329R,2115747,불참,2022-05-29
21,04T3751T,2115747,찬성,2022-05-29
21,MSY7784L,2115747,불참,2022-05-29
21,K5F2023J,2115747,찬성,2022-05-29
21,N9X9673B,2115747,찬성,2022-05-29
21,5MD4184K,2115747,불참,2022-05-29
21,DPZ7685X,2115747,찬성,2022-05-29
21,6U243644,2115747,찬성,2022-05-29
21,E9R4507P,2115747,찬성,2022-05-29
21,UHB5553T,2115747,찬성,2022-05-29
21,J9S37905,2115747,찬성,2022-05-29
21,A494529E,2115747,찬성,2022-05-29
21,VRY5522V,2115747,찬성,2022-05-29
21,0PK7354M,2115747,찬성,2022-05-29
21,O0I2045I,2115747,찬성,2022-05-29
21,CZB4125D,2115747,찬성,2022-05-29
21,Z6R3959C,2115747,불참,2022-05-29
21,UGH6481E,2115747,불참,2022-05-29
21,W4X85128,2115747,찬성,2022-05-29
21,JZY9937U,2115747,찬성,2022-05-29
21,YKW37422,2115747,불참,2022-05-29
21,MNZ4401T,2115747,찬성,2022-05-29
21,HSS7466Y,2115747,불참,2022-05-29
21,FU53642G,2115747,불참,2022-05-29
21,MLH1404S,2115747,불참,2022-05-29
21,8VY63414,2115747,불참,2022-05-29
21,QQP4727N,2115747,불참,2022-05-29
21,BCQ55105,2115747,찬성,2022-05-29
21,9L57027L,2115747,찬성,2022-05-29
21,5UN9725L,2115747,불참,2022-05-29
21,K3W33496,2115747,찬성,2022-05-29
21,M2Q9024I,2115747,찬성,2022-05-29
21,DBA1057Z,2115747,찬성,2022-05-29
21,CI15627C,2115747,찬성,2022-05-29
21,C7E79345,2115747,불참,2022-05-29
21,4019850M,2115747,찬성,2022-05-29
21,9YO73104,2115747,찬성,2022-05-29
21,FIC9046Z,2115747,불참,2022-05-29
21,NLR6572J,2115747,찬성,2022-05-29
21,JNL7001A,2115747,찬성,2022-05-29
21,L7T64271,2115747,찬성,2022-05-29
21,4X525582,2115747,불참,2022-05-29
21,GKD32201,2115747,찬성,2022-05-29
21,3TO11703,2115747,찬성,2022-05-29
21,S741317G,2115747,불참,2022-05-29
21,CCU1009B,2115747,찬성,2022-05-29
21,MU69217P,2115747,찬성,2022-05-29
21,JVB6983V,2115747,찬성,2022-05-29
21,DAY6557K,2115747,찬성,2022-05-29
21,USR7059P,2115747,불참,2022-05-29
21,A0P4646G,2115747,불참,2022-05-29
21,7I09543O,2115747,불참,2022-05-29
21,3DK8989T,2115747,불참,2022-05-29
21,OFE45081,2115747,불참,2022-05-29
21,09I2323E,2115747,찬성,2022-05-29
21,HSW1214Q,2115747,불참,2022-05-29
21,NZF1659U,2115747,불참,2022-05-29
21,KR14136C,2115747,불참,2022-05-29
21,SRP7336N,2115747,찬성,2022-05-29
21,5765663F,2115747,찬성,2022-05-29
21,ZKU88693,2115747,찬성,2022-05-29
21,KNM3215T,2115747,찬성,2022-05-29
21,M7T9712V,2115747,불참,2022-05-29
21,UM51067K,2115747,불참,2022-05-29
21,1WE5693J,2115747,불참,2022-05-29
21,X3170462,2115747,찬성,2022-05-29
21,MY318392,2115747,불참,2022-05-29
21,8FB1535Y,2115747,찬성,2022-05-29
21,4T026790,2115747,불참,2022-05-29
21,EH27538E,2115747,찬성,2022-05-29
21,WFU14784,2115747,불참,2022-05-29
21,0WL9321T,2115747,불참,2022-05-29
21,PZA4062H,2115747,찬성,2022-05-29
21,8348421R,2115747,불참,2022-05-29
21,JQA21112,2115747,찬성,2022-05-29
21,40E3739H,2115747,찬성,2022-05-29
21,HXT76735,2115747,찬성,2022-05-29
21,0R68099X,2115747,찬성,2022-05-29
21,6RM29022,2115747,찬성,2022-05-29
21,MQU41854,2115747,찬성,2022-05-29
21,2385336L,2115747,찬성,2022-05-29
21,XBT9550Q,2115747,불참,2022-05-29
21,ZA54991S,2115747,찬성,2022-05-29
21,MO52543L,2115747,불참,2022-05-29
21,0827740Q,2115747,찬성,2022-05-29
21,0W194007,2115747,찬성,2022-05-29
21,X1K3667J,2115747,불참,2022-05-29
21,WMG57662,2115747,찬성,2022-05-29
21,NCP9875N,2115747,찬성,2022-05-29
21,3425169D,2115747,찬성,2022-05-29
21,IOW1101J,2115747,찬성,2022-05-29
21,ICH23251,2115747,불참,2022-05-29
21,25I8709Q,2115747,찬성,2022-05-29
21,BLC8630L,2115747,불참,2022-05-29
21,LG63087O,2115747,불참,2022-05-29
21,OW53107J,2115747,불참,2022-05-29
21,PEP6922S,2115747,찬성,2022-05-29
21,DAN6731C,2115747,찬성,2022-05-29
21,VG24001G,2115747,찬성,2022-05-29
21,9JF4562W,2115747,찬성,2022-05-29
21,Y7K5946R,2115747,찬성,2022-05-29
21,BT62420K,2106697,찬성,2021-04-29
21,71J2365L,2106697,찬성,2021-04-29
21,6EN68926,2106697,불참,2021-04-29
21,1BX7234U,2106697,찬성,2021-04-29
21,QHL3248U,2106697,찬성,2021-04-29
21,9V18755A,2106697,찬성,2021-04-29
21,FIC9046Z,2106697,찬성,2021-04-29
21,JNL7001A,2106697,찬성,2021-04-29
21,GKD32201,2106697,찬성,2021-04-29
21,S741317G,2106697,불참,2021-04-29
21,2N793392,2106697,찬성,2021-04-29
21,QD25323M,2106697,불참,2021-04-29
21,1X376850,2106697,찬성,2021-04-29
21,D4L60530,2106697,찬성,2021-04-29
21,NTT8182Q,2106697,찬성,2021-04-29
21,NZF1659U,2106697,불참,2021-04-29
21,WDS6044S,2106697,찬성,2021-04-29
21,ZDR63255,2106697,찬성,2021-04-29
21,GFF1986K,2106697,찬성,2021-04-29
21,WJL30106,2106697,찬성,2021-04-29
21,MY318392,2106697,찬성,2021-04-29
21,4T026790,2106697,찬성,2021-04-29
21,4L695580,2106697,찬성,2021-04-29
21,RPN2293B,2106697,찬성,2021-04-29
21,V429892C,2106697,찬성,2021-04-29
21,ZA54991S,2106697,찬성,2021-04-29
21,IOW1101J,2106697,찬성,2021-04-29
21,BLC8630L,2106697,불참,2021-04-29
21,0767470D,2106697,찬성,2021-04-29
21,DAN6731C,2106697,찬성,2021-04-29
21,VG24001G,2106697,찬성,2021-04-29
21,I434361W,2106697,찬성,2021-04-29
21,9JF4562W,2106697,불참,2021-04-29
21,Y7K5946R,2106697,찬성,2021-04-29
21,SBK1544B,2106697,찬성,2021-04-29
21,8SV6917G,2106697,불참,2021-04-29
21,ZRF3039U,2106697,찬성,2021-04-29
21,V0O5343U,2106697,불참,2021-04-29
21,CNZ51556,2106697,찬성,2021-04-29
21,N4R2421C,2106697,불참,2021-04-29
21,O7R5461J,2106697,찬성,2021-04-29
21,GX22581L,2106697,찬성,2021-04-29
21,6399076T,2106697,찬성,2021-04-29
21,4U29186R,2106697,찬성,2021-04-29
21,MSY7784L,2106697,불참,2021-04-29
21,5K93695T,2106697,찬성,2021-04-29
21,KFS1358P,2106697,찬성,2021-04-29
21,VRY5522V,2106697,찬성,2021-04-29
21,Z6R3959C,2106697,찬성,2021-04-29
21,UGH6481E,2106697,찬성,2021-04-29
21,Q9H5708M,2106697,찬성,2021-04-29
21,2NV6751W,2106697,찬성,2021-04-29
21,BM63269Y,2106697,불참,2021-04-29
21,XR24352K,2106697,찬성,2021-04-29
21,QQP4727N,2106697,찬성,2021-04-29
21,GOC54665,2106697,찬성,2021-04-29
21,LJK4960Z,2106697,찬성,2021-04-29
21,K3W33496,2106697,찬성,2021-04-29
21,CI15627C,2106697,불참,2021-04-29
21,21N57758,2106697,불참,2021-04-29
21,2UD1340H,2106697,찬성,2021-04-29
21,T465023H,2106697,찬성,2021-04-29
21,JC14718Q,2106697,찬성,2021-04-29
21,5KV82250,2106697,찬성,2021-04-29
21,L7J93733,2106697,찬성,2021-04-29
21,6YT83269,2106697,찬성,2021-04-29
21,FDC3144T,2106697,불참,2021-04-29
21,17M85910,2106697,찬성,2021-04-29
21,9LD2641Q,2106697,찬성,2021-04-29
21,FOK3459D,2106697,찬성,2021-04-29
21,L7T64271,2106697,찬성,2021-04-29
21,4X525582,2106697,찬성,2021-04-29
21,G7512472,2106697,찬성,2021-04-29
21,3TO11703,2106697,찬성,2021-04-29
21,CCU1009B,2106697,찬성,2021-04-29
21,MU69217P,2106697,찬성,2021-04-29
21,66W6739S,2106697,찬성,2021-04-29
21,LM13674V,2106697,불참,2021-04-29
21,DAY6557K,2106697,찬성,2021-04-29
21,GP07421U,2106697,찬성,2021-04-29
21,FGI27280,2106697,찬성,2021-04-29
21,USR7059P,2106697,찬성,2021-04-29
21,4XG1439M,2106697,찬성,2021-04-29
21,P2N50879,2106697,찬성,2021-04-29
21,A0P4646G,2106697,불참,2021-04-29
21,A2V51235,2106697,찬성,2021-04-29
21,7I09543O,2106697,찬성,2021-04-29
21,3DK8989T,2106697,불참,2021-04-29
21,7469929V,2106697,찬성,2021-04-29
21,M6H1705E,2106697,찬성,2021-04-29
21,OFE45081,2106697,찬성,2021-04-29
21,09I2323E,2106697,찬성,2021-04-29
21,A3H7195R,2106697,찬성,2021-04-29
21,ZYH1940A,2106697,찬성,2021-04-29
21,0VU8517U,2106697,불참,2021-04-29
21,M0A1658U,2106697,찬성,2021-04-29
21,HSW1214Q,2106697,찬성,2021-04-29
21,3BC6890E,2106697,불참,2021-04-29
21,KR14136C,2106697,찬성,2021-04-29
21,SRP7336N,2106697,찬성,2021-04-29
21,5765663F,2106697,찬성,2021-04-29
21,ZKU88693,2106697,찬성,2021-04-29
21,5KV96424,2106697,찬성,2021-04-29
21,KNM3215T,2106697,찬성,2021-04-29
21,M7T9712V,2106697,불참,2021-04-29
21,60490713,2106697,찬성,2021-04-29
21,UM51067K,2106697,찬성,2021-04-29
21,HKJ99607,2106697,찬성,2021-04-29
21,1WE5693J,2106697,찬성,2021-04-29
21,X3170462,2106697,불참,2021-04-29
21,8FB1535Y,2106697,찬성,2021-04-29
21,EH27538E,2106697,불참,2021-04-29
21,WFU14784,2106697,불참,2021-04-29
21,SU53086M,2106697,찬성,2021-04-29
21,0WL9321T,2106697,찬성,2021-04-29
21,PZA4062H,2106697,찬성,2021-04-29
21,MR210505,2106697,찬성,2021-04-29
21,GF286398,2106697,찬성,2021-04-29
21,8348421R,2106697,기권,2021-04-29
21,H5476989,2106697,찬성,2021-04-29
21,JQA21112,2106697,찬성,2021-04-29
21,40E3739H,2106697,찬성,2021-04-29
21,HXT76735,2106697,찬성,2021-04-29
21,0R68099X,2106697,찬성,2021-04-29
21,4A067125,2106697,찬성,2021-04-29
21,2385336L,2106697,찬성,2021-04-29
21,IN328264,2106697,불참,2021-04-29
21,XBT9550Q,2106697,찬성,2021-04-29
21,MO52543L,2106697,찬성,2021-04-29
21,0827740Q,2106697,찬성,2021-04-29
21,0W194007,2106697,찬성,2021-04-29
21,X1K3667J,2106697,찬성,2021-04-29
21,WMG57662,2106697,찬성,2021-04-29
21,NCP9875N,2106697,찬성,2021-04-29
21,I5I2468R,2106697,찬성,2021-04-29
21,WTR5885Y,2106697,찬성,2021-04-29
21,L5P27909,2106697,찬성,2021-04-29
21,3425169D,2106697,찬성,2021-04-29
21,ICH23251,2106697,찬성,2021-04-29
21,25I8709Q,2106697,찬성,2021-04-29
21,OIA3741M,2106697,찬성,2021-04-29
21,6MO8786S,2106697,찬성,2021-04-29
21,XWX1513T,2106697,찬성,2021-04-29
21,CT85313K,2106697,찬성,2021-04-29
21,PAO22428,2106697,찬성,2021-04-29
21,NQR1206Q,2106697,찬성,2021-04-29
21,LG63087O,2106697,불참,2021-04-29
21,NAL4555X,2106697,불참,2021-04-29
21,OW53107J,2106697,찬성,2021-04-29
21,PEP6922S,2106697,찬성,2021-04-29
21,L2I9861C,2106697,찬성,2021-04-29
21,WCD5518S,2106697,찬성,2021-04-29
21,SVH3899R,2106697,찬성,2021-04-29
21,IOW8224X,2106697,찬성,2021-04-29
21,Z7Y7827F,2106697,찬성,2021-04-29
21,ATB59635,2106697,찬성,2021-04-29
21,KUO3574J,2106697,찬성,2021-04-29
21,D6U6678O,2106697,찬성,2021-04-29
21,FU87526G,2106697,찬성,2021-04-29
21,S9U45255,2106697,찬성,2021-04-29
21,8FC9697X,2106697,찬성,2021-04-29
21,QKO6165V,2106697,찬성,2021-04-29
21,GD131760,2106697,불참,2021-04-29
21,68P7228G,2106697,찬성,2021-04-29
21,P0F1530P,2106697,불참,2021-04-29
21,XPP2564T,2106697,불참,2021-04-29
21,FRN1867O,2106697,찬성,2021-04-29
21,LQW3652K,2106697,찬성,2021-04-29
21,RO593601,2106697,찬성,2021-04-29
21,PFG2137X,2106697,찬성,2021-04-29
21,UB114374,2106697,찬성,2021-04-29
21,GAV6441G,2106697,찬성,2021-04-29
21,0YT3774N,2106697,찬성,2021-04-29
21,7JC3239L,2106697,찬성,2021-04-29
21,40S1959J,2106697,찬성,2021-04-29
21,IL74008M,2106697,찬성,2021-04-29
21,8KF7223D,2106697,찬성,2021-04-29
21,8P37634C,2106697,찬성,2021-04-29
21,3C23171A,2106697,찬성,2021-04-29
21,GDG1847Z,2106697,불참,2021-04-29
21,P2N4585G,2106697,찬성,2021-04-29
21,TVF3669B,2106697,불참,2021-04-29
21,JMY9959W,2106697,찬성,2021-04-29
21,7R156073,2106697,불참,2021-04-29
21,6AR6743G,2106697,찬성,2021-04-29
21,J2O8643H,2106697,찬성,2021-04-29
21,VCP96419,2106697,찬성,2021-04-29
21,6AU2417B,2106697,찬성,2021-04-29
21,8VJ8533R,2106697,찬성,2021-04-29
21,B7D7534L,2106697,찬성,2021-04-29
21,SE233396,2106697,찬성,2021-04-29
21,AFH96856,2106697,찬성,2021-04-29
21,52P3934K,2106697,불참,2021-04-29
21,B7H6207C,2106697,불참,2021-04-29
21,F5Y4026Q,2106697,찬성,2021-04-29
21,WHV3448W,2106697,찬성,2021-04-29
21,1Y73132H,2106697,찬성,2021-04-29
21,I0S53762,2106697,불참,2021-04-29
21,LH97552Q,2106697,찬성,2021-04-29
21,TKJ4800F,2106697,찬성,2021-04-29
21,O6D8329R,2106697,찬성,2021-04-29
21,04T3751T,2106697,찬성,2021-04-29
21,EVH1507C,2106697,찬성,2021-04-29
21,K5F2023J,2106697,불참,2021-04-29
21,14M56632,2106697,불참,2021-04-29
21,N9X9673B,2106697,불참,2021-04-29
21,5MD4184K,2106697,찬성,2021-04-29
21,TP066860,2106697,찬성,2021-04-29
21,DPZ7685X,2106697,찬성,2021-04-29
21,6U243644,2106697,찬성,2021-04-29
21,E9R4507P,2106697,찬성,2021-04-29
21,UHB5553T,2106697,찬성,2021-04-29
21,J9S37905,2106697,불참,2021-04-29
21,A494529E,2106697,찬성,2021-04-29
21,CAA7713A,2106697,불참,2021-04-29
21,0PK7354M,2106697,찬성,2021-04-29
21,O0I2045I,2106697,찬성,2021-04-29
21,CZB4125D,2106697,불참,2021-04-29
21,QUM8288K,2106697,찬성,2021-04-29
21,S824682L,2106697,찬성,2021-04-29
21,W4X85128,2106697,불참,2021-04-29
21,CFE3998F,2106697,불참,2021-04-29
21,JZY9937U,2106697,찬성,2021-04-29
21,MRK4871S,2106697,찬성,2021-04-29
21,YKW37422,2106697,불참,2021-04-29
21,M7O7878U,2106697,찬성,2021-04-29
21,YLS4431M,2106697,찬성,2021-04-29
21,MNZ4401T,2106697,불참,2021-04-29
21,3ZR4438W,2106697,불참,2021-04-29
21,HSS7466Y,2106697,찬성,2021-04-29
21,16D7652C,2106697,찬성,2021-04-29
21,KB04377U,2106697,불참,2021-04-29
21,FU53642G,2106697,찬성,2021-04-29
21,MLH1404S,2106697,찬성,2021-04-29
21,8VY63414,2106697,찬성,2021-04-29
21,IUL4848V,2106697,찬성,2021-04-29
21,JEZ3130Q,2106697,찬성,2021-04-29
21,BCQ55105,2106697,찬성,2021-04-29
21,9L57027L,2106697,찬성,2021-04-29
21,5UN9725L,2106697,찬성,2021-04-29
21,M2Q9024I,2106697,찬성,2021-04-29
21,DBA1057Z,2106697,찬성,2021-04-29
21,C7E79345,2106697,불참,2021-04-29
21,4019850M,2106697,찬성,2021-04-29
21,UQ282145,2106697,찬성,2021-04-29
21,9YO73104,2106697,찬성,2021-04-29
21,TRE2429O,2106697,찬성,2021-04-29
21,E6U4345C,2106697,찬성,2021-04-29
21,7BM2933Y,2106697,찬성,2021-04-29
21,CDL93608,2106697,찬성,2021-04-29
21,9VR65006,2106697,불참,2021-04-29
21,X7I4680R,2106697,불참,2021-04-29
21,EMC8812P,2106697,찬성,2021-04-29
21,XJC13432,2106697,찬성,2021-04-29
21,D0C85236,2106697,찬성,2021-04-29
21,XSP20229,2106697,찬성,2021-04-29
21,3RW63706,2106697,찬성,2021-04-29
21,RQQ3807K,2106697,찬성,2021-04-29
21,FH777496,2106697,찬성,2021-04-29
21,FYI20317,2106697,불참,2021-04-29
21,8X15119P,2106697,불참,2021-04-29
21,ZYP7962W,2106697,찬성,2021-04-29
21,CNW5754J,2106697,찬성,2021-04-29
21,3249208I,2106697,찬성,2021-04-29
21,GX38539O,2106697,찬성,2021-04-29
21,8Q88373R,2106697,찬성,2021-04-29
21,XEF29171,2106697,찬성,2021-04-29
21,WVU2479T,2106697,찬성,2021-04-29
21,9D939735,2106697,찬성,2021-04-29
21,QTW6852F,2106697,찬성,2021-04-29
21,7XY7109I,2106697,찬성,2021-04-29
21,TST4507I,2106697,찬성,2021-04-29
21,DAV7257X,2106697,찬성,2021-04-29
21,LT72093S,2106697,찬성,2021-04-29
21,GE71932C,2106697,찬성,2021-04-29
21,1MU99298,2106697,찬성,2021-04-29
21,G152611B,2106697,찬성,2021-04-29
21,I7R13867,2106697,찬성,2021-04-29
21,SQ36001H,2106697,찬성,2021-04-29
21,G1570880,2106697,찬성,2021-04-29
21,QUO78839,2106697,찬성,2021-04-29
21,LPB30152,2106697,불참,2021-04-29
21,MD083627,2106697,불참,2021-04-29
21,TZP9391O,2106697,찬성,2021-04-29
21,6V37131U,2106697,불참,2021-04-29
21,OSV9142K,2106697,찬성,2021-04-29
21,B7R2742J,2106697,찬성,2021-04-29
21,FJK3396E,2106697,찬성,2021-04-29
21,ZDP5704Q,2106697,찬성,2021-04-29
21,7O71647Z,2106697,찬성,2021-04-29
21,W1Q6753M,2106697,찬성,2021-04-29
21,MHK9919B,2106697,찬성,2021-04-29
21,E1J8836Y,2106697,찬성,2021-04-29
21,RD42006Y,2106697,불참,2021-04-29
21,AE685067,2106697,찬성,2021-04-29
21,TJW93720,2106697,찬성,2021-04-29
21,9S151177,2106697,찬성,2021-04-29
21,TZ228122,2106697,찬성,2021-04-29
21,XA42275R,2106697,찬성,2021-04-29
21,PO64874I,2106697,불참,2021-04-29
21,66W6739S,2118956,찬성,2023-08-24
21,ZDP5704Q,2118956,찬성,2023-08-24
21,MR210505,2118956,불참,2023-08-24
21,ZA54991S,2118956,찬성,2023-08-24
21,ZRF3039U,2118956,찬성,2023-08-24
21,8KF7223D,2118956,불참,2023-08-24
21,P2N4585G,2118956,찬성,2023-08-24
21,N9X9673B,2118956,찬성,2023-08-24
21,MLH1404S,2118956,불참,2023-08-24
21,CNW5754J,2118956,불참,2023-08-24
21,8Q88373R,2118956,찬성,2023-08-24
21,FDC3144T,2118956,찬성,2023-08-24
21,OSV9142K,2118956,찬성,2023-08-24
21,B7R2742J,2118956,찬성,2023-08-24
21,1WE5693J,2118956,불참,2023-08-24
21,F5U2979W,2118956,불참,2023-08-24
21,YOG1280B,2118956,찬성,2023-08-24
21,FIC9046Z,2118956,불참,2023-08-24
21,DWK26447,2118956,찬성,2023-08-24
21,KFM1081G,2118956,불참,2023-08-24
21,NLR6572J,2118956,찬성,2023-08-24
21,L7T64271,2118956,찬성,2023-08-24
21,GKD32201,2118956,찬성,2023-08-24
21,G7512472,2118956,찬성,2023-08-24
21,S741317G,2118956,찬성,2023-08-24
21,CCU1009B,2118956,찬성,2023-08-24
21,MU69217P,2118956,불참,2023-08-24
21,2N793392,2118956,찬성,2023-08-24
21,LM13674V,2118956,찬성,2023-08-24
21,QD25323M,2118956,찬성,2023-08-24
21,DAY6557K,2118956,찬성,2023-08-24
21,GP07421U,2118956,찬성,2023-08-24
21,USR7059P,2118956,불참,2023-08-24
21,4XG1439M,2118956,찬성,2023-08-24
21,P2N50879,2118956,찬성,2023-08-24
21,A0P4646G,2118956,찬성,2023-08-24
21,A2V51235,2118956,찬성,2023-08-24
21,7I09543O,2118956,찬성,2023-08-24
21,3DK8989T,2118956,찬성,2023-08-24
21,7469929V,2118956,불참,2023-08-24
21,D4L60530,2118956,찬성,2023-08-24
21,M6H1705E,2118956,찬성,2023-08-24
21,OFE45081,2118956,찬성,2023-08-24
21,09I2323E,2118956,찬성,2023-08-24
21,NTT8182Q,2118956,찬성,2023-08-24
21,ZYH1940A,2118956,찬성,2023-08-24
21,M0A1658U,2118956,찬성,2023-08-24
21,HSW1214Q,2118956,찬성,2023-08-24
21,NZF1659U,2118956,찬성,2023-08-24
21,WDS6044S,2118956,찬성,2023-08-24
21,3BC6890E,2118956,불참,2023-08-24
21,ZDR63255,2118956,찬성,2023-08-24
21,KR14136C,2118956,불참,2023-08-24
21,SRP7336N,2118956,찬성,2023-08-24
21,5765663F,2118956,불참,2023-08-24
21,GFF1986K,2118956,찬성,2023-08-24
21,ZKU88693,2118956,찬성,2023-08-24
21,WJL30106,2118956,불참,2023-08-24
21,M7T9712V,2118956,불참,2023-08-24
21,60490713,2118956,불참,2023-08-24
21,UM51067K,2118956,찬성,2023-08-24
21,HKJ99607,2118956,찬성,2023-08-24
21,X3170462,2118956,찬성,2023-08-24
21,MY318392,2118956,찬성,2023-08-24
21,8FB1535Y,2118956,찬성,2023-08-24
21,4T026790,2118956,불참,2023-08-24
21,EH27538E,2118956,찬성,2023-08-24
21,WFU14784,2118956,불참,2023-08-24
21,SU53086M,2118956,찬성,2023-08-24
21,0WL9321T,2118956,찬성,2023-08-24
21,PZA4062H,2118956,찬성,2023-08-24
21,GF286398,2118956,찬성,2023-08-24
21,8348421R,2118956,불참,2023-08-24
21,H5476989,2118956,찬성,2023-08-24
21,JQA21112,2118956,찬성,2023-08-24
21,4L695580,2118956,찬성,2023-08-24
21,40E3739H,2118956,찬성,2023-08-24
21,HXT76735,2118956,찬성,2023-08-24
21,RPN2293B,2118956,불참,2023-08-24
21,0R68099X,2118956,찬성,2023-08-24
21,MQU41854,2118956,불참,2023-08-24
21,V429892C,2118956,찬성,2023-08-24
21,2385336L,2118956,찬성,2023-08-24
21,IN328264,2118956,불참,2023-08-24
21,XBT9550Q,2118956,찬성,2023-08-24
21,MO52543L,2118956,불참,2023-08-24
21,0827740Q,2118956,찬성,2023-08-24
21,0W194007,2118956,찬성,2023-08-24
21,X1K3667J,2118956,찬성,2023-08-24
21,WMG57662,2118956,찬성,2023-08-24
21,NCP9875N,2118956,찬성,2023-08-24
21,I5I2468R,2118956,찬성,2023-08-24
21,WTR5885Y,2118956,불참,2023-08-24
21,3425169D,2118956,찬성,2023-08-24
21,IOW1101J,2118956,불참,2023-08-24
21,25I8709Q,2118956,불참,2023-08-24
21,OIA3741M,2118956,찬성,2023-08-24
21,6MO8786S,2118956,불참,2023-08-24
21,XWX1513T,2118956,찬성,2023-08-24
21,CT85313K,2118956,찬성,2023-08-24
21,BLC8630L,2118956,찬성,2023-08-24
21,NQR1206Q,2118956,찬성,2023-08-24
21,LG63087O,2118956,찬성,2023-08-24
21,PEP6922S,2118956,불참,2023-08-24
21,DAN6731C,2118956,찬성,2023-08-24
21,L2I9861C,2118956,찬성,2023-08-24
21,WCD5518S,2118956,찬성,2023-08-24
21,SVH3899R,2118956,찬성,2023-08-24
21,9JF4562W,2118956,찬성,2023-08-24
21,Y7K5946R,2118956,찬성,2023-08-24
21,Z7Y7827F,2118956,찬성,2023-08-24
21,ATB59635,2118956,불참,2023-08-24
21,KUO3574J,2118956,찬성,2023-08-24
21,D6U6678O,2118956,찬성,2023-08-24
21,FU87526G,2118956,불참,2023-08-24
21,S9U45255,2118956,찬성,2023-08-24
21,8FC9697X,2118956,불참,2023-08-24
21,QKO6165V,2118956,불참,2023-08-24
21,GD131760,2118956,찬성,2023-08-24
21,V0O5343U,2118956,찬성,2023-08-24
21,68P7228G,2118956,찬성,2023-08-24
21,P0F1530P,2118956,불참,2023-08-24
21,XPP2564T,2118956,불참,2023-08-24
21,FRN1867O,2118956,불참,2023-08-24
21,LQW3652K,2118956,찬성,2023-08-24
21,RO593601,2118956,찬성,2023-08-24
21,UB114374,2118956,찬성,2023-08-24
21,GAV6441G,2118956,찬성,2023-08-24
21,0YT3774N,2118956,찬성,2023-08-24
21,7JC3239L,2118956,찬성,2023-08-24
21,40S1959J,2118956,찬성,2023-08-24
21,IL74008M,2118956,찬성,2023-08-24
21,8P37634C,2118956,찬성,2023-08-24
21,CNZ51556,2118956,찬성,2023-08-24
21,N4R2421C,2118956,불참,2023-08-24
21,3C23171A,2118956,불참,2023-08-24
21,GDG1847Z,2118956,찬성,2023-08-24
21,JMY9959W,2118956,불참,2023-08-24
21,7R156073,2118956,불참,2023-08-24
21,6AR6743G,2118956,불참,2023-08-24
21,J2O8643H,2118956,찬성,2023-08-24
21,VCP96419,2118956,찬성,2023-08-24
21,6AU2417B,2118956,불참,2023-08-24
21,8VJ8533R,2118956,불참,2023-08-24
21,B7D7534L,2118956,불참,2023-08-24
21,GX22581L,2118956,찬성,2023-08-24
21,SE233396,2118956,찬성,2023-08-24
21,AFH96856,2118956,찬성,2023-08-24
21,52P3934K,2118956,불참,2023-08-24
21,B7H6207C,2118956,찬성,2023-08-24
21,6399076T,2118956,찬성,2023-08-24
21,4U29186R,2118956,찬성,2023-08-24
21,F5Y4026Q,2118956,찬성,2023-08-24
21,WHV3448W,2118956,찬성,2023-08-24
21,6RD62559,2118956,찬성,2023-08-24
21,1Y73132H,2118956,찬성,2023-08-24
21,LH97552Q,2118956,찬성,2023-08-24
21,TKJ4800F,2118956,찬성,2023-08-24
21,O6D8329R,2118956,찬성,2023-08-24
21,04T3751T,2118956,찬성,2023-08-24
21,MSY7784L,2118956,찬성,2023-08-24
21,K5F2023J,2118956,찬성,2023-08-24
21,14M56632,2118956,찬성,2023-08-24
21,5MD4184K,2118956,찬성,2023-08-24
21,5K93695T,2118956,불참,2023-08-24
21,DPZ7685X,2118956,찬성,2023-08-24
21,UHB5553T,2118956,찬성,2023-08-24
21,KFS1358P,2118956,찬성,2023-08-24
21,J9S37905,2118956,찬성,2023-08-24
21,A494529E,2118956,불참,2023-08-24
21,VRY5522V,2118956,찬성,2023-08-24
21,CAA7713A,2118956,찬성,2023-08-24
21,0PK7354M,2118956,불참,2023-08-24
21,O0I2045I,2118956,찬성,2023-08-24
21,Z6R3959C,2118956,찬성,2023-08-24
21,QUM8288K,2118956,불참,2023-08-24
21,UGH6481E,2118956,찬성,2023-08-24
21,S824682L,2118956,찬성,2023-08-24
21,W4X85128,2118956,찬성,2023-08-24
21,Q9H5708M,2118956,불참,2023-08-24
21,JZY9937U,2118956,찬성,2023-08-24
21,MRK4871S,2118956,찬성,2023-08-24
21,YKW37422,2118956,불참,2023-08-24
21,2NV6751W,2118956,찬성,2023-08-24
21,BM63269Y,2118956,찬성,2023-08-24
21,M7O7878U,2118956,찬성,2023-08-24
21,YLS4431M,2118956,불참,2023-08-24
21,MNZ4401T,2118956,찬성,2023-08-24
21,3ZR4438W,2118956,불참,2023-08-24
21,HSS7466Y,2118956,찬성,2023-08-24
21,KB04377U,2118956,찬성,2023-08-24
21,FU53642G,2118956,찬성,2023-08-24
21,QQP4727N,2118956,찬성,2023-08-24
21,JEZ3130Q,2118956,찬성,2023-08-24
21,BCQ55105,2118956,불참,2023-08-24
21,9L57027L,2118956,불참,2023-08-24
21,GOC54665,2118956,불참,2023-08-24
21,5UN9725L,2118956,찬성,2023-08-24
21,LJK4960Z,2118956,불참,2023-08-24
21,IUD9392R,2118956,불참,2023-08-24
21,K3W33496,2118956,찬성,2023-08-24
21,M2Q9024I,2118956,불참,2023-08-24
21,DBA1057Z,2118956,찬성,2023-08-24
21,CI15627C,2118956,불참,2023-08-24
21,C7E79345,2118956,불참,2023-08-24
21,UQ282145,2118956,불참,2023-08-24
21,TRE2429O,2118956,찬성,2023-08-24
21,E6U4345C,2118956,불참,2023-08-24
21,7BM2933Y,2118956,찬성,2023-08-24
21,CDL93608,2118956,불참,2023-08-24
21,2UD1340H,2118956,찬성,2023-08-24
21,9VR65006,2118956,찬성,2023-08-24
21,X7I4680R,2118956,불참,2023-08-24
21,EMC8812P,2118956,찬성,2023-08-24
21,XJC13432,2118956,찬성,2023-08-24
21,T465023H,2118956,찬성,2023-08-24
21,3RW63706,2118956,찬성,2023-08-24
21,RQQ3807K,2118956,찬성,2023-08-24
21,FH777496,2118956,찬성,2023-08-24
21,FYI20317,2118956,불참,2023-08-24
21,8X15119P,2118956,불참,2023-08-24
21,ZYP7962W,2118956,찬성,2023-08-24
21,3249208I,2118956,찬성,2023-08-24
21,GX38539O,2118956,찬성,2023-08-24
21,XEF29171,2118956,찬성,2023-08-24
21,WVU2479T,2118956,찬성,2023-08-24
21,9D939735,2118956,불참,2023-08-24
21,QTW6852F,2118956,찬성,2023-08-24
21,7XY7109I,2118956,불참,2023-08-24
21,TST4507I,2118956,찬성,2023-08-24
21,JC14718Q,2118956,찬성,2023-08-24
21,5KV82250,2118956,찬성,2023-08-24
21,L7J93733,2118956,찬성,2023-08-24
21,DAV7257X,2118956,찬성,2023-08-24
21,LT72093S,2118956,불참,2023-08-24
21,GE71932C,2118956,찬성,2023-08-24
21,6YT83269,2118956,찬성,2023-08-24
21,1MU99298,2118956,불참,2023-08-24
21,17M85910,2118956,불참,2023-08-24
21,I7R13867,2118956,찬성,2023-08-24
21,SQ36001H,2118956,찬성,2023-08-24
21,G1570880,2118956,찬성,2023-08-24
21,9LD2641Q,2118956,찬성,2023-08-24
21,FOK3459D,2118956,찬성,2023-08-24
21,LPB30152,2118956,불참,2023-08-24
21,MD083627,2118956,찬성,2023-08-24
21,TZP9391O,2118956,찬성,2023-08-24
21,6V37131U,2118956,찬성,2023-08-24
21,FJK3396E,2118956,찬성,2023-08-24
21,71J2365L,2118956,불참,2023-08-24
21,7O71647Z,2118956,찬성,2023-08-24
21,W1Q6753M,2118956,찬성,2023-08-24
21,E1J8836Y,2118956,찬성,2023-08-24
21,RD42006Y,2118956,불참,2023-08-24
21,6EN68926,2118956,찬성,2023-08-24
21,QHL3248U,2118956,불참,2023-08-24
21,TJW93720,2118956,찬성,2023-08-24
21,9S151177,2118956,불참,2023-08-24
21,9V18755A,2118956,찬성,2023-08-24
21,XA42275R,2118956,찬성,2023-08-24
21,PO64874I,2118956,불참,2023-08-24
21,LBC8144B,2118956,찬성,2023-08-24
21,VHK3402G,2118956,찬성,2023-08-24
21,NUB4941Z,2118956,불참,2023-08-24
21,TZ228122,2118956,찬성,2023-08-24
21,4X525582,2118956,불참,2023-08-24
21,3TO11703,2118956,찬성,2023-08-24
21,JVB6983V,2118956,불참,2023-08-24
21,FGI27280,2118956,불참,2023-08-24
21,A3H7195R,2118956,불참,2023-08-24
21,0VU8517U,2118956,찬성,2023-08-24
21,5KV96424,2118956,찬성,2023-08-24
21,KNM3215T,2118956,찬성,2023-08-24
21,6FS10566,2118956,찬성,2023-08-24
21,6RM29022,2118956,찬성,2023-08-24
21,ICH23251,2118956,불참,2023-08-24
21,OW53107J,2118956,찬성,2023-08-24
21,VG24001G,2118956,찬성,2023-08-24
21,IOW8224X,2118956,찬성,2023-08-24
21,8SV6917G,2118956,찬성,2023-08-24
21,PFG2137X,2118956,불참,2023-08-24
21,O7R5461J,2118956,찬성,2023-08-24
21,I0S53762,2118956,불참,2023-08-24
21,EVH1507C,2118956,찬성,2023-08-24
21,6U243644,2118956,불참,2023-08-24
21,E9R4507P,2118956,찬성,2023-08-24
21,CZB4125D,2118956,불참,2023-08-24
21,16D7652C,2118956,찬성,2023-08-24
21,8VY63414,2118956,찬성,2023-08-24
21,XR24352K,2118956,찬성,2023-08-24
21,4019850M,2118956,찬성,2023-08-24
21,9YO73104,2118956,찬성,2023-08-24
21,XSP20229,2118956,찬성,2023-08-24
21,G152611B,2118956,불참,2023-08-24
21,QUO78839,2118956,찬성,2023-08-24
21,BT62420K,2118956,찬성,2023-08-24
21,1BX7234U,2118956,찬성,2023-08-24
21,YTA7297R,2118956,찬성,2023-08-24
21,DWK26447,2122982,불참,2023-06-30
21,KFM1081G,2122982,찬성,2023-06-30
21,G7512472,2122982,찬성,2023-06-30
21,S741317G,2122982,찬성,2023-06-30
21,MU69217P,2122982,찬성,2023-06-30
21,2N793392,2122982,찬성,2023-06-30
21,66W6739S,2122982,찬성,2023-06-30
21,QD25323M,2122982,찬성,2023-06-30
21,DAY6557K,2122982,찬성,2023-06-30
21,USR7059P,2122982,찬성,2023-06-30
21,P2N50879,2122982,찬성,2023-06-30
21,A0P4646G,2122982,불참,2023-06-30
21,A2V51235,2122982,찬성,2023-06-30
21,7I09543O,2122982,찬성,2023-06-30
21,3DK8989T,2122982,불참,2023-06-30
21,7469929V,2122982,찬성,2023-06-30
21,D4L60530,2122982,찬성,2023-06-30
21,OFE45081,2122982,찬성,2023-06-30
21,ZYH1940A,2122982,찬성,2023-06-30
21,HSW1214Q,2122982,찬성,2023-06-30
21,ZDR63255,2122982,찬성,2023-06-30
21,SRP7336N,2122982,찬성,2023-06-30
21,5765663F,2122982,찬성,2023-06-30
21,GFF1986K,2122982,찬성,2023-06-30
21,ZKU88693,2122982,찬성,2023-06-30
21,M7T9712V,2122982,찬성,2023-06-30
21,60490713,2122982,찬성,2023-06-30
21,HKJ99607,2122982,찬성,2023-06-30
21,1WE5693J,2122982,찬성,2023-06-30
21,MY318392,2122982,찬성,2023-06-30
21,8FB1535Y,2122982,찬성,2023-06-30
21,4T026790,2122982,찬성,2023-06-30
21,EH27538E,2122982,찬성,2023-06-30
21,WFU14784,2122982,찬성,2023-06-30
21,SU53086M,2122982,찬성,2023-06-30
21,0WL9321T,2122982,불참,2023-06-30
21,PZA4062H,2122982,찬성,2023-06-30
21,MR210505,2122982,찬성,2023-06-30
21,GF286398,2122982,찬성,2023-06-30
21,4L695580,2122982,찬성,2023-06-30
21,RPN2293B,2122982,찬성,2023-06-30
21,MQU41854,2122982,찬성,2023-06-30
21,V429892C,2122982,찬성,2023-06-30
21,IN328264,2122982,불참,2023-06-30
21,XBT9550Q,2122982,찬성,2023-06-30
21,ZA54991S,2122982,찬성,2023-06-30
21,0827740Q,2122982,찬성,2023-06-30
21,0W194007,2122982,찬성,2023-06-30
21,WMG57662,2122982,찬성,2023-06-30
21,NCP9875N,2122982,찬성,2023-06-30
21,I5I2468R,2122982,찬성,2023-06-30
21,3425169D,2122982,찬성,2023-06-30
21,OIA3741M,2122982,불참,2023-06-30
21,XWX1513T,2122982,찬성,2023-06-30
21,CT85313K,2122982,찬성,2023-06-30
21,BLC8630L,2122982,찬성,2023-06-30
21,NQR1206Q,2122982,찬성,2023-06-30
21,LG63087O,2122982,불참,2023-06-30
21,DAN6731C,2122982,찬성,2023-06-30
21,VG24001G,2122982,찬성,2023-06-30
21,WCD5518S,2122982,찬성,2023-06-30
21,SVH3899R,2122982,찬성,2023-06-30
21,ATB59635,2122982,찬성,2023-06-30
21,SBK1544B,2122982,불참,2023-06-30
21,KUO3574J,2122982,찬성,2023-06-30
21,D6U6678O,2122982,찬성,2023-06-30
21,FU87526G,2122982,찬성,2023-06-30
21,S9U45255,2122982,찬성,2023-06-30
21,8FC9697X,2122982,찬성,2023-06-30
21,QKO6165V,2122982,불참,2023-06-30
21,GD131760,2122982,찬성,2023-06-30
21,ZRF3039U,2122982,찬성,2023-06-30
21,68P7228G,2122982,찬성,2023-06-30
21,P0F1530P,2122982,불참,2023-06-30
21,XPP2564T,2122982,찬성,2023-06-30
21,LQW3652K,2122982,찬성,2023-06-30
21,GAV6441G,2122982,찬성,2023-06-30
21,0YT3774N,2122982,찬성,2023-06-30
21,40S1959J,2122982,찬성,2023-06-30
21,IL74008M,2122982,찬성,2023-06-30
21,8KF7223D,2122982,불참,2023-06-30
21,8P37634C,2122982,찬성,2023-06-30
21,CNZ51556,2122982,찬성,2023-06-30
21,N4R2421C,2122982,찬성,2023-06-30
21,3C23171A,2122982,찬성,2023-06-30
21,GDG1847Z,2122982,찬성,2023-06-30
21,P2N4585G,2122982,찬성,2023-06-30
21,JMY9959W,2122982,찬성,2023-06-30
21,VCP96419,2122982,찬성,2023-06-30
21,6AU2417B,2122982,찬성,2023-06-30
21,8VJ8533R,2122982,찬성,2023-06-30
21,B7D7534L,2122982,찬성,2023-06-30
21,AFH96856,2122982,찬성,2023-06-30
21,52P3934K,2122982,찬성,2023-06-30
21,6399076T,2122982,찬성,2023-06-30
21,4U29186R,2122982,찬성,2023-06-30
21,WHV3448W,2122982,찬성,2023-06-30
21,O6D8329R,2122982,찬성,2023-06-30
21,04T3751T,2122982,찬성,2023-06-30
21,MSY7784L,2122982,찬성,2023-06-30
21,14M56632,2122982,찬성,2023-06-30
21,N9X9673B,2122982,찬성,2023-06-30
21,5MD4184K,2122982,찬성,2023-06-30
21,DPZ7685X,2122982,찬성,2023-06-30
21,E9R4507P,2122982,찬성,2023-06-30
21,J9S37905,2122982,불참,2023-06-30
21,CAA7713A,2122982,찬성,2023-06-30
21,0PK7354M,2122982,찬성,2023-06-30
21,Z6R3959C,2122982,불참,2023-06-30
21,QUM8288K,2122982,찬성,2023-06-30
21,UGH6481E,2122982,찬성,2023-06-30
21,JZY9937U,2122982,찬성,2023-06-30
21,MRK4871S,2122982,찬성,2023-06-30
21,YKW37422,2122982,찬성,2023-06-30
21,2NV6751W,2122982,찬성,2023-06-30
21,BM63269Y,2122982,불참,2023-06-30
21,3ZR4438W,2122982,찬성,2023-06-30
21,KB04377U,2122982,찬성,2023-06-30
21,FU53642G,2122982,찬성,2023-06-30
21,MLH1404S,2122982,불참,2023-06-30
21,IUD9392R,2122982,찬성,2023-06-30
21,K3W33496,2122982,찬성,2023-06-30
21,M2Q9024I,2122982,찬성,2023-06-30
21,DBA1057Z,2122982,찬성,2023-06-30
21,CI15627C,2122982,찬성,2023-06-30
21,UQ282145,2122982,찬성,2023-06-30
21,TRE2429O,2122982,찬성,2023-06-30
21,7BM2933Y,2122982,찬성,2023-06-30
21,9VR65006,2122982,찬성,2023-06-30
21,X7I4680R,2122982,찬성,2023-06-30
21,EMC8812P,2122982,찬성,2023-06-30
21,T465023H,2122982,찬성,2023-06-30
21,3RW63706,2122982,찬성,2023-06-30
21,RQQ3807K,2122982,찬성,2023-06-30
21,ZYP7962W,2122982,찬성,2023-06-30
21,CNW5754J,2122982,찬성,2023-06-30
21,3249208I,2122982,찬성,2023-06-30
21,8Q88373R,2122982,찬성,2023-06-30
21,XEF29171,2122982,찬성,2023-06-30
21,QTW6852F,2122982,찬성,2023-06-30
21,7XY7109I,2122982,찬성,2023-06-30
21,JC14718Q,2122982,찬성,2023-06-30
21,5KV82250,2122982,찬성,2023-06-30
21,LT72093S,2122982,찬성,2023-06-30
21,FDC3144T,2122982,불참,2023-06-30
21,9LD2641Q,2122982,찬성,2023-06-30
21,MD083627,2122982,찬성,2023-06-30
21,OSV9142K,2122982,찬성,2023-06-30
21,B7R2742J,2122982,찬성,2023-06-30
21,ZDP5704Q,2122982,찬성,2023-06-30
21,71J2365L,2122982,찬성,2023-06-30
21,7O71647Z,2122982,찬성,2023-06-30
21,W1Q6753M,2122982,찬성,2023-06-30
21,E1J8836Y,2122982,찬성,2023-06-30
21,TJW93720,2122982,찬성,2023-06-30
21,9S151177,2122982,찬성,2023-06-30
21,9V18755A,2122982,찬성,2023-06-30
21,PO64874I,2122982,찬성,2023-06-30
21,VHK3402G,2122982,불참,2023-06-30
21,BT62420K,2122982,찬성,2023-06-30
21,LPB30152,2122982,찬성,2023-06-30
21,TZP9391O,2122982,찬성,2023-06-30
21,6V37131U,2122982,찬성,2023-06-30
21,FJK3396E,2122982,찬성,2023-06-30
21,RD42006Y,2122982,찬성,2023-06-30
21,6EN68926,2122982,찬성,2023-06-30
21,1BX7234U,2122982,찬성,2023-06-30
21,QHL3248U,2122982,찬성,2023-06-30
21,TZ228122,2122982,찬성,2023-06-30
21,XA42275R,2122982,불참,2023-06-30
21,LBC8144B,2122982,불참,2023-06-30
21,J2O8643H,2122982,찬성,2023-06-30
21,GX22581L,2122982,찬성,2023-06-30
21,SE233396,2122982,찬성,2023-06-30
21,B7H6207C,2122982,찬성,2023-06-30
21,F5Y4026Q,2122982,찬성,2023-06-30
21,6RD62559,2122982,찬성,2023-06-30
21,1Y73132H,2122982,찬성,2023-06-30
21,I0S53762,2122982,기권,2023-06-30
21,LH97552Q,2122982,찬성,2023-06-30
21,TKJ4800F,2122982,찬성,2023-06-30
21,EVH1507C,2122982,찬성,2023-06-30
21,K5F2023J,2122982,찬성,2023-06-30
21,5K93695T,2122982,찬성,2023-06-30
21,6U243644,2122982,찬성,2023-06-30
21,UHB5553T,2122982,찬성,2023-06-30
21,KFS1358P,2122982,찬성,2023-06-30
21,A494529E,2122982,찬성,2023-06-30
21,VRY5522V,2122982,찬성,2023-06-30
21,O0I2045I,2122982,찬성,2023-06-30
21,CZB4125D,2122982,찬성,2023-06-30
21,S824682L,2122982,찬성,2023-06-30
21,W4X85128,2122982,찬성,2023-06-30
21,Q9H5708M,2122982,찬성,2023-06-30
21,M7O7878U,2122982,찬성,2023-06-30
21,YLS4431M,2122982,불참,2023-06-30
21,MNZ4401T,2122982,찬성,2023-06-30
21,HSS7466Y,2122982,찬성,2023-06-30
21,16D7652C,2122982,찬성,2023-06-30
21,8VY63414,2122982,찬성,2023-06-30
21,XR24352K,2122982,찬성,2023-06-30
21,QQP4727N,2122982,불참,2023-06-30
21,JEZ3130Q,2122982,찬성,2023-06-30
21,BCQ55105,2122982,찬성,2023-06-30
21,9L57027L,2122982,불참,2023-06-30
21,GOC54665,2122982,불참,2023-06-30
21,5UN9725L,2122982,찬성,2023-06-30
21,LJK4960Z,2122982,찬성,2023-06-30
21,C7E79345,2122982,찬성,2023-06-30
21,4019850M,2122982,찬성,2023-06-30
21,9YO73104,2122982,찬성,2023-06-30
21,E6U4345C,2122982,찬성,2023-06-30
21,CDL93608,2122982,찬성,2023-06-30
21,2UD1340H,2122982,찬성,2023-06-30
21,XJC13432,2122982,찬성,2023-06-30
21,XSP20229,2122982,찬성,2023-06-30
21,FH777496,2122982,찬성,2023-06-30
21,FYI20317,2122982,찬성,2023-06-30
21,8X15119P,2122982,찬성,2023-06-30
21,GX38539O,2122982,찬성,2023-06-30
21,WVU2479T,2122982,찬성,2023-06-30
21,9D939735,2122982,찬성,2023-06-30
21,TST4507I,2122982,찬성,2023-06-30
21,L7J93733,2122982,불참,2023-06-30
21,DAV7257X,2122982,찬성,2023-06-30
21,GE71932C,2122982,찬성,2023-06-30
21,6YT83269,2122982,찬성,2023-06-30
21,1MU99298,2122982,찬성,2023-06-30
21,17M85910,2122982,찬성,2023-06-30
21,G152611B,2122982,불참,2023-06-30
21,I7R13867,2122982,찬성,2023-06-30
21,SQ36001H,2122982,찬성,2023-06-30
21,G1570880,2122982,찬성,2023-06-30
21,FOK3459D,2122982,찬성,2023-06-30
21,QUO78839,2122982,찬성,2023-06-30
21,F5U2979W,2122982,찬성,2023-06-30
21,YOG1280B,2122982,찬성,2023-06-30
21,FIC9046Z,2122982,찬성,2023-06-30
21,NUB4941Z,2122982,찬성,2023-06-30
21,NLR6572J,2122982,찬성,2023-06-30
21,YTA7297R,2122982,찬성,2023-06-30
21,L7T64271,2122982,찬성,2023-06-30
21,4X525582,2122982,찬성,2023-06-30
21,GKD32201,2122982,찬성,2023-06-30
21,3TO11703,2122982,찬성,2023-06-30
21,CCU1009B,2122982,찬성,2023-06-30
21,LM13674V,2122982,찬성,2023-06-30
21,JVB6983V,2122982,찬성,2023-06-30
21,GP07421U,2122982,찬성,2023-06-30
21,FGI27280,2122982,찬성,2023-06-30
21,4XG1439M,2122982,찬성,2023-06-30
21,M6H1705E,2122982,찬성,2023-06-30
21,09I2323E,2122982,찬성,2023-06-30
21,NTT8182Q,2122982,찬성,2023-06-30
21,A3H7195R,2122982,찬성,2023-06-30
21,0VU8517U,2122982,불참,2023-06-30
21,M0A1658U,2122982,찬성,2023-06-30
21,NZF1659U,2122982,찬성,2023-06-30
21,WDS6044S,2122982,불참,2023-06-30
21,3BC6890E,2122982,찬성,2023-06-30
21,KR14136C,2122982,찬성,2023-06-30
21,WJL30106,2122982,찬성,2023-06-30
21,5KV96424,2122982,찬성,2023-06-30
21,KNM3215T,2122982,찬성,2023-06-30
21,UM51067K,2122982,찬성,2023-06-30
21,X3170462,2122982,불참,2023-06-30
21,8348421R,2122982,찬성,2023-06-30
21,H5476989,2122982,찬성,2023-06-30
21,JQA21112,2122982,찬성,2023-06-30
21,40E3739H,2122982,찬성,2023-06-30
21,6FS10566,2122982,찬성,2023-06-30
21,HXT76735,2122982,찬성,2023-06-30
21,0R68099X,2122982,찬성,2023-06-30
21,6RM29022,2122982,찬성,2023-06-30
21,2385336L,2122982,찬성,2023-06-30
21,MO52543L,2122982,불참,2023-06-30
21,X1K3667J,2122982,찬성,2023-06-30
21,WTR5885Y,2122982,찬성,2023-06-30
21,IOW1101J,2122982,찬성,2023-06-30
21,ICH23251,2122982,찬성,2023-06-30
21,25I8709Q,2122982,찬성,2023-06-30
21,6MO8786S,2122982,찬성,2023-06-30
21,OW53107J,2122982,찬성,2023-06-30
21,PEP6922S,2122982,찬성,2023-06-30
21,L2I9861C,2122982,찬성,2023-06-30
21,IOW8224X,2122982,찬성,2023-06-30
21,9JF4562W,2122982,찬성,2023-06-30
21,Y7K5946R,2122982,찬성,2023-06-30
21,Z7Y7827F,2122982,찬성,2023-06-30
21,8SV6917G,2122982,찬성,2023-06-30
21,V0O5343U,2122982,찬성,2023-06-30
21,FRN1867O,2122982,찬성,2023-06-30
21,RO593601,2122982,찬성,2023-06-30
21,PFG2137X,2122982,찬성,2023-06-30
21,UB114374,2122982,찬성,2023-06-30
21,7JC3239L,2122982,찬성,2023-06-30
21,O7R5461J,2122982,찬성,2023-06-30
21,7R156073,2122982,찬성,2023-06-30
21,6AR6743G,2122982,찬성,2023-06-30
21,FDC3144T,2116260,찬성,2023-05-25
21,9LD2641Q,2116260,찬성,2023-05-25
21,QUO78839,2116260,찬성,2023-05-25
21,6V37131U,2116260,찬성,2023-05-25
21,OSV9142K,2116260,찬성,2023-05-25
21,ZDP5704Q,2116260,불참,2023-05-25
21,71J2365L,2116260,찬성,2023-05-25
21,7O71647Z,2116260,찬성,2023-05-25
21,W1Q6753M,2116260,찬성,2023-05-25
21,E1J8836Y,2116260,찬성,2023-05-25
21,TJW93720,2116260,찬성,2023-05-25
21,9S151177,2116260,찬성,2023-05-25
21,VHK3402G,2116260,찬성,2023-05-25
21,68P7228G,2116260,찬성,2023-05-25
21,P0F1530P,2116260,불참,2023-05-25
21,XPP2564T,2116260,불참,2023-05-25
21,GAV6441G,2116260,찬성,2023-05-25
21,0YT3774N,2116260,찬성,2023-05-25
21,40S1959J,2116260,찬성,2023-05-25
21,IL74008M,2116260,불참,2023-05-25
21,8KF7223D,2116260,불참,2023-05-25
21,CNZ51556,2116260,찬성,2023-05-25
21,N4R2421C,2116260,찬성,2023-05-25
21,3C23171A,2116260,불참,2023-05-25
21,GDG1847Z,2116260,찬성,2023-05-25
21,P2N4585G,2116260,찬성,2023-05-25
21,VCP96419,2116260,불참,2023-05-25
21,6AU2417B,2116260,찬성,2023-05-25
21,8VJ8533R,2116260,찬성,2023-05-25
21,52P3934K,2116260,불참,2023-05-25
21,6399076T,2116260,찬성,2023-05-25
21,4U29186R,2116260,불참,2023-05-25
21,WHV3448W,2116260,찬성,2023-05-25
21,6RD62559,2116260,찬성,2023-05-25
21,O6D8329R,2116260,찬성,2023-05-25
21,04T3751T,2116260,찬성,2023-05-25
21,14M56632,2116260,찬성,2023-05-25
21,5MD4184K,2116260,찬성,2023-05-25
21,DPZ7685X,2116260,찬성,2023-05-25
21,E9R4507P,2116260,찬성,2023-05-25
21,KFS1358P,2116260,찬성,2023-05-25
21,VRY5522V,2116260,찬성,2023-05-25
21,CAA7713A,2116260,찬성,2023-05-25
21,0PK7354M,2116260,찬성,2023-05-25
21,O0I2045I,2116260,찬성,2023-05-25
21,Z6R3959C,2116260,찬성,2023-05-25
21,QUM8288K,2116260,불참,2023-05-25
21,UGH6481E,2116260,찬성,2023-05-25
21,JZY9937U,2116260,불참,2023-05-25
21,YKW37422,2116260,찬성,2023-05-25
21,2NV6751W,2116260,불참,2023-05-25
21,KB04377U,2116260,불참,2023-05-25
21,FU53642G,2116260,찬성,2023-05-25
21,MLH1404S,2116260,불참,2023-05-25
21,QQP4727N,2116260,찬성,2023-05-25
21,JEZ3130Q,2116260,찬성,2023-05-25
21,IUD9392R,2116260,불참,2023-05-25
21,K3W33496,2116260,찬성,2023-05-25
21,M2Q9024I,2116260,불참,2023-05-25
21,DBA1057Z,2116260,찬성,2023-05-25
21,CI15627C,2116260,불참,2023-05-25
21,TRE2429O,2116260,불참,2023-05-25
21,7BM2933Y,2116260,찬성,2023-05-25
21,9VR65006,2116260,불참,2023-05-25
21,X7I4680R,2116260,찬성,2023-05-25
21,T465023H,2116260,찬성,2023-05-25
21,3RW63706,2116260,찬성,2023-05-25
21,RQQ3807K,2116260,찬성,2023-05-25
21,ZYP7962W,2116260,불참,2023-05-25
21,CNW5754J,2116260,찬성,2023-05-25
21,3249208I,2116260,찬성,2023-05-25
21,8Q88373R,2116260,찬성,2023-05-25
21,XEF29171,2116260,불참,2023-05-25
21,QTW6852F,2116260,찬성,2023-05-25
21,7XY7109I,2116260,불참,2023-05-25
21,JC14718Q,2116260,찬성,2023-05-25
21,5KV82250,2116260,찬성,2023-05-25
21,DWK26447,2116260,불참,2023-05-25
21,3TO11703,2116260,불참,2023-05-25
21,MU69217P,2116260,불참,2023-05-25
21,2N793392,2116260,찬성,2023-05-25
21,LM13674V,2116260,찬성,2023-05-25
21,QD25323M,2116260,찬성,2023-05-25
21,DAY6557K,2116260,찬성,2023-05-25
21,FGI27280,2116260,불참,2023-05-25
21,USR7059P,2116260,찬성,2023-05-25
21,4XG1439M,2116260,찬성,2023-05-25
21,P2N50879,2116260,찬성,2023-05-25
21,A0P4646G,2116260,찬성,2023-05-25
21,A2V51235,2116260,찬성,2023-05-25
21,7I09543O,2116260,찬성,2023-05-25
21,7469929V,2116260,찬성,2023-05-25
21,D4L60530,2116260,찬성,2023-05-25
21,OFE45081,2116260,찬성,2023-05-25
21,ZYH1940A,2116260,불참,2023-05-25
21,0VU8517U,2116260,불참,2023-05-25
21,HSW1214Q,2116260,찬성,2023-05-25
21,3BC6890E,2116260,찬성,2023-05-25
21,ZDR63255,2116260,불참,2023-05-25
21,SRP7336N,2116260,찬성,2023-05-25
21,5765663F,2116260,찬성,2023-05-25
21,GFF1986K,2116260,찬성,2023-05-25
21,ZKU88693,2116260,찬성,2023-05-25
21,60490713,2116260,찬성,2023-05-25
21,HKJ99607,2116260,찬성,2023-05-25
21,1WE5693J,2116260,찬성,2023-05-25
21,MY318392,2116260,불참,2023-05-25
21,8FB1535Y,2116260,찬성,2023-05-25
21,EH27538E,2116260,찬성,2023-05-25
21,WFU14784,2116260,찬성,2023-05-25
21,SU53086M,2116260,불참,2023-05-25
21,MR210505,2116260,찬성,2023-05-25
21,GF286398,2116260,찬성,2023-05-25
21,8348421R,2116260,찬성,2023-05-25
21,4L695580,2116260,불참,2023-05-25
21,RPN2293B,2116260,찬성,2023-05-25
21,6RM29022,2116260,찬성,2023-05-25
21,MQU41854,2116260,찬성,2023-05-25
21,V429892C,2116260,찬성,2023-05-25
21,IN328264,2116260,불참,2023-05-25
21,ZA54991S,2116260,찬성,2023-05-25
21,0827740Q,2116260,찬성,2023-05-25
21,0W194007,2116260,찬성,2023-05-25
21,NCP9875N,2116260,찬성,2023-05-25
21,I5I2468R,2116260,찬성,2023-05-25
21,3425169D,2116260,찬성,2023-05-25
21,CT85313K,2116260,찬성,2023-05-25
21,BLC8630L,2116260,불참,2023-05-25
21,NQR1206Q,2116260,찬성,2023-05-25
21,PEP6922S,2116260,찬성,2023-05-25
21,DAN6731C,2116260,불참,2023-05-25
21,VG24001G,2116260,찬성,2023-05-25
21,WCD5518S,2116260,찬성,2023-05-25
21,9JF4562W,2116260,찬성,2023-05-25
21,KUO3574J,2116260,찬성,2023-05-25
21,D6U6678O,2116260,찬성,2023-05-25
21,FU87526G,2116260,찬성,2023-05-25
21,S9U45255,2116260,찬성,2023-05-25
21,QKO6165V,2116260,불참,2023-05-25
21,GD131760,2116260,불참,2023-05-25
21,ZRF3039U,2116260,찬성,2023-05-25
21,F5U2979W,2116260,찬성,2023-05-25
21,YOG1280B,2116260,기권,2023-05-25
21,FIC9046Z,2116260,불참,2023-05-25
21,NUB4941Z,2116260,찬성,2023-05-25
21,KFM1081G,2116260,찬성,2023-05-25
21,NLR6572J,2116260,찬성,2023-05-25
21,YTA7297R,2116260,찬성,2023-05-25
21,L7T64271,2116260,찬성,2023-05-25
21,4X525582,2116260,찬성,2023-05-25
21,GKD32201,2116260,찬성,2023-05-25
21,G7512472,2116260,찬성,2023-05-25
21,S741317G,2116260,찬성,2023-05-25
21,CCU1009B,2116260,찬성,2023-05-25
21,66W6739S,2116260,찬성,2023-05-25
21,JVB6983V,2116260,찬성,2023-05-25
21,GP07421U,2116260,찬성,2023-05-25
21,3DK8989T,2116260,불참,2023-05-25
21,M6H1705E,2116260,찬성,2023-05-25
21,09I2323E,2116260,찬성,2023-05-25
21,NTT8182Q,2116260,찬성,2023-05-25
21,A3H7195R,2116260,불참,2023-05-25
21,M0A1658U,2116260,찬성,2023-05-25
21,NZF1659U,2116260,찬성,2023-05-25
21,WDS6044S,2116260,찬성,2023-05-25
21,KR14136C,2116260,불참,2023-05-25
21,WJL30106,2116260,불참,2023-05-25
21,5KV96424,2116260,불참,2023-05-25
21,KNM3215T,2116260,찬성,2023-05-25
21,M7T9712V,2116260,불참,2023-05-25
21,UM51067K,2116260,찬성,2023-05-25
21,X3170462,2116260,불참,2023-05-25
21,4T026790,2116260,찬성,2023-05-25
21,0WL9321T,2116260,찬성,2023-05-25
21,PZA4062H,2116260,찬성,2023-05-25
21,H5476989,2116260,찬성,2023-05-25
21,JQA21112,2116260,찬성,2023-05-25
21,40E3739H,2116260,찬성,2023-05-25
21,6FS10566,2116260,찬성,2023-05-25
21,HXT76735,2116260,불참,2023-05-25
21,0R68099X,2116260,찬성,2023-05-25
21,2385336L,2116260,찬성,2023-05-25
21,XBT9550Q,2116260,찬성,2023-05-25
21,MO52543L,2116260,불참,2023-05-25
21,X1K3667J,2116260,불참,2023-05-25
21,WMG57662,2116260,찬성,2023-05-25
21,WTR5885Y,2116260,찬성,2023-05-25
21,IOW1101J,2116260,찬성,2023-05-25
21,ICH23251,2116260,찬성,2023-05-25
21,25I8709Q,2116260,찬성,2023-05-25
21,OIA3741M,2116260,불참,2023-05-25
21,6MO8786S,2116260,찬성,2023-05-25
21,XWX1513T,2116260,찬성,2023-05-25
21,LG63087O,2116260,불참,2023-05-25
21,OW53107J,2116260,찬성,2023-05-25
21,L2I9861C,2116260,불참,2023-05-25
21,SVH3899R,2116260,찬성,2023-05-25
21,IOW8224X,2116260,찬성,2023-05-25
21,Y7K5946R,2116260,찬성,2023-05-25
21,Z7Y7827F,2116260,찬성,2023-05-25
21,ATB59635,2116260,찬성,2023-05-25
21,SBK1544B,2116260,불참,2023-05-25
21,8SV6917G,2116260,찬성,2023-05-25
21,8FC9697X,2116260,불참,2023-05-25
21,V0O5343U,2116260,찬성,2023-05-25
21,FRN1867O,2116260,찬성,2023-05-25
21,LQW3652K,2116260,찬성,2023-05-25
21,RO593601,2116260,찬성,2023-05-25
21,PFG2137X,2116260,찬성,2023-05-25
21,UB114374,2116260,찬성,2023-05-25
21,7JC3239L,2116260,찬성,2023-05-25
21,8P37634C,2116260,찬성,2023-05-25
21,O7R5461J,2116260,찬성,2023-05-25
21,JMY9959W,2116260,찬성,2023-05-25
21,7R156073,2116260,찬성,2023-05-25
21,6AR6743G,2116260,찬성,2023-05-25
21,J2O8643H,2116260,불참,2023-05-25
21,B7D7534L,2116260,찬성,2023-05-25
21,GX22581L,2116260,찬성,2023-05-25
21,SE233396,2116260,찬성,2023-05-25
21,AFH96856,2116260,불참,2023-05-25
21,B7H6207C,2116260,찬성,2023-05-25
21,F5Y4026Q,2116260,찬성,2023-05-25
21,1Y73132H,2116260,찬성,2023-05-25
21,I0S53762,2116260,찬성,2023-05-25
21,LH97552Q,2116260,찬성,2023-05-25
21,TKJ4800F,2116260,불참,2023-05-25
21,MSY7784L,2116260,찬성,2023-05-25
21,EVH1507C,2116260,찬성,2023-05-25
21,K5F2023J,2116260,찬성,2023-05-25
21,N9X9673B,2116260,불참,2023-05-25
21,5K93695T,2116260,찬성,2023-05-25
21,6U243644,2116260,찬성,2023-05-25
21,UHB5553T,2116260,찬성,2023-05-25
21,J9S37905,2116260,찬성,2023-05-25
21,A494529E,2116260,불참,2023-05-25
21,CZB4125D,2116260,불참,2023-05-25
21,S824682L,2116260,찬성,2023-05-25
21,W4X85128,2116260,불참,2023-05-25
21,Q9H5708M,2116260,찬성,2023-05-25
21,MRK4871S,2116260,찬성,2023-05-25
21,BM63269Y,2116260,불참,2023-05-25
21,M7O7878U,2116260,불참,2023-05-25
21,YLS4431M,2116260,찬성,2023-05-25
21,MNZ4401T,2116260,찬성,2023-05-25
21,3ZR4438W,2116260,찬성,2023-05-25
21,HSS7466Y,2116260,불참,2023-05-25
21,16D7652C,2116260,찬성,2023-05-25
21,8VY63414,2116260,찬성,2023-05-25
21,XR24352K,2116260,찬성,2023-05-25
21,BCQ55105,2116260,찬성,2023-05-25
21,9L57027L,2116260,찬성,2023-05-25
21,GOC54665,2116260,찬성,2023-05-25
21,5UN9725L,2116260,찬성,2023-05-25
21,LJK4960Z,2116260,찬성,2023-05-25
21,C7E79345,2116260,불참,2023-05-25
21,4019850M,2116260,찬성,2023-05-25
21,UQ282145,2116260,찬성,2023-05-25
21,9YO73104,2116260,찬성,2023-05-25
21,E6U4345C,2116260,불참,2023-05-25
21,CDL93608,2116260,불참,2023-05-25
21,2UD1340H,2116260,찬성,2023-05-25
21,EMC8812P,2116260,찬성,2023-05-25
21,XJC13432,2116260,찬성,2023-05-25
21,XSP20229,2116260,찬성,2023-05-25
21,FH777496,2116260,찬성,2023-05-25
21,FYI20317,2116260,찬성,2023-05-25
21,8X15119P,2116260,불참,2023-05-25
21,GX38539O,2116260,찬성,2023-05-25
21,WVU2479T,2116260,찬성,2023-05-25
21,9D939735,2116260,찬성,2023-05-25
21,TST4507I,2116260,찬성,2023-05-25
21,L7J93733,2116260,찬성,2023-05-25
21,DAV7257X,2116260,찬성,2023-05-25
21,LT72093S,2116260,찬성,2023-05-25
21,GE71932C,2116260,찬성,2023-05-25
21,6YT83269,2116260,찬성,2023-05-25
21,1MU99298,2116260,찬성,2023-05-25
21,17M85910,2116260,찬성,2023-05-25
21,G152611B,2116260,불참,2023-05-25
21,I7R13867,2116260,불참,2023-05-25
21,SQ36001H,2116260,불참,2023-05-25
21,G1570880,2116260,찬성,2023-05-25
21,FOK3459D,2116260,찬성,2023-05-25
21,BT62420K,2116260,찬성,2023-05-25
21,LPB30152,2116260,찬성,2023-05-25
21,MD083627,2116260,찬성,2023-05-25
21,TZP9391O,2116260,찬성,2023-05-25
21,B7R2742J,2116260,찬성,2023-05-25
21,FJK3396E,2116260,찬성,2023-05-25
21,RD42006Y,2116260,불참,2023-05-25
21,6EN68926,2116260,찬성,2023-05-25
21,1BX7234U,2116260,찬성,2023-05-25
21,QHL3248U,2116260,불참,2023-05-25
21,TZ228122,2116260,찬성,2023-05-25
21,9V18755A,2116260,찬성,2023-05-25
21,XA42275R,2116260,불참,2023-05-25
21,PO64874I,2116260,찬성,2023-05-25
21,LBC8144B,2116260,불참,2023-05-25
21,F5U2979W,2110597,불참,2022-12-08
21,E1J8836Y,2110597,불참,2022-12-08
21,P2N50879,2110597,불참,2022-12-08
21,A2V51235,2110597,찬성,2022-12-08
21,7I09543O,2110597,찬성,2022-12-08
21,M0A1658U,2110597,찬성,2022-12-08
21,SRP7336N,2110597,찬성,2022-12-08
21,1WE5693J,2110597,찬성,2022-12-08
21,X3170462,2110597,불참,2022-12-08
21,GF286398,2110597,찬성,2022-12-08
21,0827740Q,2110597,찬성,2022-12-08
21,0W194007,2110597,찬성,2022-12-08
21,NCP9875N,2110597,찬성,2022-12-08
21,3425169D,2110597,찬성,2022-12-08
21,CT85313K,2110597,찬성,2022-12-08
21,VG24001G,2110597,찬성,2022-12-08
21,SVH3899R,2110597,불참,2022-12-08
21,ATB59635,2110597,찬성,2022-12-08
21,KUO3574J,2110597,찬성,2022-12-08
21,8SV6917G,2110597,불참,2022-12-08
21,LQW3652K,2110597,찬성,2022-12-08
21,CNZ51556,2110597,찬성,2022-12-08
21,P2N4585G,2110597,찬성,2022-12-08
21,8VJ8533R,2110597,찬성,2022-12-08
21,6399076T,2110597,찬성,2022-12-08
21,WHV3448W,2110597,찬성,2022-12-08
21,I0S53762,2110597,찬성,2022-12-08
21,5K93695T,2110597,찬성,2022-12-08
21,KFS1358P,2110597,찬성,2022-12-08
21,JEZ3130Q,2110597,불참,2022-12-08
21,IUD9392R,2110597,찬성,2022-12-08
21,K3W33496,2110597,찬성,2022-12-08
21,CI15627C,2110597,불참,2022-12-08
21,TRE2429O,2110597,찬성,2022-12-08
21,E6U4345C,2110597,찬성,2022-12-08
21,XSP20229,2110597,불참,2022-12-08
21,T465023H,2110597,찬성,2022-12-08
21,8X15119P,2110597,불참,2022-12-08
21,9D939735,2110597,찬성,2022-12-08
21,L7J93733,2110597,찬성,2022-12-08
21,FDC3144T,2110597,찬성,2022-12-08
21,QUO78839,2110597,불참,2022-12-08
21,FJK3396E,2110597,찬성,2022-12-08
21,JVB6983V,2110597,찬성,2022-12-08
21,YOG1280B,2110597,불참,2022-12-08
21,FIC9046Z,2110597,불참,2022-12-08
21,DWK26447,2110597,불참,2022-12-08
21,NUB4941Z,2110597,찬성,2022-12-08
21,KFM1081G,2110597,찬성,2022-12-08
21,NLR6572J,2110597,찬성,2022-12-08
21,YTA7297R,2110597,찬성,2022-12-08
21,JNL7001A,2110597,찬성,2022-12-08
21,L7T64271,2110597,찬성,2022-12-08
21,4X525582,2110597,불참,2022-12-08
21,GKD32201,2110597,찬성,2022-12-08
21,G7512472,2110597,불참,2022-12-08
21,3TO11703,2110597,불참,2022-12-08
21,S741317G,2110597,불참,2022-12-08
21,CCU1009B,2110597,찬성,2022-12-08
21,MU69217P,2110597,찬성,2022-12-08
21,2N793392,2110597,불참,2022-12-08
21,66W6739S,2110597,불참,2022-12-08
21,LM13674V,2110597,찬성,2022-12-08
21,QD25323M,2110597,찬성,2022-12-08
21,DAY6557K,2110597,찬성,2022-12-08
21,GP07421U,2110597,찬성,2022-12-08
21,FGI27280,2110597,불참,2022-12-08
21,USR7059P,2110597,찬성,2022-12-08
21,4XG1439M,2110597,찬성,2022-12-08
21,A0P4646G,2110597,불참,2022-12-08
21,3DK8989T,2110597,불참,2022-12-08
21,7469929V,2110597,찬성,2022-12-08
21,D4L60530,2110597,불참,2022-12-08
21,M6H1705E,2110597,불참,2022-12-08
21,OFE45081,2110597,찬성,2022-12-08
21,09I2323E,2110597,불참,2022-12-08
21,NTT8182Q,2110597,찬성,2022-12-08
21,A3H7195R,2110597,찬성,2022-12-08
21,ZYH1940A,2110597,불참,2022-12-08
21,0VU8517U,2110597,불참,2022-12-08
21,HSW1214Q,2110597,찬성,2022-12-08
21,NZF1659U,2110597,불참,2022-12-08
21,WDS6044S,2110597,불참,2022-12-08
21,3BC6890E,2110597,불참,2022-12-08
21,ZDR63255,2110597,찬성,2022-12-08
21,KR14136C,2110597,불참,2022-12-08
21,5765663F,2110597,찬성,2022-12-08
21,GFF1986K,2110597,찬성,2022-12-08
21,ZKU88693,2110597,불참,2022-12-08
21,WJL30106,2110597,불참,2022-12-08
21,5KV96424,2110597,찬성,2022-12-08
21,KNM3215T,2110597,찬성,2022-12-08
21,M7T9712V,2110597,찬성,2022-12-08
21,60490713,2110597,찬성,2022-12-08
21,UM51067K,2110597,찬성,2022-12-08
21,HKJ99607,2110597,찬성,2022-12-08
21,MY318392,2110597,불참,2022-12-08
21,8FB1535Y,2110597,찬성,2022-12-08
21,4T026790,2110597,찬성,2022-12-08
21,EH27538E,2110597,찬성,2022-12-08
21,WFU14784,2110597,찬성,2022-12-08
21,SU53086M,2110597,찬성,2022-12-08
21,0WL9321T,2110597,찬성,2022-12-08
21,PZA4062H,2110597,찬성,2022-12-08
21,MR210505,2110597,불참,2022-12-08
21,8348421R,2110597,불참,2022-12-08
21,H5476989,2110597,찬성,2022-12-08
21,JQA21112,2110597,찬성,2022-12-08
21,4L695580,2110597,찬성,2022-12-08
21,40E3739H,2110597,찬성,2022-12-08
21,HXT76735,2110597,찬성,2022-12-08
21,RPN2293B,2110597,찬성,2022-12-08
21,0R68099X,2110597,찬성,2022-12-08
21,6RM29022,2110597,찬성,2022-12-08
21,MQU41854,2110597,찬성,2022-12-08
21,V429892C,2110597,찬성,2022-12-08
21,2385336L,2110597,찬성,2022-12-08
21,IN328264,2110597,불참,2022-12-08
21,XBT9550Q,2110597,찬성,2022-12-08
21,ZA54991S,2110597,찬성,2022-12-08
21,MO52543L,2110597,찬성,2022-12-08
21,X1K3667J,2110597,찬성,2022-12-08
21,WMG57662,2110597,찬성,2022-12-08
21,I5I2468R,2110597,찬성,2022-12-08
21,WTR5885Y,2110597,찬성,2022-12-08
21,IOW1101J,2110597,불참,2022-12-08
21,ICH23251,2110597,찬성,2022-12-08
21,25I8709Q,2110597,찬성,2022-12-08
21,OIA3741M,2110597,찬성,2022-12-08
21,6MO8786S,2110597,찬성,2022-12-08
21,XWX1513T,2110597,불참,2022-12-08
21,BLC8630L,2110597,불참,2022-12-08
21,NQR1206Q,2110597,찬성,2022-12-08
21,LG63087O,2110597,불참,2022-12-08
21,OW53107J,2110597,찬성,2022-12-08
21,PEP6922S,2110597,찬성,2022-12-08
21,DAN6731C,2110597,찬성,2022-12-08
21,L2I9861C,2110597,찬성,2022-12-08
21,WCD5518S,2110597,찬성,2022-12-08
21,IOW8224X,2110597,찬성,2022-12-08
21,9JF4562W,2110597,찬성,2022-12-08
21,Y7K5946R,2110597,찬성,2022-12-08
21,Z7Y7827F,2110597,찬성,2022-12-08
21,SBK1544B,2110597,불참,2022-12-08
21,D6U6678O,2110597,찬성,2022-12-08
21,FU87526G,2110597,찬성,2022-12-08
21,S9U45255,2110597,불참,2022-12-08
21,8FC9697X,2110597,불참,2022-12-08
21,QKO6165V,2110597,불참,2022-12-08
21,GD131760,2110597,불참,2022-12-08
21,ZRF3039U,2110597,불참,2022-12-08
21,V0O5343U,2110597,불참,2022-12-08
21,68P7228G,2110597,찬성,2022-12-08
21,P0F1530P,2110597,찬성,2022-12-08
21,XPP2564T,2110597,불참,2022-12-08
21,FRN1867O,2110597,찬성,2022-12-08
21,RO593601,2110597,찬성,2022-12-08
21,PFG2137X,2110597,찬성,2022-12-08
21,UB114374,2110597,찬성,2022-12-08
21,GAV6441G,2110597,찬성,2022-12-08
21,0YT3774N,2110597,찬성,2022-12-08
21,7JC3239L,2110597,불참,2022-12-08
21,40S1959J,2110597,찬성,2022-12-08
21,IL74008M,2110597,불참,2022-12-08
21,8KF7223D,2110597,찬성,2022-12-08
21,8P37634C,2110597,찬성,2022-12-08
21,N4R2421C,2110597,불참,2022-12-08
21,3C23171A,2110597,찬성,2022-12-08
21,GDG1847Z,2110597,불참,2022-12-08
21,O7R5461J,2110597,찬성,2022-12-08
21,JMY9959W,2110597,불참,2022-12-08
21,7R156073,2110597,찬성,2022-12-08
21,6AR6743G,2110597,찬성,2022-12-08
21,J2O8643H,2110597,불참,2022-12-08
21,VCP96419,2110597,찬성,2022-12-08
21,6AU2417B,2110597,불참,2022-12-08
21,B7D7534L,2110597,찬성,2022-12-08
21,GX22581L,2110597,불참,2022-12-08
21,SE233396,2110597,불참,2022-12-08
21,AFH96856,2110597,불참,2022-12-08
21,52P3934K,2110597,불참,2022-12-08
21,B7H6207C,2110597,찬성,2022-12-08
21,4U29186R,2110597,찬성,2022-12-08
21,F5Y4026Q,2110597,불참,2022-12-08
21,6RD62559,2110597,찬성,2022-12-08
21,1Y73132H,2110597,불참,2022-12-08
21,LH97552Q,2110597,찬성,2022-12-08
21,TKJ4800F,2110597,불참,2022-12-08
21,O6D8329R,2110597,찬성,2022-12-08
21,04T3751T,2110597,찬성,2022-12-08
21,MSY7784L,2110597,불참,2022-12-08
21,EVH1507C,2110597,찬성,2022-12-08
21,K5F2023J,2110597,불참,2022-12-08
21,14M56632,2110597,찬성,2022-12-08
21,N9X9673B,2110597,찬성,2022-12-08
21,5MD4184K,2110597,찬성,2022-12-08
21,DPZ7685X,2110597,찬성,2022-12-08
21,6U243644,2110597,찬성,2022-12-08
21,E9R4507P,2110597,불참,2022-12-08
21,UHB5553T,2110597,찬성,2022-12-08
21,J9S37905,2110597,찬성,2022-12-08
21,A494529E,2110597,불참,2022-12-08
21,VRY5522V,2110597,찬성,2022-12-08
21,CAA7713A,2110597,찬성,2022-12-08
21,0PK7354M,2110597,찬성,2022-12-08
21,O0I2045I,2110597,찬성,2022-12-08
21,CZB4125D,2110597,불참,2022-12-08
21,Z6R3959C,2110597,불참,2022-12-08
21,QUM8288K,2110597,찬성,2022-12-08
21,UGH6481E,2110597,찬성,2022-12-08
21,S824682L,2110597,찬성,2022-12-08
21,W4X85128,2110597,불참,2022-12-08
21,Q9H5708M,2110597,불참,2022-12-08
21,JZY9937U,2110597,찬성,2022-12-08
21,MRK4871S,2110597,찬성,2022-12-08
21,YKW37422,2110597,불참,2022-12-08
21,2NV6751W,2110597,찬성,2022-12-08
21,BM63269Y,2110597,불참,2022-12-08
21,M7O7878U,2110597,찬성,2022-12-08
21,YLS4431M,2110597,불참,2022-12-08
21,MNZ4401T,2110597,찬성,2022-12-08
21,3ZR4438W,2110597,찬성,2022-12-08
21,HSS7466Y,2110597,불참,2022-12-08
21,16D7652C,2110597,찬성,2022-12-08
21,KB04377U,2110597,찬성,2022-12-08
21,FU53642G,2110597,찬성,2022-12-08
21,MLH1404S,2110597,찬성,2022-12-08
21,8VY63414,2110597,찬성,2022-12-08
21,XR24352K,2110597,찬성,2022-12-08
21,QQP4727N,2110597,불참,2022-12-08
21,BCQ55105,2110597,찬성,2022-12-08
21,9L57027L,2110597,찬성,2022-12-08
21,GOC54665,2110597,불참,2022-12-08
21,5UN9725L,2110597,불참,2022-12-08
21,LJK4960Z,2110597,불참,2022-12-08
21,M2Q9024I,2110597,찬성,2022-12-08
21,DBA1057Z,2110597,찬성,2022-12-08
21,C7E79345,2110597,불참,2022-12-08
21,4019850M,2110597,찬성,2022-12-08
21,UQ282145,2110597,찬성,2022-12-08
21,9YO73104,2110597,찬성,2022-12-08
21,7BM2933Y,2110597,찬성,2022-12-08
21,CDL93608,2110597,불참,2022-12-08
21,2UD1340H,2110597,찬성,2022-12-08
21,9VR65006,2110597,불참,2022-12-08
21,X7I4680R,2110597,찬성,2022-12-08
21,EMC8812P,2110597,찬성,2022-12-08
21,XJC13432,2110597,불참,2022-12-08
21,3RW63706,2110597,찬성,2022-12-08
21,RQQ3807K,2110597,찬성,2022-12-08
21,FH777496,2110597,찬성,2022-12-08
21,FYI20317,2110597,찬성,2022-12-08
21,ZYP7962W,2110597,불참,2022-12-08
21,CNW5754J,2110597,찬성,2022-12-08
21,3249208I,2110597,불참,2022-12-08
21,GX38539O,2110597,찬성,2022-12-08
21,8Q88373R,2110597,찬성,2022-12-08
21,XEF29171,2110597,찬성,2022-12-08
21,WVU2479T,2110597,찬성,2022-12-08
21,QTW6852F,2110597,찬성,2022-12-08
21,7XY7109I,2110597,찬성,2022-12-08
21,TST4507I,2110597,찬성,2022-12-08
21,JC14718Q,2110597,찬성,2022-12-08
21,5KV82250,2110597,찬성,2022-12-08
21,DAV7257X,2110597,찬성,2022-12-08
21,LT72093S,2110597,찬성,2022-12-08
21,GE71932C,2110597,찬성,2022-12-08
21,6YT83269,2110597,찬성,2022-12-08
21,1MU99298,2110597,찬성,2022-12-08
21,17M85910,2110597,찬성,2022-12-08
21,G152611B,2110597,불참,2022-12-08
21,I7R13867,2110597,찬성,2022-12-08
21,SQ36001H,2110597,찬성,2022-12-08
21,G1570880,2110597,찬성,2022-12-08
21,9LD2641Q,2110597,찬성,2022-12-08
21,FOK3459D,2110597,찬성,2022-12-08
21,BT62420K,2110597,찬성,2022-12-08
21,LPB30152,2110597,찬성,2022-12-08
21,MD083627,2110597,찬성,2022-12-08
21,TZP9391O,2110597,찬성,2022-12-08
21,6V37131U,2110597,찬성,2022-12-08
21,OSV9142K,2110597,찬성,2022-12-08
21,B7R2742J,2110597,기권,2022-12-08
21,ZDP5704Q,2110597,찬성,2022-12-08
21,71J2365L,2110597,불참,2022-12-08
21,7O71647Z,2110597,찬성,2022-12-08
21,W1Q6753M,2110597,찬성,2022-12-08
21,RD42006Y,2110597,불참,2022-12-08
21,6EN68926,2110597,불참,2022-12-08
21,1BX7234U,2110597,찬성,2022-12-08
21,QHL3248U,2110597,불참,2022-12-08
21,TJW93720,2110597,찬성,2022-12-08
21,9S151177,2110597,찬성,2022-12-08
21,TZ228122,2110597,찬성,2022-12-08
21,9V18755A,2110597,찬성,2022-12-08
21,XA42275R,2110597,찬성,2022-12-08
21,PO64874I,2110597,찬성,2022-12-08
21,LBC8144B,2110597,불참,2022-12-08
21,VHK3402G,2110597,불참,2022-12-08
21,F5U2979W,2109723,불참,2023-05-25
21,YOG1280B,2109723,반대,2023-05-25
21,FIC9046Z,2109723,불참,2023-05-25
21,DWK26447,2109723,찬성,2023-05-25
21,KFM1081G,2109723,찬성,2023-05-25
21,NLR6572J,2109723,찬성,2023-05-25
21,L7T64271,2109723,찬성,2023-05-25
21,GKD32201,2109723,불참,2023-05-25
21,G7512472,2109723,찬성,2023-05-25
21,3TO11703,2109723,불참,2023-05-25
21,S741317G,2109723,찬성,2023-05-25
21,CCU1009B,2109723,찬성,2023-05-25
21,MU69217P,2109723,찬성,2023-05-25
21,2N793392,2109723,불참,2023-05-25
21,LM13674V,2109723,불참,2023-05-25
21,QD25323M,2109723,찬성,2023-05-25
21,JVB6983V,2109723,찬성,2023-05-25
21,DAY6557K,2109723,찬성,2023-05-25
21,GP07421U,2109723,찬성,2023-05-25
21,FGI27280,2109723,불참,2023-05-25
21,USR7059P,2109723,찬성,2023-05-25
21,4XG1439M,2109723,찬성,2023-05-25
21,P2N50879,2109723,찬성,2023-05-25
21,A0P4646G,2109723,불참,2023-05-25
21,A2V51235,2109723,찬성,2023-05-25
21,7I09543O,2109723,찬성,2023-05-25
21,7469929V,2109723,불참,2023-05-25
21,D4L60530,2109723,불참,2023-05-25
21,M6H1705E,2109723,찬성,2023-05-25
21,OFE45081,2109723,찬성,2023-05-25
21,09I2323E,2109723,불참,2023-05-25
21,NTT8182Q,2109723,찬성,2023-05-25
21,ZYH1940A,2109723,불참,2023-05-25
21,0VU8517U,2109723,불참,2023-05-25
21,M0A1658U,2109723,불참,2023-05-25
21,HSW1214Q,2109723,찬성,2023-05-25
21,NZF1659U,2109723,찬성,2023-05-25
21,WDS6044S,2109723,불참,2023-05-25
21,3BC6890E,2109723,찬성,2023-05-25
21,ZDR63255,2109723,불참,2023-05-25
21,KR14136C,2109723,찬성,2023-05-25
21,SRP7336N,2109723,찬성,2023-05-25
21,5765663F,2109723,찬성,2023-05-25
21,GFF1986K,2109723,찬성,2023-05-25
21,ZKU88693,2109723,찬성,2023-05-25
21,WJL30106,2109723,불참,2023-05-25
21,M7T9712V,2109723,찬성,2023-05-25
21,60490713,2109723,찬성,2023-05-25
21,UM51067K,2109723,찬성,2023-05-25
21,HKJ99607,2109723,찬성,2023-05-25
21,1WE5693J,2109723,불참,2023-05-25
21,X3170462,2109723,찬성,2023-05-25
21,MY318392,2109723,불참,2023-05-25
21,8FB1535Y,2109723,찬성,2023-05-25
21,4T026790,2109723,찬성,2023-05-25
21,EH27538E,2109723,찬성,2023-05-25
21,WFU14784,2109723,찬성,2023-05-25
21,SU53086M,2109723,찬성,2023-05-25
21,PZA4062H,2109723,찬성,2023-05-25
21,MR210505,2109723,찬성,2023-05-25
21,GF286398,2109723,불참,2023-05-25
21,8348421R,2109723,찬성,2023-05-25
21,H5476989,2109723,찬성,2023-05-25
21,JQA21112,2109723,찬성,2023-05-25
21,4L695580,2109723,찬성,2023-05-25
21,40E3739H,2109723,찬성,2023-05-25
21,HXT76735,2109723,불참,2023-05-25
21,RPN2293B,2109723,찬성,2023-05-25
21,0R68099X,2109723,찬성,2023-05-25
21,6RM29022,2109723,찬성,2023-05-25
21,MQU41854,2109723,불참,2023-05-25
21,V429892C,2109723,찬성,2023-05-25
21,2385336L,2109723,찬성,2023-05-25
21,IN328264,2109723,불참,2023-05-25
21,XBT9550Q,2109723,불참,2023-05-25
21,ZA54991S,2109723,찬성,2023-05-25
21,MO52543L,2109723,불참,2023-05-25
21,0827740Q,2109723,찬성,2023-05-25
21,0W194007,2109723,찬성,2023-05-25
21,X1K3667J,2109723,불참,2023-05-25
21,WMG57662,2109723,찬성,2023-05-25
21,NCP9875N,2109723,찬성,2023-05-25
21,I5I2468R,2109723,찬성,2023-05-25
21,WTR5885Y,2109723,찬성,2023-05-25
21,3425169D,2109723,찬성,2023-05-25
21,IOW1101J,2109723,찬성,2023-05-25
21,25I8709Q,2109723,찬성,2023-05-25
21,OIA3741M,2109723,불참,2023-05-25
21,6MO8786S,2109723,찬성,2023-05-25
21,XWX1513T,2109723,불참,2023-05-25
21,CT85313K,2109723,찬성,2023-05-25
21,BLC8630L,2109723,불참,2023-05-25
21,NQR1206Q,2109723,찬성,2023-05-25
21,LG63087O,2109723,불참,2023-05-25
21,PEP6922S,2109723,불참,2023-05-25
21,DAN6731C,2109723,찬성,2023-05-25
21,VG24001G,2109723,찬성,2023-05-25
21,L2I9861C,2109723,찬성,2023-05-25
21,WCD5518S,2109723,찬성,2023-05-25
21,SVH3899R,2109723,찬성,2023-05-25
21,9JF4562W,2109723,찬성,2023-05-25
21,Y7K5946R,2109723,찬성,2023-05-25
21,ATB59635,2109723,찬성,2023-05-25
21,SBK1544B,2109723,불참,2023-05-25
21,KUO3574J,2109723,찬성,2023-05-25
21,D6U6678O,2109723,찬성,2023-05-25
21,FU87526G,2109723,찬성,2023-05-25
21,S9U45255,2109723,찬성,2023-05-25
21,8FC9697X,2109723,불참,2023-05-25
21,QKO6165V,2109723,불참,2023-05-25
21,GD131760,2109723,불참,2023-05-25
21,ZRF3039U,2109723,찬성,2023-05-25
21,V0O5343U,2109723,찬성,2023-05-25
21,68P7228G,2109723,찬성,2023-05-25
21,P0F1530P,2109723,불참,2023-05-25
21,XPP2564T,2109723,불참,2023-05-25
21,FRN1867O,2109723,찬성,2023-05-25
21,LQW3652K,2109723,찬성,2023-05-25
21,RO593601,2109723,찬성,2023-05-25
21,UB114374,2109723,찬성,2023-05-25
21,GAV6441G,2109723,찬성,2023-05-25
21,0YT3774N,2109723,찬성,2023-05-25
21,7JC3239L,2109723,찬성,2023-05-25
21,40S1959J,2109723,불참,2023-05-25
21,IL74008M,2109723,불참,2023-05-25
21,8KF7223D,2109723,불참,2023-05-25
21,CNZ51556,2109723,찬성,2023-05-25
21,N4R2421C,2109723,불참,2023-05-25
21,3C23171A,2109723,찬성,2023-05-25
21,GDG1847Z,2109723,찬성,2023-05-25
21,P2N4585G,2109723,찬성,2023-05-25
21,JMY9959W,2109723,찬성,2023-05-25
21,7R156073,2109723,불참,2023-05-25
21,6AR6743G,2109723,불참,2023-05-25
21,J2O8643H,2109723,불참,2023-05-25
21,VCP96419,2109723,불참,2023-05-25
21,6AU2417B,2109723,불참,2023-05-25
21,8VJ8533R,2109723,찬성,2023-05-25
21,B7D7534L,2109723,찬성,2023-05-25
21,GX22581L,2109723,불참,2023-05-25
21,SE233396,2109723,찬성,2023-05-25
21,AFH96856,2109723,불참,2023-05-25
21,52P3934K,2109723,불참,2023-05-25
21,6399076T,2109723,찬성,2023-05-25
21,4U29186R,2109723,불참,2023-05-25
21,F5Y4026Q,2109723,불참,2023-05-25
21,WHV3448W,2109723,불참,2023-05-25
21,6RD62559,2109723,찬성,2023-05-25
21,1Y73132H,2109723,찬성,2023-05-25
21,LH97552Q,2109723,찬성,2023-05-25
21,TKJ4800F,2109723,불참,2023-05-25
21,O6D8329R,2109723,찬성,2023-05-25
21,04T3751T,2109723,찬성,2023-05-25
21,MSY7784L,2109723,찬성,2023-05-25
21,K5F2023J,2109723,찬성,2023-05-25
21,14M56632,2109723,찬성,2023-05-25
21,N9X9673B,2109723,찬성,2023-05-25
21,5MD4184K,2109723,찬성,2023-05-25
21,5K93695T,2109723,불참,2023-05-25
21,DPZ7685X,2109723,찬성,2023-05-25
21,6U243644,2109723,찬성,2023-05-25
21,E9R4507P,2109723,찬성,2023-05-25
21,UHB5553T,2109723,찬성,2023-05-25
21,KFS1358P,2109723,찬성,2023-05-25
21,J9S37905,2109723,찬성,2023-05-25
21,A494529E,2109723,불참,2023-05-25
21,VRY5522V,2109723,찬성,2023-05-25
21,CAA7713A,2109723,찬성,2023-05-25
21,0PK7354M,2109723,찬성,2023-05-25
21,O0I2045I,2109723,찬성,2023-05-25
21,Z6R3959C,2109723,불참,2023-05-25
21,QUM8288K,2109723,찬성,2023-05-25
21,UGH6481E,2109723,찬성,2023-05-25
21,S824682L,2109723,찬성,2023-05-25
21,W4X85128,2109723,불참,2023-05-25
21,Q9H5708M,2109723,불참,2023-05-25
21,JZY9937U,2109723,찬성,2023-05-25
21,MRK4871S,2109723,불참,2023-05-25
21,YKW37422,2109723,찬성,2023-05-25
21,2NV6751W,2109723,찬성,2023-05-25
21,M7O7878U,2109723,찬성,2023-05-25
21,YLS4431M,2109723,불참,2023-05-25
21,MNZ4401T,2109723,찬성,2023-05-25
21,3ZR4438W,2109723,찬성,2023-05-25
21,HSS7466Y,2109723,찬성,2023-05-25
21,KB04377U,2109723,불참,2023-05-25
21,FU53642G,2109723,찬성,2023-05-25
21,MLH1404S,2109723,불참,2023-05-25
21,XR24352K,2109723,찬성,2023-05-25
21,QQP4727N,2109723,찬성,2023-05-25
21,JEZ3130Q,2109723,찬성,2023-05-25
21,BCQ55105,2109723,찬성,2023-05-25
21,GOC54665,2109723,찬성,2023-05-25
21,5UN9725L,2109723,찬성,2023-05-25
21,LJK4960Z,2109723,찬성,2023-05-25
21,IUD9392R,2109723,불참,2023-05-25
21,K3W33496,2109723,찬성,2023-05-25
21,M2Q9024I,2109723,찬성,2023-05-25
21,DBA1057Z,2109723,찬성,2023-05-25
21,CI15627C,2109723,찬성,2023-05-25
21,C7E79345,2109723,찬성,2023-05-25
21,4019850M,2109723,찬성,2023-05-25
21,UQ282145,2109723,불참,2023-05-25
21,TRE2429O,2109723,불참,2023-05-25
21,E6U4345C,2109723,불참,2023-05-25
21,7BM2933Y,2109723,찬성,2023-05-25
21,CDL93608,2109723,불참,2023-05-25
21,2UD1340H,2109723,찬성,2023-05-25
21,9VR65006,2109723,불참,2023-05-25
21,X7I4680R,2109723,찬성,2023-05-25
21,XJC13432,2109723,찬성,2023-05-25
21,XSP20229,2109723,찬성,2023-05-25
21,T465023H,2109723,찬성,2023-05-25
21,3RW63706,2109723,찬성,2023-05-25
21,RQQ3807K,2109723,찬성,2023-05-25
21,FH777496,2109723,찬성,2023-05-25
21,FYI20317,2109723,찬성,2023-05-25
21,8X15119P,2109723,불참,2023-05-25
21,ZYP7962W,2109723,불참,2023-05-25
21,CNW5754J,2109723,찬성,2023-05-25
21,3249208I,2109723,찬성,2023-05-25
21,GX38539O,2109723,찬성,2023-05-25
21,8Q88373R,2109723,불참,2023-05-25
21,XEF29171,2109723,불참,2023-05-25
21,WVU2479T,2109723,불참,2023-05-25
21,9D939735,2109723,찬성,2023-05-25
21,QTW6852F,2109723,찬성,2023-05-25
21,7XY7109I,2109723,불참,2023-05-25
21,TST4507I,2109723,찬성,2023-05-25
21,JC14718Q,2109723,찬성,2023-05-25
21,5KV82250,2109723,찬성,2023-05-25
21,L7J93733,2109723,찬성,2023-05-25
21,GE71932C,2109723,찬성,2023-05-25
21,6YT83269,2109723,찬성,2023-05-25
21,FDC3144T,2109723,찬성,2023-05-25
21,17M85910,2109723,찬성,2023-05-25
21,I7R13867,2109723,찬성,2023-05-25
21,SQ36001H,2109723,불참,2023-05-25
21,G1570880,2109723,찬성,2023-05-25
21,9LD2641Q,2109723,찬성,2023-05-25
21,FOK3459D,2109723,찬성,2023-05-25
21,QUO78839,2109723,찬성,2023-05-25
21,LPB30152,2109723,불참,2023-05-25
21,MD083627,2109723,찬성,2023-05-25
21,TZP9391O,2109723,찬성,2023-05-25
21,6V37131U,2109723,불참,2023-05-25
21,OSV9142K,2109723,찬성,2023-05-25
21,B7R2742J,2109723,찬성,2023-05-25
21,FJK3396E,2109723,찬성,2023-05-25
21,ZDP5704Q,2109723,찬성,2023-05-25
21,71J2365L,2109723,찬성,2023-05-25
21,7O71647Z,2109723,찬성,2023-05-25
21,W1Q6753M,2109723,찬성,2023-05-25
21,E1J8836Y,2109723,찬성,2023-05-25
21,RD42006Y,2109723,불참,2023-05-25
21,6EN68926,2109723,찬성,2023-05-25
21,QHL3248U,2109723,불참,2023-05-25
21,TJW93720,2109723,찬성,2023-05-25
21,9S151177,2109723,찬성,2023-05-25
21,9V18755A,2109723,찬성,2023-05-25
21,XA42275R,2109723,불참,2023-05-25
21,PO64874I,2109723,불참,2023-05-25
21,LBC8144B,2109723,찬성,2023-05-25
21,VHK3402G,2109723,찬성,2023-05-25
21,NUB4941Z,2109723,불참,2023-05-25
21,TZ228122,2109723,찬성,2023-05-25
21,4X525582,2109723,찬성,2023-05-25
21,66W6739S,2109723,찬성,2023-05-25
21,3DK8989T,2109723,불참,2023-05-25
21,A3H7195R,2109723,불참,2023-05-25
21,5KV96424,2109723,찬성,2023-05-25
21,KNM3215T,2109723,찬성,2023-05-25
21,0WL9321T,2109723,불참,2023-05-25
21,6FS10566,2109723,찬성,2023-05-25
21,ICH23251,2109723,찬성,2023-05-25
21,OW53107J,2109723,찬성,2023-05-25
21,IOW8224X,2109723,찬성,2023-05-25
21,Z7Y7827F,2109723,찬성,2023-05-25
21,8SV6917G,2109723,불참,2023-05-25
21,PFG2137X,2109723,찬성,2023-05-25
21,8P37634C,2109723,불참,2023-05-25
21,O7R5461J,2109723,불참,2023-05-25
21,B7H6207C,2109723,찬성,2023-05-25
21,I0S53762,2109723,불참,2023-05-25
21,EVH1507C,2109723,찬성,2023-05-25
21,CZB4125D,2109723,불참,2023-05-25
21,BM63269Y,2109723,찬성,2023-05-25
21,16D7652C,2109723,불참,2023-05-25
21,8VY63414,2109723,찬성,2023-05-25
21,9L57027L,2109723,찬성,2023-05-25
21,9YO73104,2109723,찬성,2023-05-25
21,EMC8812P,2109723,찬성,2023-05-25
21,DAV7257X,2109723,찬성,2023-05-25
21,LT72093S,2109723,찬성,2023-05-25
21,1MU99298,2109723,찬성,2023-05-25
21,G152611B,2109723,불참,2023-05-25
21,BT62420K,2109723,불참,2023-05-25
21,1BX7234U,2109723,찬성,2023-05-25
21,YTA7297R,2109723,찬성,2023-05-25
21,F5U2979W,2121687,찬성,2023-12-20
21,YOG1280B,2121687,찬성,2023-12-20
21,NUB4941Z,2121687,찬성,2023-12-20
21,KFM1081G,2121687,찬성,2023-12-20
21,F0I5053J,2121687,불참,2023-12-20
21,YTA7297R,2121687,찬성,2023-12-20
21,G7512472,2121687,불참,2023-12-20
21,3TO11703,2121687,찬성,2023-12-20
21,MU69217P,2121687,찬성,2023-12-20
21,66W6739S,2121687,찬성,2023-12-20
21,QD25323M,2121687,불참,2023-12-20
21,DAY6557K,2121687,찬성,2023-12-20
21,USR7059P,2121687,찬성,2023-12-20
21,4XG1439M,2121687,불참,2023-12-20
21,P2N50879,2121687,불참,2023-12-20
21,A0P4646G,2121687,찬성,2023-12-20
21,A2V51235,2121687,불참,2023-12-20
21,7I09543O,2121687,찬성,2023-12-20
21,3DK8989T,2121687,찬성,2023-12-20
21,OFE45081,2121687,찬성,2023-12-20
21,09I2323E,2121687,불참,2023-12-20
21,M0A1658U,2121687,불참,2023-12-20
21,NZF1659U,2121687,불참,2023-12-20
21,WDS6044S,2121687,찬성,2023-12-20
21,3BC6890E,2121687,찬성,2023-12-20
21,ZDR63255,2121687,불참,2023-12-20
21,5765663F,2121687,찬성,2023-12-20
21,GFF1986K,2121687,찬성,2023-12-20
21,ZKU88693,2121687,불참,2023-12-20
21,5KV96424,2121687,찬성,2023-12-20
21,M7T9712V,2121687,불참,2023-12-20
21,60490713,2121687,찬성,2023-12-20
21,UM51067K,2121687,찬성,2023-12-20
21,1WE5693J,2121687,찬성,2023-12-20
21,X3170462,2121687,불참,2023-12-20
21,8FB1535Y,2121687,찬성,2023-12-20
21,4T026790,2121687,찬성,2023-12-20
21,EH27538E,2121687,찬성,2023-12-20
21,WFU14784,2121687,불참,2023-12-20
21,SU53086M,2121687,찬성,2023-12-20
21,0WL9321T,2121687,불참,2023-12-20
21,PZA4062H,2121687,찬성,2023-12-20
21,MR210505,2121687,불참,2023-12-20
21,JQA21112,2121687,불참,2023-12-20
21,4L695580,2121687,찬성,2023-12-20
21,40E3739H,2121687,찬성,2023-12-20
21,RPN2293B,2121687,찬성,2023-12-20
21,6RM29022,2121687,찬성,2023-12-20
21,MQU41854,2121687,찬성,2023-12-20
21,V429892C,2121687,불참,2023-12-20
21,IN328264,2121687,불참,2023-12-20
21,XBT9550Q,2121687,불참,2023-12-20
21,ZA54991S,2121687,찬성,2023-12-20
21,0827740Q,2121687,찬성,2023-12-20
21,0W194007,2121687,찬성,2023-12-20
21,WMG57662,2121687,찬성,2023-12-20
21,NCP9875N,2121687,불참,2023-12-20
21,I5I2468R,2121687,찬성,2023-12-20
21,3425169D,2121687,찬성,2023-12-20
21,OIA3741M,2121687,찬성,2023-12-20
21,6MO8786S,2121687,찬성,2023-12-20
21,CT85313K,2121687,찬성,2023-12-20
21,BLC8630L,2121687,찬성,2023-12-20
21,NQR1206Q,2121687,찬성,2023-12-20
21,L2I9861C,2121687,찬성,2023-12-20
21,WCD5518S,2121687,찬성,2023-12-20
21,SVH3899R,2121687,찬성,2023-12-20
21,IOW8224X,2121687,찬성,2023-12-20
21,9JF4562W,2121687,찬성,2023-12-20
21,Y7K5946R,2121687,찬성,2023-12-20
21,KUO3574J,2121687,찬성,2023-12-20
21,D6U6678O,2121687,찬성,2023-12-20
21,8SV6917G,2121687,불참,2023-12-20
21,8FC9697X,2121687,불참,2023-12-20
21,QKO6165V,2121687,불참,2023-12-20
21,GD131760,2121687,찬성,2023-12-20
21,ZRF3039U,2121687,찬성,2023-12-20
21,68P7228G,2121687,찬성,2023-12-20
21,XPP2564T,2121687,불참,2023-12-20
21,FRN1867O,2121687,찬성,2023-12-20
21,PFG2137X,2121687,불참,2023-12-20
21,GAV6441G,2121687,찬성,2023-12-20
21,0YT3774N,2121687,불참,2023-12-20
21,40S1959J,2121687,찬성,2023-12-20
21,IL74008M,2121687,찬성,2023-12-20
21,8KF7223D,2121687,불참,2023-12-20
21,8P37634C,2121687,불참,2023-12-20
21,CNZ51556,2121687,찬성,2023-12-20
21,3C23171A,2121687,찬성,2023-12-20
21,GDG1847Z,2121687,찬성,2023-12-20
21,P2N4585G,2121687,찬성,2023-12-20
21,JMY9959W,2121687,불참,2023-12-20
21,7R156073,2121687,찬성,2023-12-20
21,6AR6743G,2121687,불참,2023-12-20
21,VCP96419,2121687,찬성,2023-12-20
21,B7D7534L,2121687,찬성,2023-12-20
21,GX22581L,2121687,찬성,2023-12-20
21,SE233396,2121687,찬성,2023-12-20
21,AFH96856,2121687,찬성,2023-12-20
21,52P3934K,2121687,찬성,2023-12-20
21,B7H6207C,2121687,찬성,2023-12-20
21,6399076T,2121687,찬성,2023-12-20
21,4U29186R,2121687,불참,2023-12-20
21,F5Y4026Q,2121687,찬성,2023-12-20
21,WHV3448W,2121687,찬성,2023-12-20
21,6RD62559,2121687,찬성,2023-12-20
21,LH97552Q,2121687,찬성,2023-12-20
21,TKJ4800F,2121687,찬성,2023-12-20
21,O6D8329R,2121687,불참,2023-12-20
21,MSY7784L,2121687,불참,2023-12-20
21,EVH1507C,2121687,찬성,2023-12-20
21,N9X9673B,2121687,불참,2023-12-20
21,5MD4184K,2121687,찬성,2023-12-20
21,5K93695T,2121687,불참,2023-12-20
21,DPZ7685X,2121687,찬성,2023-12-20
21,E9R4507P,2121687,찬성,2023-12-20
21,UHB5553T,2121687,찬성,2023-12-20
21,J9S37905,2121687,불참,2023-12-20
21,VRY5522V,2121687,불참,2023-12-20
21,CAA7713A,2121687,찬성,2023-12-20
21,0PK7354M,2121687,찬성,2023-12-20
21,O0I2045I,2121687,찬성,2023-12-20
21,CZB4125D,2121687,불참,2023-12-20
21,Z6R3959C,2121687,불참,2023-12-20
21,UGH6481E,2121687,찬성,2023-12-20
21,W4X85128,2121687,찬성,2023-12-20
21,Q9H5708M,2121687,불참,2023-12-20
21,JZY9937U,2121687,불참,2023-12-20
21,YKW37422,2121687,찬성,2023-12-20
21,2NV6751W,2121687,불참,2023-12-20
21,BM63269Y,2121687,불참,2023-12-20
21,3ZR4438W,2121687,찬성,2023-12-20
21,KB04377U,2121687,찬성,2023-12-20
21,FU53642G,2121687,찬성,2023-12-20
21,8VY63414,2121687,불참,2023-12-20
21,QQP4727N,2121687,불참,2023-12-20
21,BCQ55105,2121687,불참,2023-12-20
21,5UN9725L,2121687,불참,2023-12-20
21,LJK4960Z,2121687,찬성,2023-12-20
21,IUD9392R,2121687,불참,2023-12-20
21,M2Q9024I,2121687,불참,2023-12-20
21,DBA1057Z,2121687,불참,2023-12-20
21,C7E79345,2121687,불참,2023-12-20
21,UQ282145,2121687,찬성,2023-12-20
21,TRE2429O,2121687,불참,2023-12-20
21,E6U4345C,2121687,찬성,2023-12-20
21,7BM2933Y,2121687,찬성,2023-12-20
21,CDL93608,2121687,불참,2023-12-20
21,X7I4680R,2121687,불참,2023-12-20
21,XJC13432,2121687,불참,2023-12-20
21,T465023H,2121687,찬성,2023-12-20
21,RQQ3807K,2121687,찬성,2023-12-20
21,FH777496,2121687,찬성,2023-12-20
21,8X15119P,2121687,불참,2023-12-20
21,ZYP7962W,2121687,불참,2023-12-20
21,CNW5754J,2121687,찬성,2023-12-20
21,3249208I,2121687,불참,2023-12-20
21,GX38539O,2121687,찬성,2023-12-20
21,8Q88373R,2121687,불참,2023-12-20
21,XEF29171,2121687,찬성,2023-12-20
21,QTW6852F,2121687,불참,2023-12-20
21,7XY7109I,2121687,찬성,2023-12-20
21,JC14718Q,2121687,찬성,2023-12-20
21,LT72093S,2121687,찬성,2023-12-20
21,6YT83269,2121687,불참,2023-12-20
21,FDC3144T,2121687,찬성,2023-12-20
21,I7R13867,2121687,찬성,2023-12-20
21,SQ36001H,2121687,불참,2023-12-20
21,G1570880,2121687,찬성,2023-12-20
21,9LD2641Q,2121687,불참,2023-12-20
21,LPB30152,2121687,불참,2023-12-20
21,MD083627,2121687,찬성,2023-12-20
21,OSV9142K,2121687,찬성,2023-12-20
21,B7R2742J,2121687,찬성,2023-12-20
21,ZDP5704Q,2121687,찬성,2023-12-20
21,7O71647Z,2121687,불참,2023-12-20
21,W1Q6753M,2121687,찬성,2023-12-20
21,E1J8836Y,2121687,불참,2023-12-20
21,RD42006Y,2121687,불참,2023-12-20
21,QHL3248U,2121687,불참,2023-12-20
21,TJW93720,2121687,찬성,2023-12-20
21,9S151177,2121687,불참,2023-12-20
21,9V18755A,2121687,불참,2023-12-20
21,XA42275R,2121687,찬성,2023-12-20
21,PO64874I,2121687,찬성,2023-12-20
21,VHK3402G,2121687,불참,2023-12-20
21,6U243644,2121687,불참,2023-12-20
21,KFS1358P,2121687,찬성,2023-12-20
21,A494529E,2121687,불참,2023-12-20
21,QUM8288K,2121687,불참,2023-12-20
21,S824682L,2121687,불참,2023-12-20
21,MRK4871S,2121687,불참,2023-12-20
21,M7O7878U,2121687,찬성,2023-12-20
21,YLS4431M,2121687,불참,2023-12-20
21,MNZ4401T,2121687,불참,2023-12-20
21,HSS7466Y,2121687,찬성,2023-12-20
21,16D7652C,2121687,불참,2023-12-20
21,MLH1404S,2121687,불참,2023-12-20
21,XR24352K,2121687,찬성,2023-12-20
21,JEZ3130Q,2121687,찬성,2023-12-20
21,9L57027L,2121687,불참,2023-12-20
21,GOC54665,2121687,불참,2023-12-20
21,K3W33496,2121687,찬성,2023-12-20
21,NCO99988,2121687,찬성,2023-12-20
21,CI15627C,2121687,불참,2023-12-20
21,4019850M,2121687,찬성,2023-12-20
21,9YO73104,2121687,찬성,2023-12-20
21,2UD1340H,2121687,찬성,2023-12-20
21,9VR65006,2121687,불참,2023-12-20
21,EMC8812P,2121687,불참,2023-12-20
21,XSP20229,2121687,불참,2023-12-20
21,3RW63706,2121687,찬성,2023-12-20
21,FYI20317,2121687,찬성,2023-12-20
21,WVU2479T,2121687,불참,2023-12-20
21,9D939735,2121687,찬성,2023-12-20
21,TST4507I,2121687,찬성,2023-12-20
21,5KV82250,2121687,찬성,2023-12-20
21,L7J93733,2121687,찬성,2023-12-20
21,DAV7257X,2121687,찬성,2023-12-20
21,GE71932C,2121687,찬성,2023-12-20
21,1MU99298,2121687,찬성,2023-12-20
21,17M85910,2121687,찬성,2023-12-20
21,G152611B,2121687,불참,2023-12-20
21,FOK3459D,2121687,찬성,2023-12-20
21,QUO78839,2121687,찬성,2023-12-20
21,BT62420K,2121687,불참,2023-12-20
21,TZP9391O,2121687,찬성,2023-12-20
21,6V37131U,2121687,불참,2023-12-20
21,FJK3396E,2121687,찬성,2023-12-20
21,71J2365L,2121687,찬성,2023-12-20
21,6EN68926,2121687,불참,2023-12-20
21,1BX7234U,2121687,찬성,2023-12-20
21,TZ228122,2121687,불참,2023-12-20
21,LBC8144B,2121687,찬성,2023-12-20
21,FIC9046Z,2121687,찬성,2023-12-20
21,DWK26447,2121687,찬성,2023-12-20
21,NLR6572J,2121687,찬성,2023-12-20
21,L7T64271,2121687,찬성,2023-12-20
21,4X525582,2121687,찬성,2023-12-20
21,GKD32201,2121687,찬성,2023-12-20
21,S741317G,2121687,불참,2023-12-20
21,CCU1009B,2121687,찬성,2023-12-20
21,2N793392,2121687,찬성,2023-12-20
21,LM13674V,2121687,불참,2023-12-20
21,JVB6983V,2121687,찬성,2023-12-20
21,GP07421U,2121687,찬성,2023-12-20
21,FGI27280,2121687,찬성,2023-12-20
21,7469929V,2121687,찬성,2023-12-20
21,D4L60530,2121687,불참,2023-12-20
21,M6H1705E,2121687,찬성,2023-12-20
21,NTT8182Q,2121687,찬성,2023-12-20
21,A3H7195R,2121687,불참,2023-12-20
21,ZYH1940A,2121687,불참,2023-12-20
21,0VU8517U,2121687,불참,2023-12-20
21,HSW1214Q,2121687,찬성,2023-12-20
21,KR14136C,2121687,찬성,2023-12-20
21,WJL30106,2121687,불참,2023-12-20
21,KNM3215T,2121687,찬성,2023-12-20
21,HKJ99607,2121687,찬성,2023-12-20
21,MY318392,2121687,찬성,2023-12-20
21,GF286398,2121687,찬성,2023-12-20
21,8348421R,2121687,찬성,2023-12-20
21,H5476989,2121687,찬성,2023-12-20
21,6FS10566,2121687,찬성,2023-12-20
21,HXT76735,2121687,찬성,2023-12-20
21,0R68099X,2121687,불참,2023-12-20
21,2385336L,2121687,찬성,2023-12-20
21,MO52543L,2121687,불참,2023-12-20
21,X1K3667J,2121687,찬성,2023-12-20
21,WTR5885Y,2121687,불참,2023-12-20
21,IOW1101J,2121687,찬성,2023-12-20
21,25I8709Q,2121687,찬성,2023-12-20
21,XWX1513T,2121687,찬성,2023-12-20
21,LG63087O,2121687,찬성,2023-12-20
21,OW53107J,2121687,불참,2023-12-20
21,PEP6922S,2121687,찬성,2023-12-20
21,DAN6731C,2121687,불참,2023-12-20
21,VG24001G,2121687,불참,2023-12-20
21,Z7Y7827F,2121687,불참,2023-12-20
21,ATB59635,2121687,불참,2023-12-20
21,FU87526G,2121687,찬성,2023-12-20
21,S9U45255,2121687,불참,2023-12-20
21,V0O5343U,2121687,불참,2023-12-20
21,P0F1530P,2121687,불참,2023-12-20
21,LQW3652K,2121687,찬성,2023-12-20
21,RO593601,2121687,찬성,2023-12-20
21,UB114374,2121687,찬성,2023-12-20
21,7JC3239L,2121687,찬성,2023-12-20
21,N4R2421C,2121687,찬성,2023-12-20
21,O7R5461J,2121687,찬성,2023-12-20
21,J2O8643H,2121687,찬성,2023-12-20
21,6AU2417B,2121687,찬성,2023-12-20
21,8VJ8533R,2121687,찬성,2023-12-20
21,1Y73132H,2121687,찬성,2023-12-20
21,I0S53762,2121687,찬성,2023-12-20
21,04T3751T,2121687,찬성,2023-12-20
21,K5F2023J,2121687,불참,2023-12-20
21,14M56632,2121687,찬성,2023-12-20
21,ZRF3039U,2117607,찬성,2023-05-25
21,8KF7223D,2117607,불참,2023-05-25
21,OSV9142K,2117607,찬성,2023-05-25
21,MLH1404S,2117607,불참,2023-05-25
21,TRE2429O,2117607,불참,2023-05-25
21,52P3934K,2117607,불참,2023-05-25
21,F5U2979W,2117607,불참,2023-05-25
21,YOG1280B,2117607,찬성,2023-05-25
21,FIC9046Z,2117607,불참,2023-05-25
21,DWK26447,2117607,찬성,2023-05-25
21,KFM1081G,2117607,찬성,2023-05-25
21,NLR6572J,2117607,찬성,2023-05-25
21,L7T64271,2117607,찬성,2023-05-25
21,GKD32201,2117607,불참,2023-05-25
21,G7512472,2117607,찬성,2023-05-25
21,3TO11703,2117607,불참,2023-05-25
21,S741317G,2117607,찬성,2023-05-25
21,CCU1009B,2117607,찬성,2023-05-25
21,MU69217P,2117607,불참,2023-05-25
21,2N793392,2117607,불참,2023-05-25
21,LM13674V,2117607,불참,2023-05-25
21,QD25323M,2117607,찬성,2023-05-25
21,JVB6983V,2117607,찬성,2023-05-25
21,DAY6557K,2117607,찬성,2023-05-25
21,GP07421U,2117607,찬성,2023-05-25
21,FGI27280,2117607,불참,2023-05-25
21,USR7059P,2117607,찬성,2023-05-25
21,4XG1439M,2117607,찬성,2023-05-25
21,P2N50879,2117607,찬성,2023-05-25
21,A0P4646G,2117607,찬성,2023-05-25
21,A2V51235,2117607,불참,2023-05-25
21,7I09543O,2117607,찬성,2023-05-25
21,3DK8989T,2117607,불참,2023-05-25
21,7469929V,2117607,불참,2023-05-25
21,D4L60530,2117607,불참,2023-05-25
21,M6H1705E,2117607,찬성,2023-05-25
21,OFE45081,2117607,찬성,2023-05-25
21,09I2323E,2117607,불참,2023-05-25
21,NTT8182Q,2117607,찬성,2023-05-25
21,ZYH1940A,2117607,불참,2023-05-25
21,0VU8517U,2117607,불참,2023-05-25
21,M0A1658U,2117607,불참,2023-05-25
21,HSW1214Q,2117607,찬성,2023-05-25
21,NZF1659U,2117607,찬성,2023-05-25
21,WDS6044S,2117607,찬성,2023-05-25
21,3BC6890E,2117607,찬성,2023-05-25
21,ZDR63255,2117607,불참,2023-05-25
21,KR14136C,2117607,찬성,2023-05-25
21,SRP7336N,2117607,찬성,2023-05-25
21,5765663F,2117607,찬성,2023-05-25
21,GFF1986K,2117607,찬성,2023-05-25
21,ZKU88693,2117607,찬성,2023-05-25
21,WJL30106,2117607,불참,2023-05-25
21,KNM3215T,2117607,찬성,2023-05-25
21,M7T9712V,2117607,찬성,2023-05-25
21,60490713,2117607,찬성,2023-05-25
21,UM51067K,2117607,찬성,2023-05-25
21,HKJ99607,2117607,찬성,2023-05-25
21,1WE5693J,2117607,불참,2023-05-25
21,X3170462,2117607,불참,2023-05-25
21,MY318392,2117607,불참,2023-05-25
21,8FB1535Y,2117607,찬성,2023-05-25
21,4T026790,2117607,찬성,2023-05-25
21,EH27538E,2117607,불참,2023-05-25
21,WFU14784,2117607,찬성,2023-05-25
21,SU53086M,2117607,찬성,2023-05-25
21,PZA4062H,2117607,찬성,2023-05-25
21,MR210505,2117607,찬성,2023-05-25
21,GF286398,2117607,불참,2023-05-25
21,8348421R,2117607,찬성,2023-05-25
21,H5476989,2117607,찬성,2023-05-25
21,JQA21112,2117607,찬성,2023-05-25
21,4L695580,2117607,찬성,2023-05-25
21,40E3739H,2117607,찬성,2023-05-25
21,6FS10566,2117607,찬성,2023-05-25
21,HXT76735,2117607,찬성,2023-05-25
21,RPN2293B,2117607,불참,2023-05-25
21,0R68099X,2117607,찬성,2023-05-25
21,6RM29022,2117607,찬성,2023-05-25
21,MQU41854,2117607,불참,2023-05-25
21,V429892C,2117607,찬성,2023-05-25
21,2385336L,2117607,찬성,2023-05-25
21,IN328264,2117607,불참,2023-05-25
21,XBT9550Q,2117607,불참,2023-05-25
21,ZA54991S,2117607,찬성,2023-05-25
21,MO52543L,2117607,불참,2023-05-25
21,0827740Q,2117607,찬성,2023-05-25
21,0W194007,2117607,찬성,2023-05-25
21,X1K3667J,2117607,불참,2023-05-25
21,WMG57662,2117607,찬성,2023-05-25
21,NCP9875N,2117607,찬성,2023-05-25
21,I5I2468R,2117607,찬성,2023-05-25
21,WTR5885Y,2117607,찬성,2023-05-25
21,3425169D,2117607,찬성,2023-05-25
21,IOW1101J,2117607,찬성,2023-05-25
21,ICH23251,2117607,찬성,2023-05-25
21,25I8709Q,2117607,찬성,2023-05-25
21,OIA3741M,2117607,불참,2023-05-25
21,6MO8786S,2117607,찬성,2023-05-25
21,XWX1513T,2117607,찬성,2023-05-25
21,CT85313K,2117607,찬성,2023-05-25
21,BLC8630L,2117607,불참,2023-05-25
21,NQR1206Q,2117607,찬성,2023-05-25
21,LG63087O,2117607,불참,2023-05-25
21,PEP6922S,2117607,불참,2023-05-25
21,DAN6731C,2117607,기권,2023-05-25
21,VG24001G,2117607,찬성,2023-05-25
21,L2I9861C,2117607,찬성,2023-05-25
21,WCD5518S,2117607,찬성,2023-05-25
21,SVH3899R,2117607,찬성,2023-05-25
21,9JF4562W,2117607,찬성,2023-05-25
21,Y7K5946R,2117607,찬성,2023-05-25
21,ATB59635,2117607,찬성,2023-05-25
21,SBK1544B,2117607,불참,2023-05-25
21,KUO3574J,2117607,찬성,2023-05-25
21,D6U6678O,2117607,찬성,2023-05-25
21,FU87526G,2117607,찬성,2023-05-25
21,S9U45255,2117607,찬성,2023-05-25
21,8FC9697X,2117607,불참,2023-05-25
21,QKO6165V,2117607,불참,2023-05-25
21,GD131760,2117607,불참,2023-05-25
21,V0O5343U,2117607,찬성,2023-05-25
21,68P7228G,2117607,찬성,2023-05-25
21,P0F1530P,2117607,불참,2023-05-25
21,XPP2564T,2117607,찬성,2023-05-25
21,FRN1867O,2117607,찬성,2023-05-25
21,LQW3652K,2117607,찬성,2023-05-25
21,RO593601,2117607,찬성,2023-05-25
21,PFG2137X,2117607,찬성,2023-05-25
21,UB114374,2117607,찬성,2023-05-25
21,GAV6441G,2117607,찬성,2023-05-25
21,0YT3774N,2117607,찬성,2023-05-25
21,7JC3239L,2117607,불참,2023-05-25
21,40S1959J,2117607,불참,2023-05-25
21,IL74008M,2117607,불참,2023-05-25
21,CNZ51556,2117607,찬성,2023-05-25
21,N4R2421C,2117607,불참,2023-05-25
21,3C23171A,2117607,찬성,2023-05-25
21,GDG1847Z,2117607,기권,2023-05-25
21,P2N4585G,2117607,찬성,2023-05-25
21,JMY9959W,2117607,찬성,2023-05-25
21,7R156073,2117607,불참,2023-05-25
21,6AR6743G,2117607,불참,2023-05-25
21,J2O8643H,2117607,불참,2023-05-25
21,VCP96419,2117607,불참,2023-05-25
21,6AU2417B,2117607,불참,2023-05-25
21,8VJ8533R,2117607,찬성,2023-05-25
21,B7D7534L,2117607,불참,2023-05-25
21,GX22581L,2117607,불참,2023-05-25
21,SE233396,2117607,찬성,2023-05-25
21,AFH96856,2117607,불참,2023-05-25
21,6399076T,2117607,찬성,2023-05-25
21,4U29186R,2117607,불참,2023-05-25
21,F5Y4026Q,2117607,찬성,2023-05-25
21,WHV3448W,2117607,불참,2023-05-25
21,6RD62559,2117607,찬성,2023-05-25
21,1Y73132H,2117607,찬성,2023-05-25
21,I0S53762,2117607,찬성,2023-05-25
21,LH97552Q,2117607,찬성,2023-05-25
21,TKJ4800F,2117607,불참,2023-05-25
21,O6D8329R,2117607,찬성,2023-05-25
21,04T3751T,2117607,찬성,2023-05-25
21,MSY7784L,2117607,찬성,2023-05-25
21,K5F2023J,2117607,찬성,2023-05-25
21,14M56632,2117607,찬성,2023-05-25
21,N9X9673B,2117607,찬성,2023-05-25
21,5MD4184K,2117607,찬성,2023-05-25
21,5K93695T,2117607,불참,2023-05-25
21,DPZ7685X,2117607,찬성,2023-05-25
21,6U243644,2117607,찬성,2023-05-25
21,E9R4507P,2117607,불참,2023-05-25
21,UHB5553T,2117607,찬성,2023-05-25
21,KFS1358P,2117607,찬성,2023-05-25
21,J9S37905,2117607,찬성,2023-05-25
21,A494529E,2117607,불참,2023-05-25
21,VRY5522V,2117607,찬성,2023-05-25
21,CAA7713A,2117607,찬성,2023-05-25
21,0PK7354M,2117607,찬성,2023-05-25
21,O0I2045I,2117607,찬성,2023-05-25
21,Z6R3959C,2117607,불참,2023-05-25
21,QUM8288K,2117607,찬성,2023-05-25
21,UGH6481E,2117607,찬성,2023-05-25
21,S824682L,2117607,찬성,2023-05-25
21,W4X85128,2117607,불참,2023-05-25
21,Q9H5708M,2117607,불참,2023-05-25
21,JZY9937U,2117607,찬성,2023-05-25
21,MRK4871S,2117607,불참,2023-05-25
21,YKW37422,2117607,찬성,2023-05-25
21,2NV6751W,2117607,불참,2023-05-25
21,M7O7878U,2117607,찬성,2023-05-25
21,YLS4431M,2117607,불참,2023-05-25
21,MNZ4401T,2117607,찬성,2023-05-25
21,3ZR4438W,2117607,찬성,2023-05-25
21,HSS7466Y,2117607,찬성,2023-05-25
21,16D7652C,2117607,불참,2023-05-25
21,KB04377U,2117607,불참,2023-05-25
21,FU53642G,2117607,찬성,2023-05-25
21,8VY63414,2117607,찬성,2023-05-25
21,XR24352K,2117607,찬성,2023-05-25
21,QQP4727N,2117607,찬성,2023-05-25
21,JEZ3130Q,2117607,찬성,2023-05-25
21,BCQ55105,2117607,찬성,2023-05-25
21,9L57027L,2117607,찬성,2023-05-25
21,GOC54665,2117607,불참,2023-05-25
21,5UN9725L,2117607,찬성,2023-05-25
21,LJK4960Z,2117607,찬성,2023-05-25
21,IUD9392R,2117607,불참,2023-05-25
21,K3W33496,2117607,찬성,2023-05-25
21,M2Q9024I,2117607,불참,2023-05-25
21,DBA1057Z,2117607,찬성,2023-05-25
21,CI15627C,2117607,찬성,2023-05-25
21,C7E79345,2117607,불참,2023-05-25
21,4019850M,2117607,불참,2023-05-25
21,UQ282145,2117607,불참,2023-05-25
21,9YO73104,2117607,찬성,2023-05-25
21,E6U4345C,2117607,불참,2023-05-25
21,7BM2933Y,2117607,찬성,2023-05-25
21,CDL93608,2117607,불참,2023-05-25
21,2UD1340H,2117607,찬성,2023-05-25
21,9VR65006,2117607,불참,2023-05-25
21,X7I4680R,2117607,불참,2023-05-25
21,EMC8812P,2117607,찬성,2023-05-25
21,XJC13432,2117607,찬성,2023-05-25
21,XSP20229,2117607,찬성,2023-05-25
21,T465023H,2117607,찬성,2023-05-25
21,3RW63706,2117607,찬성,2023-05-25
21,RQQ3807K,2117607,찬성,2023-05-25
21,FH777496,2117607,찬성,2023-05-25
21,FYI20317,2117607,불참,2023-05-25
21,8X15119P,2117607,불참,2023-05-25
21,ZYP7962W,2117607,불참,2023-05-25
21,CNW5754J,2117607,찬성,2023-05-25
21,3249208I,2117607,불참,2023-05-25
21,GX38539O,2117607,찬성,2023-05-25
21,8Q88373R,2117607,불참,2023-05-25
21,XEF29171,2117607,불참,2023-05-25
21,WVU2479T,2117607,불참,2023-05-25
21,9D939735,2117607,찬성,2023-05-25
21,QTW6852F,2117607,찬성,2023-05-25
21,7XY7109I,2117607,불참,2023-05-25
21,TST4507I,2117607,찬성,2023-05-25
21,JC14718Q,2117607,찬성,2023-05-25
21,5KV82250,2117607,찬성,2023-05-25
21,L7J93733,2117607,찬성,2023-05-25
21,DAV7257X,2117607,찬성,2023-05-25
21,GE71932C,2117607,찬성,2023-05-25
21,6YT83269,2117607,찬성,2023-05-25
21,1MU99298,2117607,찬성,2023-05-25
21,FDC3144T,2117607,찬성,2023-05-25
21,17M85910,2117607,찬성,2023-05-25
21,G152611B,2117607,불참,2023-05-25
21,I7R13867,2117607,찬성,2023-05-25
21,SQ36001H,2117607,불참,2023-05-25
21,G1570880,2117607,찬성,2023-05-25
21,9LD2641Q,2117607,불참,2023-05-25
21,FOK3459D,2117607,찬성,2023-05-25
21,QUO78839,2117607,찬성,2023-05-25
21,LPB30152,2117607,불참,2023-05-25
21,MD083627,2117607,찬성,2023-05-25
21,TZP9391O,2117607,찬성,2023-05-25
21,6V37131U,2117607,찬성,2023-05-25
21,B7R2742J,2117607,찬성,2023-05-25
21,FJK3396E,2117607,찬성,2023-05-25
21,ZDP5704Q,2117607,찬성,2023-05-25
21,71J2365L,2117607,불참,2023-05-25
21,7O71647Z,2117607,찬성,2023-05-25
21,W1Q6753M,2117607,찬성,2023-05-25
21,E1J8836Y,2117607,찬성,2023-05-25
21,RD42006Y,2117607,불참,2023-05-25
21,6EN68926,2117607,찬성,2023-05-25
21,QHL3248U,2117607,불참,2023-05-25
21,TJW93720,2117607,찬성,2023-05-25
21,9S151177,2117607,찬성,2023-05-25
21,TZ228122,2117607,찬성,2023-05-25
21,9V18755A,2117607,찬성,2023-05-25
21,XA42275R,2117607,불참,2023-05-25
21,PO64874I,2117607,불참,2023-05-25
21,LBC8144B,2117607,찬성,2023-05-25
21,VHK3402G,2117607,찬성,2023-05-25
21,NUB4941Z,2117607,불참,2023-05-25
21,1BX7234U,2117607,찬성,2023-05-25
21,4X525582,2117607,찬성,2023-05-25
21,66W6739S,2117607,찬성,2023-05-25
21,A3H7195R,2117607,불참,2023-05-25
21,5KV96424,2117607,찬성,2023-05-25
21,0WL9321T,2117607,불참,2023-05-25
21,OW53107J,2117607,찬성,2023-05-25
21,IOW8224X,2117607,찬성,2023-05-25
21,Z7Y7827F,2117607,찬성,2023-05-25
21,8SV6917G,2117607,불참,2023-05-25
21,8P37634C,2117607,불참,2023-05-25
21,O7R5461J,2117607,불참,2023-05-25
21,B7H6207C,2117607,찬성,2023-05-25
21,EVH1507C,2117607,찬성,2023-05-25
21,CZB4125D,2117607,불참,2023-05-25
21,BM63269Y,2117607,찬성,2023-05-25
21,LT72093S,2117607,불참,2023-05-25
21,BT62420K,2117607,불참,2023-05-25
21,YTA7297R,2117607,찬성,2023-05-25
21,S741317G,2123982,찬성,2023-08-24
21,9S151177,2123982,찬성,2023-08-24
21,USR7059P,2123982,불참,2023-08-24
21,P2N50879,2123982,찬성,2023-08-24
21,A2V51235,2123982,찬성,2023-08-24
21,7469929V,2123982,불참,2023-08-24
21,M7T9712V,2123982,불참,2023-08-24
21,1WE5693J,2123982,불참,2023-08-24
21,MY318392,2123982,찬성,2023-08-24
21,MR210505,2123982,불참,2023-08-24
21,ZA54991S,2123982,찬성,2023-08-24
21,0827740Q,2123982,찬성,2023-08-24
21,0W194007,2123982,찬성,2023-08-24
21,NCP9875N,2123982,찬성,2023-08-24
21,CT85313K,2123982,찬성,2023-08-24
21,KUO3574J,2123982,찬성,2023-08-24
21,8FC9697X,2123982,불참,2023-08-24
21,ZRF3039U,2123982,찬성,2023-08-24
21,0YT3774N,2123982,찬성,2023-08-24
21,8KF7223D,2123982,불참,2023-08-24
21,CNZ51556,2123982,찬성,2023-08-24
21,P2N4585G,2123982,찬성,2023-08-24
21,WHV3448W,2123982,불참,2023-08-24
21,N9X9673B,2123982,찬성,2023-08-24
21,CAA7713A,2123982,찬성,2023-08-24
21,YKW37422,2123982,불참,2023-08-24
21,FU53642G,2123982,찬성,2023-08-24
21,MLH1404S,2123982,찬성,2023-08-24
21,9L57027L,2123982,불참,2023-08-24
21,IUD9392R,2123982,불참,2023-08-24
21,DBA1057Z,2123982,찬성,2023-08-24
21,CI15627C,2123982,불참,2023-08-24
21,9VR65006,2123982,찬성,2023-08-24
21,T465023H,2123982,찬성,2023-08-24
21,CNW5754J,2123982,불참,2023-08-24
21,8Q88373R,2123982,찬성,2023-08-24
21,LT72093S,2123982,불참,2023-08-24
21,FDC3144T,2123982,찬성,2023-08-24
21,OSV9142K,2123982,찬성,2023-08-24
21,B7R2742J,2123982,찬성,2023-08-24
21,ZDP5704Q,2123982,찬성,2023-08-24
21,71J2365L,2123982,찬성,2023-08-24
21,66W6739S,2123982,찬성,2023-08-24
21,F5U2979W,2123982,불참,2023-08-24
21,YOG1280B,2123982,찬성,2023-08-24
21,FIC9046Z,2123982,불참,2023-08-24
21,DWK26447,2123982,찬성,2023-08-24
21,NUB4941Z,2123982,불참,2023-08-24
21,KFM1081G,2123982,불참,2023-08-24
21,NLR6572J,2123982,찬성,2023-08-24
21,YTA7297R,2123982,찬성,2023-08-24
21,L7T64271,2123982,찬성,2023-08-24
21,4X525582,2123982,불참,2023-08-24
21,GKD32201,2123982,찬성,2023-08-24
21,G7512472,2123982,찬성,2023-08-24
21,3TO11703,2123982,찬성,2023-08-24
21,CCU1009B,2123982,찬성,2023-08-24
21,MU69217P,2123982,찬성,2023-08-24
21,2N793392,2123982,찬성,2023-08-24
21,LM13674V,2123982,찬성,2023-08-24
21,QD25323M,2123982,찬성,2023-08-24
21,JVB6983V,2123982,불참,2023-08-24
21,DAY6557K,2123982,찬성,2023-08-24
21,GP07421U,2123982,찬성,2023-08-24
21,FGI27280,2123982,불참,2023-08-24
21,4XG1439M,2123982,찬성,2023-08-24
21,A0P4646G,2123982,찬성,2023-08-24
21,7I09543O,2123982,찬성,2023-08-24
21,3DK8989T,2123982,불참,2023-08-24
21,D4L60530,2123982,찬성,2023-08-24
21,M6H1705E,2123982,찬성,2023-08-24
21,OFE45081,2123982,불참,2023-08-24
21,09I2323E,2123982,찬성,2023-08-24
21,NTT8182Q,2123982,찬성,2023-08-24
21,A3H7195R,2123982,불참,2023-08-24
21,ZYH1940A,2123982,찬성,2023-08-24
21,0VU8517U,2123982,불참,2023-08-24
21,M0A1658U,2123982,불참,2023-08-24
21,HSW1214Q,2123982,찬성,2023-08-24
21,NZF1659U,2123982,찬성,2023-08-24
21,WDS6044S,2123982,찬성,2023-08-24
21,3BC6890E,2123982,불참,2023-08-24
21,ZDR63255,2123982,찬성,2023-08-24
21,KR14136C,2123982,불참,2023-08-24
21,SRP7336N,2123982,찬성,2023-08-24
21,5765663F,2123982,불참,2023-08-24
21,GFF1986K,2123982,찬성,2023-08-24
21,ZKU88693,2123982,찬성,2023-08-24
21,WJL30106,2123982,불참,2023-08-24
21,5KV96424,2123982,찬성,2023-08-24
21,KNM3215T,2123982,찬성,2023-08-24
21,60490713,2123982,불참,2023-08-24
21,UM51067K,2123982,찬성,2023-08-24
21,HKJ99607,2123982,찬성,2023-08-24
21,X3170462,2123982,불참,2023-08-24
21,8FB1535Y,2123982,찬성,2023-08-24
21,4T026790,2123982,불참,2023-08-24
21,EH27538E,2123982,찬성,2023-08-24
21,WFU14784,2123982,불참,2023-08-24
21,SU53086M,2123982,찬성,2023-08-24
21,0WL9321T,2123982,찬성,2023-08-24
21,PZA4062H,2123982,찬성,2023-08-24
21,GF286398,2123982,찬성,2023-08-24
21,8348421R,2123982,불참,2023-08-24
21,H5476989,2123982,불참,2023-08-24
21,JQA21112,2123982,찬성,2023-08-24
21,4L695580,2123982,찬성,2023-08-24
21,40E3739H,2123982,찬성,2023-08-24
21,6FS10566,2123982,찬성,2023-08-24
21,HXT76735,2123982,찬성,2023-08-24
21,RPN2293B,2123982,불참,2023-08-24
21,0R68099X,2123982,찬성,2023-08-24
21,6RM29022,2123982,찬성,2023-08-24
21,MQU41854,2123982,불참,2023-08-24
21,V429892C,2123982,찬성,2023-08-24
21,2385336L,2123982,찬성,2023-08-24
21,IN328264,2123982,불참,2023-08-24
21,XBT9550Q,2123982,찬성,2023-08-24
21,MO52543L,2123982,불참,2023-08-24
21,X1K3667J,2123982,찬성,2023-08-24
21,WMG57662,2123982,찬성,2023-08-24
21,I5I2468R,2123982,찬성,2023-08-24
21,WTR5885Y,2123982,찬성,2023-08-24
21,3425169D,2123982,찬성,2023-08-24
21,IOW1101J,2123982,찬성,2023-08-24
21,ICH23251,2123982,불참,2023-08-24
21,25I8709Q,2123982,불참,2023-08-24
21,OIA3741M,2123982,찬성,2023-08-24
21,6MO8786S,2123982,찬성,2023-08-24
21,XWX1513T,2123982,찬성,2023-08-24
21,BLC8630L,2123982,찬성,2023-08-24
21,NQR1206Q,2123982,찬성,2023-08-24
21,LG63087O,2123982,불참,2023-08-24
21,OW53107J,2123982,찬성,2023-08-24
21,PEP6922S,2123982,찬성,2023-08-24
21,DAN6731C,2123982,찬성,2023-08-24
21,VG24001G,2123982,찬성,2023-08-24
21,L2I9861C,2123982,찬성,2023-08-24
21,WCD5518S,2123982,찬성,2023-08-24
21,SVH3899R,2123982,찬성,2023-08-24
21,IOW8224X,2123982,찬성,2023-08-24
21,9JF4562W,2123982,찬성,2023-08-24
21,Y7K5946R,2123982,찬성,2023-08-24
21,Z7Y7827F,2123982,찬성,2023-08-24
21,ATB59635,2123982,불참,2023-08-24
21,D6U6678O,2123982,찬성,2023-08-24
21,FU87526G,2123982,불참,2023-08-24
21,S9U45255,2123982,불참,2023-08-24
21,8SV6917G,2123982,불참,2023-08-24
21,QKO6165V,2123982,불참,2023-08-24
21,GD131760,2123982,찬성,2023-08-24
21,V0O5343U,2123982,찬성,2023-08-24
21,68P7228G,2123982,찬성,2023-08-24
21,P0F1530P,2123982,불참,2023-08-24
21,XPP2564T,2123982,불참,2023-08-24
21,FRN1867O,2123982,불참,2023-08-24
21,LQW3652K,2123982,찬성,2023-08-24
21,RO593601,2123982,찬성,2023-08-24
21,PFG2137X,2123982,찬성,2023-08-24
21,UB114374,2123982,불참,2023-08-24
21,GAV6441G,2123982,찬성,2023-08-24
21,7JC3239L,2123982,불참,2023-08-24
21,40S1959J,2123982,찬성,2023-08-24
21,IL74008M,2123982,찬성,2023-08-24
21,8P37634C,2123982,찬성,2023-08-24
21,N4R2421C,2123982,불참,2023-08-24
21,3C23171A,2123982,불참,2023-08-24
21,GDG1847Z,2123982,찬성,2023-08-24
21,O7R5461J,2123982,찬성,2023-08-24
21,JMY9959W,2123982,불참,2023-08-24
21,7R156073,2123982,찬성,2023-08-24
21,6AR6743G,2123982,불참,2023-08-24
21,J2O8643H,2123982,찬성,2023-08-24
21,VCP96419,2123982,찬성,2023-08-24
21,6AU2417B,2123982,불참,2023-08-24
21,8VJ8533R,2123982,불참,2023-08-24
21,B7D7534L,2123982,불참,2023-08-24
21,GX22581L,2123982,찬성,2023-08-24
21,SE233396,2123982,찬성,2023-08-24
21,AFH96856,2123982,찬성,2023-08-24
21,52P3934K,2123982,불참,2023-08-24
21,B7H6207C,2123982,찬성,2023-08-24
21,6399076T,2123982,찬성,2023-08-24
21,4U29186R,2123982,찬성,2023-08-24
21,F5Y4026Q,2123982,찬성,2023-08-24
21,6RD62559,2123982,찬성,2023-08-24
21,1Y73132H,2123982,찬성,2023-08-24
21,I0S53762,2123982,찬성,2023-08-24
21,LH97552Q,2123982,찬성,2023-08-24
21,TKJ4800F,2123982,찬성,2023-08-24
21,O6D8329R,2123982,찬성,2023-08-24
21,04T3751T,2123982,찬성,2023-08-24
21,MSY7784L,2123982,찬성,2023-08-24
21,EVH1507C,2123982,찬성,2023-08-24
21,K5F2023J,2123982,찬성,2023-08-24
21,14M56632,2123982,찬성,2023-08-24
21,5MD4184K,2123982,찬성,2023-08-24
21,5K93695T,2123982,불참,2023-08-24
21,DPZ7685X,2123982,찬성,2023-08-24
21,6U243644,2123982,찬성,2023-08-24
21,E9R4507P,2123982,찬성,2023-08-24
21,UHB5553T,2123982,찬성,2023-08-24
21,KFS1358P,2123982,찬성,2023-08-24
21,J9S37905,2123982,찬성,2023-08-24
21,A494529E,2123982,불참,2023-08-24
21,VRY5522V,2123982,찬성,2023-08-24
21,0PK7354M,2123982,찬성,2023-08-24
21,O0I2045I,2123982,찬성,2023-08-24
21,CZB4125D,2123982,불참,2023-08-24
21,Z6R3959C,2123982,찬성,2023-08-24
21,QUM8288K,2123982,불참,2023-08-24
21,UGH6481E,2123982,찬성,2023-08-24
21,S824682L,2123982,찬성,2023-08-24
21,W4X85128,2123982,찬성,2023-08-24
21,Q9H5708M,2123982,불참,2023-08-24
21,JZY9937U,2123982,찬성,2023-08-24
21,MRK4871S,2123982,찬성,2023-08-24
21,2NV6751W,2123982,찬성,2023-08-24
21,BM63269Y,2123982,찬성,2023-08-24
21,M7O7878U,2123982,찬성,2023-08-24
21,YLS4431M,2123982,찬성,2023-08-24
21,MNZ4401T,2123982,찬성,2023-08-24
21,3ZR4438W,2123982,불참,2023-08-24
21,HSS7466Y,2123982,찬성,2023-08-24
21,16D7652C,2123982,찬성,2023-08-24
21,KB04377U,2123982,불참,2023-08-24
21,8VY63414,2123982,불참,2023-08-24
21,XR24352K,2123982,찬성,2023-08-24
21,QQP4727N,2123982,찬성,2023-08-24
21,JEZ3130Q,2123982,찬성,2023-08-24
21,BCQ55105,2123982,찬성,2023-08-24
21,GOC54665,2123982,불참,2023-08-24
21,5UN9725L,2123982,불참,2023-08-24
21,LJK4960Z,2123982,찬성,2023-08-24
21,K3W33496,2123982,찬성,2023-08-24
21,M2Q9024I,2123982,불참,2023-08-24
21,C7E79345,2123982,찬성,2023-08-24
21,4019850M,2123982,찬성,2023-08-24
21,UQ282145,2123982,불참,2023-08-24
21,9YO73104,2123982,찬성,2023-08-24
21,TRE2429O,2123982,찬성,2023-08-24
21,E6U4345C,2123982,불참,2023-08-24
21,7BM2933Y,2123982,찬성,2023-08-24
21,CDL93608,2123982,불참,2023-08-24
21,2UD1340H,2123982,찬성,2023-08-24
21,X7I4680R,2123982,불참,2023-08-24
21,EMC8812P,2123982,불참,2023-08-24
21,XJC13432,2123982,찬성,2023-08-24
21,XSP20229,2123982,찬성,2023-08-24
21,3RW63706,2123982,찬성,2023-08-24
21,RQQ3807K,2123982,찬성,2023-08-24
21,FH777496,2123982,찬성,2023-08-24
21,FYI20317,2123982,불참,2023-08-24
21,8X15119P,2123982,찬성,2023-08-24
21,ZYP7962W,2123982,기권,2023-08-24
21,3249208I,2123982,찬성,2023-08-24
21,GX38539O,2123982,찬성,2023-08-24
21,XEF29171,2123982,찬성,2023-08-24
21,WVU2479T,2123982,찬성,2023-08-24
21,9D939735,2123982,불참,2023-08-24
21,QTW6852F,2123982,찬성,2023-08-24
21,7XY7109I,2123982,불참,2023-08-24
21,TST4507I,2123982,찬성,2023-08-24
21,JC14718Q,2123982,찬성,2023-08-24
21,5KV82250,2123982,찬성,2023-08-24
21,L7J93733,2123982,찬성,2023-08-24
21,DAV7257X,2123982,찬성,2023-08-24
21,GE71932C,2123982,찬성,2023-08-24
21,6YT83269,2123982,찬성,2023-08-24
21,1MU99298,2123982,불참,2023-08-24
21,17M85910,2123982,불참,2023-08-24
21,G152611B,2123982,불참,2023-08-24
21,I7R13867,2123982,찬성,2023-08-24
21,SQ36001H,2123982,찬성,2023-08-24
21,G1570880,2123982,찬성,2023-08-24
21,9LD2641Q,2123982,찬성,2023-08-24
21,FOK3459D,2123982,찬성,2023-08-24
21,QUO78839,2123982,찬성,2023-08-24
21,BT62420K,2123982,찬성,2023-08-24
21,LPB30152,2123982,불참,2023-08-24
21,MD083627,2123982,찬성,2023-08-24
21,TZP9391O,2123982,불참,2023-08-24
21,6V37131U,2123982,찬성,2023-08-24
21,FJK3396E,2123982,찬성,2023-08-24
21,7O71647Z,2123982,찬성,2023-08-24
21,W1Q6753M,2123982,찬성,2023-08-24
21,E1J8836Y,2123982,찬성,2023-08-24
21,RD42006Y,2123982,불참,2023-08-24
21,6EN68926,2123982,찬성,2023-08-24
21,1BX7234U,2123982,찬성,2023-08-24
21,QHL3248U,2123982,불참,2023-08-24
21,TJW93720,2123982,찬성,2023-08-24
21,TZ228122,2123982,찬성,2023-08-24
21,9V18755A,2123982,찬성,2023-08-24
21,XA42275R,2123982,찬성,2023-08-24
21,PO64874I,2123982,불참,2023-08-24
21,LBC8144B,2123982,찬성,2023-08-24
21,VHK3402G,2123982,찬성,2023-08-24
21,F5U2979W,2126233,불참,2024-01-09
21,DWK26447,2126233,찬성,2024-01-09
21,NUB4941Z,2126233,찬성,2024-01-09
21,YTA7297R,2126233,찬성,2024-01-09
21,4X525582,2126233,불참,2024-01-09
21,G7512472,2126233,찬성,2024-01-09
21,3TO11703,2126233,찬성,2024-01-09
21,S741317G,2126233,찬성,2024-01-09
21,QD25323M,2126233,찬성,2024-01-09
21,JVB6983V,2126233,찬성,2024-01-09
21,DAY6557K,2126233,찬성,2024-01-09
21,P2N50879,2126233,찬성,2024-01-09
21,A0P4646G,2126233,찬성,2024-01-09
21,A2V51235,2126233,불참,2024-01-09
21,7I09543O,2126233,찬성,2024-01-09
21,3DK8989T,2126233,찬성,2024-01-09
21,OFE45081,2126233,찬성,2024-01-09
21,ZYH1940A,2126233,찬성,2024-01-09
21,M0A1658U,2126233,찬성,2024-01-09
21,HSW1214Q,2126233,찬성,2024-01-09
21,3BC6890E,2126233,찬성,2024-01-09
21,ZDR63255,2126233,찬성,2024-01-09
21,5765663F,2126233,찬성,2024-01-09
21,GFF1986K,2126233,찬성,2024-01-09
21,ZKU88693,2126233,찬성,2024-01-09
21,WJL30106,2126233,불참,2024-01-09
21,5KV96424,2126233,찬성,2024-01-09
21,M7T9712V,2126233,불참,2024-01-09
21,60490713,2126233,찬성,2024-01-09
21,UM51067K,2126233,찬성,2024-01-09
21,1WE5693J,2126233,찬성,2024-01-09
21,X3170462,2126233,불참,2024-01-09
21,8FB1535Y,2126233,찬성,2024-01-09
21,EH27538E,2126233,찬성,2024-01-09
21,WFU14784,2126233,불참,2024-01-09
21,SU53086M,2126233,찬성,2024-01-09
21,0WL9321T,2126233,찬성,2024-01-09
21,PZA4062H,2126233,찬성,2024-01-09
21,8348421R,2126233,찬성,2024-01-09
21,JQA21112,2126233,불참,2024-01-09
21,4L695580,2126233,찬성,2024-01-09
21,RPN2293B,2126233,찬성,2024-01-09
21,MQU41854,2126233,불참,2024-01-09
21,V429892C,2126233,찬성,2024-01-09
21,IN328264,2126233,불참,2024-01-09
21,XBT9550Q,2126233,찬성,2024-01-09
21,ZA54991S,2126233,찬성,2024-01-09
21,0827740Q,2126233,찬성,2024-01-09
21,0W194007,2126233,찬성,2024-01-09
21,WMG57662,2126233,찬성,2024-01-09
21,NCP9875N,2126233,찬성,2024-01-09
21,I5I2468R,2126233,찬성,2024-01-09
21,3425169D,2126233,찬성,2024-01-09
21,OIA3741M,2126233,찬성,2024-01-09
21,CT85313K,2126233,찬성,2024-01-09
21,BLC8630L,2126233,찬성,2024-01-09
21,NQR1206Q,2126233,찬성,2024-01-09
21,LG63087O,2126233,찬성,2024-01-09
21,VG24001G,2126233,찬성,2024-01-09
21,WCD5518S,2126233,찬성,2024-01-09
21,SVH3899R,2126233,찬성,2024-01-09
21,IOW8224X,2126233,찬성,2024-01-09
21,Y7K5946R,2126233,찬성,2024-01-09
21,KUO3574J,2126233,찬성,2024-01-09
21,D6U6678O,2126233,찬성,2024-01-09
21,S9U45255,2126233,찬성,2024-01-09
21,8FC9697X,2126233,찬성,2024-01-09
21,QKO6165V,2126233,불참,2024-01-09
21,GD131760,2126233,찬성,2024-01-09
21,ZRF3039U,2126233,찬성,2024-01-09
21,68P7228G,2126233,찬성,2024-01-09
21,P0F1530P,2126233,찬성,2024-01-09
21,XPP2564T,2126233,불참,2024-01-09
21,FRN1867O,2126233,찬성,2024-01-09
21,GAV6441G,2126233,찬성,2024-01-09
21,0YT3774N,2126233,찬성,2024-01-09
21,40S1959J,2126233,찬성,2024-01-09
21,IL74008M,2126233,찬성,2024-01-09
21,8KF7223D,2126233,불참,2024-01-09
21,8P37634C,2126233,찬성,2024-01-09
21,CNZ51556,2126233,찬성,2024-01-09
21,N4R2421C,2126233,찬성,2024-01-09
21,3C23171A,2126233,찬성,2024-01-09
21,P2N4585G,2126233,찬성,2024-01-09
21,JMY9959W,2126233,불참,2024-01-09
21,6AR6743G,2126233,불참,2024-01-09
21,VCP96419,2126233,찬성,2024-01-09
21,B7D7534L,2126233,찬성,2024-01-09
21,GX22581L,2126233,찬성,2024-01-09
21,SE233396,2126233,찬성,2024-01-09
21,AFH96856,2126233,불참,2024-01-09
21,52P3934K,2126233,찬성,2024-01-09
21,B7H6207C,2126233,찬성,2024-01-09
21,6399076T,2126233,찬성,2024-01-09
21,4U29186R,2126233,찬성,2024-01-09
21,F5Y4026Q,2126233,찬성,2024-01-09
21,WHV3448W,2126233,찬성,2024-01-09
21,6RD62559,2126233,찬성,2024-01-09
21,I0S53762,2126233,불참,2024-01-09
21,O6D8329R,2126233,찬성,2024-01-09
21,N9X9673B,2126233,불참,2024-01-09
21,5MD4184K,2126233,찬성,2024-01-09
21,5K93695T,2126233,찬성,2024-01-09
21,E9R4507P,2126233,기권,2024-01-09
21,UHB5553T,2126233,불참,2024-01-09
21,J9S37905,2126233,불참,2024-01-09
21,VRY5522V,2126233,찬성,2024-01-09
21,CAA7713A,2126233,찬성,2024-01-09
21,0PK7354M,2126233,찬성,2024-01-09
21,O0I2045I,2126233,찬성,2024-01-09
21,CZB4125D,2126233,불참,2024-01-09
21,Z6R3959C,2126233,불참,2024-01-09
21,UGH6481E,2126233,찬성,2024-01-09
21,JZY9937U,2126233,불참,2024-01-09
21,YKW37422,2126233,찬성,2024-01-09
21,2NV6751W,2126233,찬성,2024-01-09
21,BM63269Y,2126233,찬성,2024-01-09
21,3ZR4438W,2126233,찬성,2024-01-09
21,FU53642G,2126233,찬성,2024-01-09
21,8VY63414,2126233,찬성,2024-01-09
21,JEZ3130Q,2126233,찬성,2024-01-09
21,BCQ55105,2126233,불참,2024-01-09
21,5UN9725L,2126233,불참,2024-01-09
21,IUD9392R,2126233,불참,2024-01-09
21,M2Q9024I,2126233,불참,2024-01-09
21,DBA1057Z,2126233,불참,2024-01-09
21,UQ282145,2126233,불참,2024-01-09
21,TRE2429O,2126233,찬성,2024-01-09
21,7BM2933Y,2126233,찬성,2024-01-09
21,CDL93608,2126233,불참,2024-01-09
21,9VR65006,2126233,불참,2024-01-09
21,EMC8812P,2126233,찬성,2024-01-09
21,XJC13432,2126233,찬성,2024-01-09
21,T465023H,2126233,찬성,2024-01-09
21,3RW63706,2126233,찬성,2024-01-09
21,RQQ3807K,2126233,불참,2024-01-09
21,FH777496,2126233,찬성,2024-01-09
21,ZYP7962W,2126233,찬성,2024-01-09
21,CNW5754J,2126233,찬성,2024-01-09
21,3249208I,2126233,찬성,2024-01-09
21,GX38539O,2126233,찬성,2024-01-09
21,8Q88373R,2126233,불참,2024-01-09
21,XEF29171,2126233,찬성,2024-01-09
21,QTW6852F,2126233,찬성,2024-01-09
21,JC14718Q,2126233,찬성,2024-01-09
21,5KV82250,2126233,찬성,2024-01-09
21,LT72093S,2126233,불참,2024-01-09
21,FDC3144T,2126233,찬성,2024-01-09
21,G152611B,2126233,찬성,2024-01-09
21,I7R13867,2126233,불참,2024-01-09
21,SQ36001H,2126233,찬성,2024-01-09
21,9LD2641Q,2126233,찬성,2024-01-09
21,LPB30152,2126233,찬성,2024-01-09
21,MD083627,2126233,찬성,2024-01-09
21,OSV9142K,2126233,찬성,2024-01-09
21,B7R2742J,2126233,찬성,2024-01-09
21,ZDP5704Q,2126233,불참,2024-01-09
21,71J2365L,2126233,불참,2024-01-09
21,7O71647Z,2126233,찬성,2024-01-09
21,W1Q6753M,2126233,찬성,2024-01-09
21,E1J8836Y,2126233,찬성,2024-01-09
21,RD42006Y,2126233,불참,2024-01-09
21,6EN68926,2126233,찬성,2024-01-09
21,QHL3248U,2126233,찬성,2024-01-09
21,TJW93720,2126233,찬성,2024-01-09
21,9S151177,2126233,찬성,2024-01-09
21,9V18755A,2126233,불참,2024-01-09
21,XA42275R,2126233,찬성,2024-01-09
21,PO64874I,2126233,찬성,2024-01-09
21,VHK3402G,2126233,불참,2024-01-09
21,J2O8643H,2126233,찬성,2024-01-09
21,6AU2417B,2126233,찬성,2024-01-09
21,8VJ8533R,2126233,불참,2024-01-09
21,1Y73132H,2126233,찬성,2024-01-09
21,LH97552Q,2126233,찬성,2024-01-09
21,TKJ4800F,2126233,찬성,2024-01-09
21,04T3751T,2126233,찬성,2024-01-09
21,MSY7784L,2126233,찬성,2024-01-09
21,EVH1507C,2126233,찬성,2024-01-09
21,K5F2023J,2126233,찬성,2024-01-09
21,14M56632,2126233,찬성,2024-01-09
21,DPZ7685X,2126233,불참,2024-01-09
21,6U243644,2126233,찬성,2024-01-09
21,KFS1358P,2126233,찬성,2024-01-09
21,A494529E,2126233,불참,2024-01-09
21,QUM8288K,2126233,불참,2024-01-09
21,S824682L,2126233,찬성,2024-01-09
21,W4X85128,2126233,찬성,2024-01-09
21,Q9H5708M,2126233,찬성,2024-01-09
21,MRK4871S,2126233,찬성,2024-01-09
21,M7O7878U,2126233,찬성,2024-01-09
21,YLS4431M,2126233,찬성,2024-01-09
21,MNZ4401T,2126233,불참,2024-01-09
21,HSS7466Y,2126233,불참,2024-01-09
21,16D7652C,2126233,불참,2024-01-09
21,KB04377U,2126233,불참,2024-01-09
21,MLH1404S,2126233,불참,2024-01-09
21,XR24352K,2126233,찬성,2024-01-09
21,QQP4727N,2126233,불참,2024-01-09
21,9L57027L,2126233,찬성,2024-01-09
21,GOC54665,2126233,찬성,2024-01-09
21,LJK4960Z,2126233,찬성,2024-01-09
21,K3W33496,2126233,찬성,2024-01-09
21,NCO99988,2126233,찬성,2024-01-09
21,CI15627C,2126233,불참,2024-01-09
21,C7E79345,2126233,찬성,2024-01-09
21,4019850M,2126233,찬성,2024-01-09
21,9YO73104,2126233,찬성,2024-01-09
21,E6U4345C,2126233,찬성,2024-01-09
21,2UD1340H,2126233,불참,2024-01-09
21,X7I4680R,2126233,찬성,2024-01-09
21,XSP20229,2126233,찬성,2024-01-09
21,FYI20317,2126233,찬성,2024-01-09
21,8X15119P,2126233,불참,2024-01-09
21,WVU2479T,2126233,불참,2024-01-09
21,9D939735,2126233,찬성,2024-01-09
21,7XY7109I,2126233,찬성,2024-01-09
21,TST4507I,2126233,찬성,2024-01-09
21,L7J93733,2126233,찬성,2024-01-09
21,DAV7257X,2126233,찬성,2024-01-09
21,GE71932C,2126233,찬성,2024-01-09
21,6YT83269,2126233,불참,2024-01-09
21,1MU99298,2126233,불참,2024-01-09
21,17M85910,2126233,찬성,2024-01-09
21,G1570880,2126233,찬성,2024-01-09
21,FOK3459D,2126233,불참,2024-01-09
21,QUO78839,2126233,찬성,2024-01-09
21,BT62420K,2126233,찬성,2024-01-09
21,TZP9391O,2126233,찬성,2024-01-09
21,6V37131U,2126233,찬성,2024-01-09
21,FJK3396E,2126233,찬성,2024-01-09
21,1BX7234U,2126233,찬성,2024-01-09
21,TZ228122,2126233,찬성,2024-01-09
21,LBC8144B,2126233,찬성,2024-01-09
21,YOG1280B,2126233,찬성,2024-01-09
21,FIC9046Z,2126233,찬성,2024-01-09
21,KFM1081G,2126233,찬성,2024-01-09
21,F0I5053J,2126233,찬성,2024-01-09
21,MSO2590I,2126233,찬성,2024-01-09
21,NLR6572J,2126233,찬성,2024-01-09
21,L7T64271,2126233,찬성,2024-01-09
21,GKD32201,2126233,찬성,2024-01-09
21,CCU1009B,2126233,찬성,2024-01-09
21,MU69217P,2126233,찬성,2024-01-09
21,2N793392,2126233,찬성,2024-01-09
21,LM13674V,2126233,찬성,2024-01-09
21,GP07421U,2126233,찬성,2024-01-09
21,FGI27280,2126233,불참,2024-01-09
21,USR7059P,2126233,불참,2024-01-09
21,4XG1439M,2126233,찬성,2024-01-09
21,7469929V,2126233,불참,2024-01-09
21,D4L60530,2126233,찬성,2024-01-09
21,M6H1705E,2126233,찬성,2024-01-09
21,09I2323E,2126233,찬성,2024-01-09
21,NTT8182Q,2126233,찬성,2024-01-09
21,A3H7195R,2126233,찬성,2024-01-09
21,0VU8517U,2126233,불참,2024-01-09
21,NZF1659U,2126233,찬성,2024-01-09
21,WDS6044S,2126233,찬성,2024-01-09
21,KR14136C,2126233,찬성,2024-01-09
21,KNM3215T,2126233,불참,2024-01-09
21,HKJ99607,2126233,불참,2024-01-09
21,MY318392,2126233,불참,2024-01-09
21,4T026790,2126233,찬성,2024-01-09
21,MR210505,2126233,찬성,2024-01-09
21,GF286398,2126233,찬성,2024-01-09
21,H5476989,2126233,불참,2024-01-09
21,40E3739H,2126233,찬성,2024-01-09
21,6FS10566,2126233,찬성,2024-01-09
21,HXT76735,2126233,찬성,2024-01-09
21,0R68099X,2126233,찬성,2024-01-09
21,6RM29022,2126233,찬성,2024-01-09
21,2385336L,2126233,찬성,2024-01-09
21,MO52543L,2126233,찬성,2024-01-09
21,X1K3667J,2126233,찬성,2024-01-09
21,WTR5885Y,2126233,불참,2024-01-09
21,IOW1101J,2126233,찬성,2024-01-09
21,25I8709Q,2126233,찬성,2024-01-09
21,6MO8786S,2126233,찬성,2024-01-09
21,XWX1513T,2126233,찬성,2024-01-09
21,OW53107J,2126233,찬성,2024-01-09
21,PEP6922S,2126233,찬성,2024-01-09
21,DAN6731C,2126233,찬성,2024-01-09
21,L2I9861C,2126233,찬성,2024-01-09
21,9JF4562W,2126233,찬성,2024-01-09
21,Z7Y7827F,2126233,찬성,2024-01-09
21,ATB59635,2126233,찬성,2024-01-09
21,FU87526G,2126233,찬성,2024-01-09
21,8SV6917G,2126233,찬성,2024-01-09
21,V0O5343U,2126233,찬성,2024-01-09
21,LQW3652K,2126233,불참,2024-01-09
21,RO593601,2126233,불참,2024-01-09
21,PFG2137X,2126233,찬성,2024-01-09
21,UB114374,2126233,찬성,2024-01-09
21,7JC3239L,2126233,찬성,2024-01-09
21,GDG1847Z,2126233,찬성,2024-01-09
21,O7R5461J,2126233,찬성,2024-01-09
21,7R156073,2126233,찬성,2024-01-09
21,B7H6207C,2106651,불참,2021-11-11
21,4U29186R,2106651,불참,2021-11-11
21,F5Y4026Q,2106651,찬성,2021-11-11
21,I0S53762,2106651,불참,2021-11-11
21,EVH1507C,2106651,불참,2021-11-11
21,N9X9673B,2106651,불참,2021-11-11
21,6U243644,2106651,찬성,2021-11-11
21,E9R4507P,2106651,반대,2021-11-11
21,UHB5553T,2106651,찬성,2021-11-11
21,KFS1358P,2106651,찬성,2021-11-11
21,VRY5522V,2106651,찬성,2021-11-11
21,Q9H5708M,2106651,찬성,2021-11-11
21,2NV6751W,2106651,찬성,2021-11-11
21,BM63269Y,2106651,불참,2021-11-11
21,YLS4431M,2106651,불참,2021-11-11
21,3ZR4438W,2106651,불참,2021-11-11
21,16D7652C,2106651,기권,2021-11-11
21,XR24352K,2106651,찬성,2021-11-11
21,QQP4727N,2106651,찬성,2021-11-11
21,JEZ3130Q,2106651,불참,2021-11-11
21,GOC54665,2106651,찬성,2021-11-11
21,DBA1057Z,2106651,불참,2021-11-11
21,CI15627C,2106651,불참,2021-11-11
21,C7E79345,2106651,불참,2021-11-11
21,UQ282145,2106651,불참,2021-11-11
21,9YO73104,2106651,찬성,2021-11-11
21,TRE2429O,2106651,불참,2021-11-11
21,2UD1340H,2106651,불참,2021-11-11
21,9VR65006,2106651,불참,2021-11-11
21,X7I4680R,2106651,찬성,2021-11-11
21,D0C85236,2106651,불참,2021-11-11
21,XSP20229,2106651,찬성,2021-11-11
21,T465023H,2106651,찬성,2021-11-11
21,3RW63706,2106651,찬성,2021-11-11
21,8X15119P,2106651,불참,2021-11-11
21,9D939735,2106651,불참,2021-11-11
21,TST4507I,2106651,찬성,2021-11-11
21,JC14718Q,2106651,찬성,2021-11-11
21,5KV82250,2106651,기권,2021-11-11
21,LT72093S,2106651,찬성,2021-11-11
21,6YT83269,2106651,불참,2021-11-11
21,1MU99298,2106651,찬성,2021-11-11
21,FDC3144T,2106651,불참,2021-11-11
21,G152611B,2106651,찬성,2021-11-11
21,9LD2641Q,2106651,찬성,2021-11-11
21,FOK3459D,2106651,찬성,2021-11-11
21,QUO78839,2106651,찬성,2021-11-11
21,LPB30152,2106651,찬성,2021-11-11
21,6V37131U,2106651,찬성,2021-11-11
21,ZDP5704Q,2106651,기권,2021-11-11
21,MHK9919B,2106651,불참,2021-11-11
21,E1J8836Y,2106651,찬성,2021-11-11
21,6EN68926,2106651,찬성,2021-11-11
21,1BX7234U,2106651,불참,2021-11-11
21,QHL3248U,2106651,불참,2021-11-11
21,9S151177,2106651,불참,2021-11-11
21,TZ228122,2106651,찬성,2021-11-11
21,9V18755A,2106651,찬성,2021-11-11
21,XA42275R,2106651,불참,2021-11-11
21,PO64874I,2106651,찬성,2021-11-11
21,FIC9046Z,2106651,찬성,2021-11-11
21,GKD32201,2106651,찬성,2021-11-11
21,CCU1009B,2106651,찬성,2021-11-11
21,MU69217P,2106651,찬성,2021-11-11
21,2N793392,2106651,찬성,2021-11-11
21,QD25323M,2106651,찬성,2021-11-11
21,DAY6557K,2106651,찬성,2021-11-11
21,GP07421U,2106651,찬성,2021-11-11
21,USR7059P,2106651,불참,2021-11-11
21,A3H7195R,2106651,찬성,2021-11-11
21,ZYH1940A,2106651,찬성,2021-11-11
21,NZF1659U,2106651,불참,2021-11-11
21,WDS6044S,2106651,찬성,2021-11-11
21,3BC6890E,2106651,반대,2021-11-11
21,ZDR63255,2106651,찬성,2021-11-11
21,GFF1986K,2106651,찬성,2021-11-11
21,WJL30106,2106651,찬성,2021-11-11
21,5KV96424,2106651,찬성,2021-11-11
21,60490713,2106651,기권,2021-11-11
21,HKJ99607,2106651,찬성,2021-11-11
21,MY318392,2106651,찬성,2021-11-11
21,EH27538E,2106651,찬성,2021-11-11
21,WFU14784,2106651,찬성,2021-11-11
21,MR210505,2106651,불참,2021-11-11
21,GF286398,2106651,찬성,2021-11-11
21,JQA21112,2106651,기권,2021-11-11
21,4L695580,2106651,불참,2021-11-11
21,HXT76735,2106651,찬성,2021-11-11
21,RPN2293B,2106651,찬성,2021-11-11
21,V429892C,2106651,찬성,2021-11-11
21,4A067125,2106651,불참,2021-11-11
21,ZA54991S,2106651,찬성,2021-11-11
21,0827740Q,2106651,찬성,2021-11-11
21,X1K3667J,2106651,불참,2021-11-11
21,I5I2468R,2106651,찬성,2021-11-11
21,IOW1101J,2106651,찬성,2021-11-11
21,CT85313K,2106651,기권,2021-11-11
21,PAO22428,2106651,불참,2021-11-11
21,BLC8630L,2106651,불참,2021-11-11
21,VG24001G,2106651,찬성,2021-11-11
21,L2I9861C,2106651,불참,2021-11-11
21,WCD5518S,2106651,찬성,2021-11-11
21,I434361W,2106651,불참,2021-11-11
21,KUO3574J,2106651,찬성,2021-11-11
21,FU87526G,2106651,기권,2021-11-11
21,S9U45255,2106651,불참,2021-11-11
21,8FC9697X,2106651,불참,2021-11-11
21,QKO6165V,2106651,기권,2021-11-11
21,ZRF3039U,2106651,찬성,2021-11-11
21,V0O5343U,2106651,불참,2021-11-11
21,FRN1867O,2106651,찬성,2021-11-11
21,LQW3652K,2106651,반대,2021-11-11
21,RO593601,2106651,찬성,2021-11-11
21,UB114374,2106651,반대,2021-11-11
21,GAV6441G,2106651,찬성,2021-11-11
21,7JC3239L,2106651,불참,2021-11-11
21,CNZ51556,2106651,찬성,2021-11-11
21,GDG1847Z,2106651,불참,2021-11-11
21,O7R5461J,2106651,찬성,2021-11-11
21,JMY9959W,2106651,찬성,2021-11-11
21,J2O8643H,2106651,찬성,2021-11-11
21,6AU2417B,2106651,불참,2021-11-11
21,8VJ8533R,2106651,찬성,2021-11-11
21,SE233396,2106651,찬성,2021-11-11
21,JNL7001A,2106651,불참,2021-11-11
21,L7T64271,2106651,찬성,2021-11-11
21,4X525582,2106651,찬성,2021-11-11
21,G7512472,2106651,불참,2021-11-11
21,3TO11703,2106651,찬성,2021-11-11
21,S741317G,2106651,불참,2021-11-11
21,66W6739S,2106651,불참,2021-11-11
21,LM13674V,2106651,불참,2021-11-11
21,FGI27280,2106651,불참,2021-11-11
21,4XG1439M,2106651,찬성,2021-11-11
21,P2N50879,2106651,찬성,2021-11-11
21,A0P4646G,2106651,불참,2021-11-11
21,A2V51235,2106651,찬성,2021-11-11
21,7I09543O,2106651,찬성,2021-11-11
21,1X376850,2106651,반대,2021-11-11
21,3DK8989T,2106651,찬성,2021-11-11
21,7469929V,2106651,찬성,2021-11-11
21,D4L60530,2106651,찬성,2021-11-11
21,M6H1705E,2106651,불참,2021-11-11
21,OFE45081,2106651,찬성,2021-11-11
21,09I2323E,2106651,불참,2021-11-11
21,NTT8182Q,2106651,찬성,2021-11-11
21,0VU8517U,2106651,불참,2021-11-11
21,M0A1658U,2106651,찬성,2021-11-11
21,HSW1214Q,2106651,찬성,2021-11-11
21,KR14136C,2106651,찬성,2021-11-11
21,SRP7336N,2106651,찬성,2021-11-11
21,5765663F,2106651,찬성,2021-11-11
21,ZKU88693,2106651,찬성,2021-11-11
21,KNM3215T,2106651,찬성,2021-11-11
21,M7T9712V,2106651,불참,2021-11-11
21,UM51067K,2106651,찬성,2021-11-11
21,1WE5693J,2106651,불참,2021-11-11
21,X3170462,2106651,불참,2021-11-11
21,8FB1535Y,2106651,찬성,2021-11-11
21,4T026790,2106651,찬성,2021-11-11
21,SU53086M,2106651,불참,2021-11-11
21,0WL9321T,2106651,찬성,2021-11-11
21,PZA4062H,2106651,찬성,2021-11-11
21,8348421R,2106651,찬성,2021-11-11
21,H5476989,2106651,찬성,2021-11-11
21,40E3739H,2106651,찬성,2021-11-11
21,0R68099X,2106651,찬성,2021-11-11
21,2385336L,2106651,찬성,2021-11-11
21,IN328264,2106651,찬성,2021-11-11
21,XBT9550Q,2106651,불참,2021-11-11
21,MO52543L,2106651,찬성,2021-11-11
21,0W194007,2106651,불참,2021-11-11
21,WMG57662,2106651,찬성,2021-11-11
21,NCP9875N,2106651,찬성,2021-11-11
21,WTR5885Y,2106651,불참,2021-11-11
21,L5P27909,2106651,불참,2021-11-11
21,3425169D,2106651,찬성,2021-11-11
21,ICH23251,2106651,찬성,2021-11-11
21,25I8709Q,2106651,찬성,2021-11-11
21,OIA3741M,2106651,찬성,2021-11-11
21,6MO8786S,2106651,기권,2021-11-11
21,XWX1513T,2106651,불참,2021-11-11
21,NQR1206Q,2106651,찬성,2021-11-11
21,LG63087O,2106651,불참,2021-11-11
21,NAL4555X,2106651,불참,2021-11-11
21,OW53107J,2106651,불참,2021-11-11
21,PEP6922S,2106651,찬성,2021-11-11
21,DAN6731C,2106651,기권,2021-11-11
21,SVH3899R,2106651,찬성,2021-11-11
21,IOW8224X,2106651,찬성,2021-11-11
21,9JF4562W,2106651,찬성,2021-11-11
21,Y7K5946R,2106651,찬성,2021-11-11
21,Z7Y7827F,2106651,찬성,2021-11-11
21,ATB59635,2106651,찬성,2021-11-11
21,SBK1544B,2106651,불참,2021-11-11
21,D6U6678O,2106651,찬성,2021-11-11
21,8SV6917G,2106651,불참,2021-11-11
21,GD131760,2106651,불참,2021-11-11
21,68P7228G,2106651,찬성,2021-11-11
21,P0F1530P,2106651,불참,2021-11-11
21,XPP2564T,2106651,불참,2021-11-11
21,PFG2137X,2106651,찬성,2021-11-11
21,0YT3774N,2106651,불참,2021-11-11
21,40S1959J,2106651,불참,2021-11-11
21,IL74008M,2106651,불참,2021-11-11
21,8KF7223D,2106651,찬성,2021-11-11
21,8P37634C,2106651,불참,2021-11-11
21,N4R2421C,2106651,불참,2021-11-11
21,3C23171A,2106651,찬성,2021-11-11
21,P2N4585G,2106651,찬성,2021-11-11
21,TVF3669B,2106651,불참,2021-11-11
21,7R156073,2106651,불참,2021-11-11
21,6AR6743G,2106651,찬성,2021-11-11
21,VCP96419,2106651,찬성,2021-11-11
21,B7D7534L,2106651,찬성,2021-11-11
21,GX22581L,2106651,불참,2021-11-11
21,AFH96856,2106651,찬성,2021-11-11
21,52P3934K,2106651,불참,2021-11-11
21,6399076T,2106651,찬성,2021-11-11
21,WHV3448W,2106651,찬성,2021-11-11
21,1Y73132H,2106651,찬성,2021-11-11
21,LH97552Q,2106651,찬성,2021-11-11
21,TKJ4800F,2106651,찬성,2021-11-11
21,O6D8329R,2106651,찬성,2021-11-11
21,04T3751T,2106651,불참,2021-11-11
21,MSY7784L,2106651,불참,2021-11-11
21,K5F2023J,2106651,불참,2021-11-11
21,14M56632,2106651,불참,2021-11-11
21,5MD4184K,2106651,찬성,2021-11-11
21,5K93695T,2106651,찬성,2021-11-11
21,DPZ7685X,2106651,기권,2021-11-11
21,J9S37905,2106651,기권,2021-11-11
21,A494529E,2106651,찬성,2021-11-11
21,CAA7713A,2106651,찬성,2021-11-11
21,0PK7354M,2106651,찬성,2021-11-11
21,O0I2045I,2106651,찬성,2021-11-11
21,CZB4125D,2106651,불참,2021-11-11
21,Z6R3959C,2106651,불참,2021-11-11
21,QUM8288K,2106651,불참,2021-11-11
21,UGH6481E,2106651,찬성,2021-11-11
21,S824682L,2106651,찬성,2021-11-11
21,W4X85128,2106651,기권,2021-11-11
21,CFE3998F,2106651,불참,2021-11-11
21,JZY9937U,2106651,찬성,2021-11-11
21,MRK4871S,2106651,불참,2021-11-11
21,YKW37422,2106651,불참,2021-11-11
21,M7O7878U,2106651,찬성,2021-11-11
21,MNZ4401T,2106651,불참,2021-11-11
21,HSS7466Y,2106651,기권,2021-11-11
21,KB04377U,2106651,찬성,2021-11-11
21,FU53642G,2106651,찬성,2021-11-11
21,MLH1404S,2106651,불참,2021-11-11
21,8VY63414,2106651,기권,2021-11-11
21,BCQ55105,2106651,불참,2021-11-11
21,9L57027L,2106651,반대,2021-11-11
21,5UN9725L,2106651,불참,2021-11-11
21,LJK4960Z,2106651,불참,2021-11-11
21,K3W33496,2106651,찬성,2021-11-11
21,M2Q9024I,2106651,찬성,2021-11-11
21,21N57758,2106651,불참,2021-11-11
21,4019850M,2106651,불참,2021-11-11
21,E6U4345C,2106651,찬성,2021-11-11
21,7BM2933Y,2106651,불참,2021-11-11
21,CDL93608,2106651,기권,2021-11-11
21,EMC8812P,2106651,기권,2021-11-11
21,XJC13432,2106651,찬성,2021-11-11
21,RQQ3807K,2106651,찬성,2021-11-11
21,FH777496,2106651,찬성,2021-11-11
21,FYI20317,2106651,찬성,2021-11-11
21,ZYP7962W,2106651,불참,2021-11-11
21,CNW5754J,2106651,찬성,2021-11-11
21,3249208I,2106651,찬성,2021-11-11
21,GX38539O,2106651,찬성,2021-11-11
21,8Q88373R,2106651,불참,2021-11-11
21,XEF29171,2106651,찬성,2021-11-11
21,WVU2479T,2106651,불참,2021-11-11
21,QTW6852F,2106651,불참,2021-11-11
21,7XY7109I,2106651,불참,2021-11-11
21,L7J93733,2106651,찬성,2021-11-11
21,DAV7257X,2106651,찬성,2021-11-11
21,GE71932C,2106651,찬성,2021-11-11
21,17M85910,2106651,찬성,2021-11-11
21,I7R13867,2106651,불참,2021-11-11
21,SQ36001H,2106651,찬성,2021-11-11
21,G1570880,2106651,찬성,2021-11-11
21,BT62420K,2106651,찬성,2021-11-11
21,MD083627,2106651,찬성,2021-11-11
21,TZP9391O,2106651,찬성,2021-11-11
21,OSV9142K,2106651,찬성,2021-11-11
21,B7R2742J,2106651,찬성,2021-11-11
21,FJK3396E,2106651,찬성,2021-11-11
21,71J2365L,2106651,불참,2021-11-11
21,7O71647Z,2106651,찬성,2021-11-11
21,W1Q6753M,2106651,찬성,2021-11-11
21,RD42006Y,2106651,불참,2021-11-11
21,TJW93720,2106651,찬성,2021-11-11
21,FIC9046Z,2113793,기권,2021-12-09
21,JNL7001A,2113793,찬성,2021-12-09
21,GKD32201,2113793,찬성,2021-12-09
21,G7512472,2113793,찬성,2021-12-09
21,3TO11703,2113793,찬성,2021-12-09
21,S741317G,2113793,불참,2021-12-09
21,CCU1009B,2113793,찬성,2021-12-09
21,MU69217P,2113793,찬성,2021-12-09
21,2N793392,2113793,찬성,2021-12-09
21,66W6739S,2113793,찬성,2021-12-09
21,QD25323M,2113793,기권,2021-12-09
21,DAY6557K,2113793,찬성,2021-12-09
21,GP07421U,2113793,불참,2021-12-09
21,FGI27280,2113793,찬성,2021-12-09
21,USR7059P,2113793,기권,2021-12-09
21,4XG1439M,2113793,찬성,2021-12-09
21,7I09543O,2113793,찬성,2021-12-09
21,7469929V,2113793,불참,2021-12-09
21,A3H7195R,2113793,찬성,2021-12-09
21,ZYH1940A,2113793,불참,2021-12-09
21,M0A1658U,2113793,찬성,2021-12-09
21,NZF1659U,2113793,불참,2021-12-09
21,WDS6044S,2113793,찬성,2021-12-09
21,3BC6890E,2113793,불참,2021-12-09
21,ZDR63255,2113793,찬성,2021-12-09
21,KR14136C,2113793,찬성,2021-12-09
21,SRP7336N,2113793,불참,2021-12-09
21,GFF1986K,2113793,찬성,2021-12-09
21,WJL30106,2113793,불참,2021-12-09
21,5KV96424,2113793,찬성,2021-12-09
21,60490713,2113793,찬성,2021-12-09
21,HKJ99607,2113793,찬성,2021-12-09
21,MY318392,2113793,찬성,2021-12-09
21,4T026790,2113793,찬성,2021-12-09
21,EH27538E,2113793,불참,2021-12-09
21,WFU14784,2113793,찬성,2021-12-09
21,SU53086M,2113793,불참,2021-12-09
21,PZA4062H,2113793,찬성,2021-12-09
21,MR210505,2113793,불참,2021-12-09
21,GF286398,2113793,찬성,2021-12-09
21,JQA21112,2113793,기권,2021-12-09
21,4L695580,2113793,불참,2021-12-09
21,HXT76735,2113793,찬성,2021-12-09
21,RPN2293B,2113793,찬성,2021-12-09
21,0R68099X,2113793,찬성,2021-12-09
21,V429892C,2113793,불참,2021-12-09
21,4A067125,2113793,찬성,2021-12-09
21,XBT9550Q,2113793,찬성,2021-12-09
21,MO52543L,2113793,찬성,2021-12-09
21,0827740Q,2113793,찬성,2021-12-09
21,0W194007,2113793,찬성,2021-12-09
21,X1K3667J,2113793,찬성,2021-12-09
21,I5I2468R,2113793,찬성,2021-12-09
21,L5P27909,2113793,불참,2021-12-09
21,IOW1101J,2113793,불참,2021-12-09
21,ICH23251,2113793,기권,2021-12-09
21,25I8709Q,2113793,찬성,2021-12-09
21,6MO8786S,2113793,찬성,2021-12-09
21,XWX1513T,2113793,찬성,2021-12-09
21,CT85313K,2113793,찬성,2021-12-09
21,PAO22428,2113793,불참,2021-12-09
21,BLC8630L,2113793,찬성,2021-12-09
21,NQR1206Q,2113793,불참,2021-12-09
21,LG63087O,2113793,찬성,2021-12-09
21,PEP6922S,2113793,불참,2021-12-09
21,VG24001G,2113793,찬성,2021-12-09
21,L2I9861C,2113793,찬성,2021-12-09
21,WCD5518S,2113793,기권,2021-12-09
21,SVH3899R,2113793,불참,2021-12-09
21,I434361W,2113793,찬성,2021-12-09
21,9JF4562W,2113793,찬성,2021-12-09
21,Y7K5946R,2113793,불참,2021-12-09
21,Z7Y7827F,2113793,찬성,2021-12-09
21,KUO3574J,2113793,찬성,2021-12-09
21,D6U6678O,2113793,불참,2021-12-09
21,FU87526G,2113793,불참,2021-12-09
21,S9U45255,2113793,찬성,2021-12-09
21,8FC9697X,2113793,찬성,2021-12-09
21,GD131760,2113793,찬성,2021-12-09
21,ZRF3039U,2113793,찬성,2021-12-09
21,V0O5343U,2113793,찬성,2021-12-09
21,P0F1530P,2113793,불참,2021-12-09
21,FRN1867O,2113793,찬성,2021-12-09
21,LQW3652K,2113793,찬성,2021-12-09
21,RO593601,2113793,찬성,2021-12-09
21,PFG2137X,2113793,찬성,2021-12-09
21,UB114374,2113793,찬성,2021-12-09
21,GAV6441G,2113793,찬성,2021-12-09
21,7JC3239L,2113793,찬성,2021-12-09
21,8P37634C,2113793,찬성,2021-12-09
21,CNZ51556,2113793,기권,2021-12-09
21,GDG1847Z,2113793,불참,2021-12-09
21,O7R5461J,2113793,찬성,2021-12-09
21,JMY9959W,2113793,찬성,2021-12-09
21,6AR6743G,2113793,찬성,2021-12-09
21,J2O8643H,2113793,찬성,2021-12-09
21,6AU2417B,2113793,불참,2021-12-09
21,8VJ8533R,2113793,기권,2021-12-09
21,B7D7534L,2113793,찬성,2021-12-09
21,SE233396,2113793,찬성,2021-12-09
21,B7H6207C,2113793,찬성,2021-12-09
21,4U29186R,2113793,찬성,2021-12-09
21,F5Y4026Q,2113793,찬성,2021-12-09
21,1Y73132H,2113793,불참,2021-12-09
21,I0S53762,2113793,찬성,2021-12-09
21,LH97552Q,2113793,찬성,2021-12-09
21,O6D8329R,2113793,불참,2021-12-09
21,EVH1507C,2113793,찬성,2021-12-09
21,N9X9673B,2113793,찬성,2021-12-09
21,5MD4184K,2113793,찬성,2021-12-09
21,5K93695T,2113793,불참,2021-12-09
21,6U243644,2113793,찬성,2021-12-09
21,E9R4507P,2113793,불참,2021-12-09
21,UHB5553T,2113793,찬성,2021-12-09
21,KFS1358P,2113793,기권,2021-12-09
21,J9S37905,2113793,찬성,2021-12-09
21,A494529E,2113793,찬성,2021-12-09
21,VRY5522V,2113793,찬성,2021-12-09
21,CAA7713A,2113793,찬성,2021-12-09
21,Z6R3959C,2113793,찬성,2021-12-09
21,W4X85128,2113793,불참,2021-12-09
21,Q9H5708M,2113793,찬성,2021-12-09
21,CFE3998F,2113793,불참,2021-12-09
21,MRK4871S,2113793,찬성,2021-12-09
21,YKW37422,2113793,불참,2021-12-09
21,2NV6751W,2113793,찬성,2021-12-09
21,BM63269Y,2113793,불참,2021-12-09
21,M7O7878U,2113793,찬성,2021-12-09
21,YLS4431M,2113793,불참,2021-12-09
21,MNZ4401T,2113793,불참,2021-12-09
21,3ZR4438W,2113793,불참,2021-12-09
21,16D7652C,2113793,찬성,2021-12-09
21,MLH1404S,2113793,불참,2021-12-09
21,8VY63414,2113793,찬성,2021-12-09
21,XR24352K,2113793,찬성,2021-12-09
21,BCQ55105,2113793,찬성,2021-12-09
21,GOC54665,2113793,찬성,2021-12-09
21,5UN9725L,2113793,불참,2021-12-09
21,M2Q9024I,2113793,찬성,2021-12-09
21,DBA1057Z,2113793,불참,2021-12-09
21,CI15627C,2113793,불참,2021-12-09
21,C7E79345,2113793,불참,2021-12-09
21,4019850M,2113793,불참,2021-12-09
21,UQ282145,2113793,불참,2021-12-09
21,9YO73104,2113793,불참,2021-12-09
21,TRE2429O,2113793,찬성,2021-12-09
21,E6U4345C,2113793,찬성,2021-12-09
21,7BM2933Y,2113793,찬성,2021-12-09
21,2UD1340H,2113793,찬성,2021-12-09
21,9VR65006,2113793,불참,2021-12-09
21,X7I4680R,2113793,찬성,2021-12-09
21,XJC13432,2113793,불참,2021-12-09
21,D0C85236,2113793,찬성,2021-12-09
21,XSP20229,2113793,찬성,2021-12-09
21,T465023H,2113793,찬성,2021-12-09
21,3RW63706,2113793,찬성,2021-12-09
21,FH777496,2113793,찬성,2021-12-09
21,8X15119P,2113793,불참,2021-12-09
21,CNW5754J,2113793,불참,2021-12-09
21,GX38539O,2113793,찬성,2021-12-09
21,9D939735,2113793,찬성,2021-12-09
21,QTW6852F,2113793,찬성,2021-12-09
21,TST4507I,2113793,찬성,2021-12-09
21,JC14718Q,2113793,찬성,2021-12-09
21,5KV82250,2113793,기권,2021-12-09
21,LT72093S,2113793,찬성,2021-12-09
21,GE71932C,2113793,찬성,2021-12-09
21,6YT83269,2113793,불참,2021-12-09
21,1MU99298,2113793,찬성,2021-12-09
21,FDC3144T,2113793,찬성,2021-12-09
21,17M85910,2113793,찬성,2021-12-09
21,G152611B,2113793,찬성,2021-12-09
21,I7R13867,2113793,찬성,2021-12-09
21,G1570880,2113793,찬성,2021-12-09
21,9LD2641Q,2113793,찬성,2021-12-09
21,FOK3459D,2113793,찬성,2021-12-09
21,QUO78839,2113793,찬성,2021-12-09
21,LPB30152,2113793,찬성,2021-12-09
21,MD083627,2113793,찬성,2021-12-09
21,6V37131U,2113793,찬성,2021-12-09
21,ZDP5704Q,2113793,찬성,2021-12-09
21,71J2365L,2113793,찬성,2021-12-09
21,E1J8836Y,2113793,불참,2021-12-09
21,RD42006Y,2113793,불참,2021-12-09
21,6EN68926,2113793,불참,2021-12-09
21,1BX7234U,2113793,찬성,2021-12-09
21,QHL3248U,2113793,찬성,2021-12-09
21,TJW93720,2113793,찬성,2021-12-09
21,9S151177,2113793,불참,2021-12-09
21,TZ228122,2113793,기권,2021-12-09
21,9V18755A,2113793,찬성,2021-12-09
21,XA42275R,2113793,불참,2021-12-09
21,PO64874I,2113793,불참,2021-12-09
21,14M56632,2113793,불참,2021-12-09
21,DPZ7685X,2113793,불참,2021-12-09
21,0PK7354M,2113793,찬성,2021-12-09
21,O0I2045I,2113793,찬성,2021-12-09
21,CZB4125D,2113793,찬성,2021-12-09
21,QUM8288K,2113793,불참,2021-12-09
21,UGH6481E,2113793,불참,2021-12-09
21,S824682L,2113793,찬성,2021-12-09
21,JZY9937U,2113793,찬성,2021-12-09
21,HSS7466Y,2113793,찬성,2021-12-09
21,KB04377U,2113793,기권,2021-12-09
21,FU53642G,2113793,찬성,2021-12-09
21,QQP4727N,2113793,찬성,2021-12-09
21,JEZ3130Q,2113793,찬성,2021-12-09
21,9L57027L,2113793,불참,2021-12-09
21,LJK4960Z,2113793,찬성,2021-12-09
21,K3W33496,2113793,찬성,2021-12-09
21,21N57758,2113793,찬성,2021-12-09
21,CDL93608,2113793,찬성,2021-12-09
21,EMC8812P,2113793,기권,2021-12-09
21,RQQ3807K,2113793,찬성,2021-12-09
21,FYI20317,2113793,찬성,2021-12-09
21,ZYP7962W,2113793,불참,2021-12-09
21,3249208I,2113793,찬성,2021-12-09
21,8Q88373R,2113793,찬성,2021-12-09
21,XEF29171,2113793,찬성,2021-12-09
21,WVU2479T,2113793,불참,2021-12-09
21,7XY7109I,2113793,불참,2021-12-09
21,L7J93733,2113793,찬성,2021-12-09
21,DAV7257X,2113793,찬성,2021-12-09
21,SQ36001H,2113793,찬성,2021-12-09
21,BT62420K,2113793,찬성,2021-12-09
21,TZP9391O,2113793,찬성,2021-12-09
21,OSV9142K,2113793,불참,2021-12-09
21,B7R2742J,2113793,찬성,2021-12-09
21,FJK3396E,2113793,찬성,2021-12-09
21,7O71647Z,2113793,찬성,2021-12-09
21,W1Q6753M,2113793,찬성,2021-12-09
21,L7T64271,2113793,찬성,2021-12-09
21,4X525582,2113793,불참,2021-12-09
21,LM13674V,2113793,찬성,2021-12-09
21,P2N50879,2113793,반대,2021-12-09
21,A0P4646G,2113793,찬성,2021-12-09
21,A2V51235,2113793,찬성,2021-12-09
21,1X376850,2113793,찬성,2021-12-09
21,3DK8989T,2113793,불참,2021-12-09
21,D4L60530,2113793,찬성,2021-12-09
21,M6H1705E,2113793,찬성,2021-12-09
21,OFE45081,2113793,찬성,2021-12-09
21,09I2323E,2113793,찬성,2021-12-09
21,NTT8182Q,2113793,찬성,2021-12-09
21,0VU8517U,2113793,불참,2021-12-09
21,HSW1214Q,2113793,찬성,2021-12-09
21,5765663F,2113793,찬성,2021-12-09
21,ZKU88693,2113793,찬성,2021-12-09
21,KNM3215T,2113793,찬성,2021-12-09
21,M7T9712V,2113793,불참,2021-12-09
21,UM51067K,2113793,찬성,2021-12-09
21,1WE5693J,2113793,찬성,2021-12-09
21,X3170462,2113793,찬성,2021-12-09
21,8FB1535Y,2113793,찬성,2021-12-09
21,0WL9321T,2113793,찬성,2021-12-09
21,8348421R,2113793,기권,2021-12-09
21,H5476989,2113793,찬성,2021-12-09
21,40E3739H,2113793,찬성,2021-12-09
21,2385336L,2113793,찬성,2021-12-09
21,IN328264,2113793,찬성,2021-12-09
21,ZA54991S,2113793,찬성,2021-12-09
21,WMG57662,2113793,찬성,2021-12-09
21,NCP9875N,2113793,찬성,2021-12-09
21,WTR5885Y,2113793,찬성,2021-12-09
21,3425169D,2113793,찬성,2021-12-09
21,OIA3741M,2113793,찬성,2021-12-09
21,NAL4555X,2113793,불참,2021-12-09
21,OW53107J,2113793,찬성,2021-12-09
21,DAN6731C,2113793,찬성,2021-12-09
21,IOW8224X,2113793,찬성,2021-12-09
21,ATB59635,2113793,찬성,2021-12-09
21,SBK1544B,2113793,불참,2021-12-09
21,8SV6917G,2113793,불참,2021-12-09
21,QKO6165V,2113793,찬성,2021-12-09
21,68P7228G,2113793,찬성,2021-12-09
21,XPP2564T,2113793,불참,2021-12-09
21,0YT3774N,2113793,찬성,2021-12-09
21,40S1959J,2113793,찬성,2021-12-09
21,IL74008M,2113793,찬성,2021-12-09
21,8KF7223D,2113793,찬성,2021-12-09
21,N4R2421C,2113793,불참,2021-12-09
21,3C23171A,2113793,불참,2021-12-09
21,P2N4585G,2113793,찬성,2021-12-09
21,TVF3669B,2113793,불참,2021-12-09
21,7R156073,2113793,불참,2021-12-09
21,VCP96419,2113793,찬성,2021-12-09
21,GX22581L,2113793,찬성,2021-12-09
21,AFH96856,2113793,찬성,2021-12-09
21,52P3934K,2113793,찬성,2021-12-09
21,6399076T,2113793,찬성,2021-12-09
21,WHV3448W,2113793,찬성,2021-12-09
21,TKJ4800F,2113793,찬성,2021-12-09
21,04T3751T,2113793,찬성,2021-12-09
21,MSY7784L,2113793,불참,2021-12-09
21,K5F2023J,2113793,불참,2021-12-09
21,LJK4960Z,2111152,찬성,2021-06-29
21,DBA1057Z,2111152,찬성,2021-06-29
21,CI15627C,2111152,불참,2021-06-29
21,4019850M,2111152,찬성,2021-06-29
21,2UD1340H,2111152,찬성,2021-06-29
21,X7I4680R,2111152,찬성,2021-06-29
21,T465023H,2111152,찬성,2021-06-29
21,7XY7109I,2111152,불참,2021-06-29
21,TST4507I,2111152,불참,2021-06-29
21,JC14718Q,2111152,찬성,2021-06-29
21,5KV82250,2111152,찬성,2021-06-29
21,LT72093S,2111152,찬성,2021-06-29
21,1MU99298,2111152,찬성,2021-06-29
21,FDC3144T,2111152,찬성,2021-06-29
21,17M85910,2111152,찬성,2021-06-29
21,9LD2641Q,2111152,찬성,2021-06-29
21,QUO78839,2111152,불참,2021-06-29
21,BT62420K,2111152,찬성,2021-06-29
21,6V37131U,2111152,찬성,2021-06-29
21,1BX7234U,2111152,찬성,2021-06-29
21,QHL3248U,2111152,찬성,2021-06-29
21,9V18755A,2111152,찬성,2021-06-29
21,XA42275R,2111152,찬성,2021-06-29
21,FIC9046Z,2111152,불참,2021-06-29
21,GKD32201,2111152,찬성,2021-06-29
21,2N793392,2111152,찬성,2021-06-29
21,QD25323M,2111152,찬성,2021-06-29
21,DAY6557K,2111152,찬성,2021-06-29
21,A0P4646G,2111152,불참,2021-06-29
21,7I09543O,2111152,불참,2021-06-29
21,3DK8989T,2111152,찬성,2021-06-29
21,7469929V,2111152,찬성,2021-06-29
21,09I2323E,2111152,불참,2021-06-29
21,A3H7195R,2111152,찬성,2021-06-29
21,HSW1214Q,2111152,찬성,2021-06-29
21,ZDR63255,2111152,찬성,2021-06-29
21,5765663F,2111152,찬성,2021-06-29
21,GFF1986K,2111152,찬성,2021-06-29
21,WJL30106,2111152,불참,2021-06-29
21,KNM3215T,2111152,찬성,2021-06-29
21,M7T9712V,2111152,찬성,2021-06-29
21,1WE5693J,2111152,불참,2021-06-29
21,X3170462,2111152,찬성,2021-06-29
21,MY318392,2111152,불참,2021-06-29
21,4T026790,2111152,찬성,2021-06-29
21,WFU14784,2111152,찬성,2021-06-29
21,8348421R,2111152,불참,2021-06-29
21,JQA21112,2111152,찬성,2021-06-29
21,4L695580,2111152,찬성,2021-06-29
21,40E3739H,2111152,찬성,2021-06-29
21,RPN2293B,2111152,찬성,2021-06-29
21,V429892C,2111152,불참,2021-06-29
21,ZA54991S,2111152,찬성,2021-06-29
21,25I8709Q,2111152,찬성,2021-06-29
21,CT85313K,2111152,찬성,2021-06-29
21,PAO22428,2111152,불참,2021-06-29
21,BLC8630L,2111152,불참,2021-06-29
21,WCD5518S,2111152,찬성,2021-06-29
21,S9U45255,2111152,불참,2021-06-29
21,V0O5343U,2111152,불참,2021-06-29
21,P0F1530P,2111152,불참,2021-06-29
21,FRN1867O,2111152,찬성,2021-06-29
21,CNZ51556,2111152,찬성,2021-06-29
21,N4R2421C,2111152,불참,2021-06-29
21,GDG1847Z,2111152,불참,2021-06-29
21,O7R5461J,2111152,찬성,2021-06-29
21,VCP96419,2111152,찬성,2021-06-29
21,52P3934K,2111152,불참,2021-06-29
21,6399076T,2111152,불참,2021-06-29
21,4U29186R,2111152,불참,2021-06-29
21,F5Y4026Q,2111152,찬성,2021-06-29
21,N9X9673B,2111152,불참,2021-06-29
21,TP066860,2111152,찬성,2021-06-29
21,E9R4507P,2111152,찬성,2021-06-29
21,KFS1358P,2111152,찬성,2021-06-29
21,CAA7713A,2111152,찬성,2021-06-29
21,Z6R3959C,2111152,불참,2021-06-29
21,Q9H5708M,2111152,찬성,2021-06-29
21,MRK4871S,2111152,불참,2021-06-29
21,2NV6751W,2111152,찬성,2021-06-29
21,BM63269Y,2111152,불참,2021-06-29
21,8VY63414,2111152,찬성,2021-06-29
21,XR24352K,2111152,찬성,2021-06-29
21,QQP4727N,2111152,불참,2021-06-29
21,IUL4848V,2111152,찬성,2021-06-29
21,JEZ3130Q,2111152,불참,2021-06-29
21,9L57027L,2111152,찬성,2021-06-29
21,JNL7001A,2111152,찬성,2021-06-29
21,L7T64271,2111152,찬성,2021-06-29
21,4X525582,2111152,불참,2021-06-29
21,G7512472,2111152,찬성,2021-06-29
21,3TO11703,2111152,찬성,2021-06-29
21,S741317G,2111152,기권,2021-06-29
21,CCU1009B,2111152,불참,2021-06-29
21,MU69217P,2111152,불참,2021-06-29
21,66W6739S,2111152,찬성,2021-06-29
21,LM13674V,2111152,불참,2021-06-29
21,GP07421U,2111152,찬성,2021-06-29
21,FGI27280,2111152,찬성,2021-06-29
21,USR7059P,2111152,찬성,2021-06-29
21,4XG1439M,2111152,찬성,2021-06-29
21,P2N50879,2111152,찬성,2021-06-29
21,A2V51235,2111152,찬성,2021-06-29
21,1X376850,2111152,찬성,2021-06-29
21,D4L60530,2111152,찬성,2021-06-29
21,M6H1705E,2111152,기권,2021-06-29
21,OFE45081,2111152,찬성,2021-06-29
21,NTT8182Q,2111152,찬성,2021-06-29
21,ZYH1940A,2111152,불참,2021-06-29
21,0VU8517U,2111152,불참,2021-06-29
21,M0A1658U,2111152,찬성,2021-06-29
21,NZF1659U,2111152,불참,2021-06-29
21,WDS6044S,2111152,찬성,2021-06-29
21,3BC6890E,2111152,찬성,2021-06-29
21,KR14136C,2111152,불참,2021-06-29
21,SRP7336N,2111152,불참,2021-06-29
21,5KV96424,2111152,찬성,2021-06-29
21,60490713,2111152,찬성,2021-06-29
21,UM51067K,2111152,찬성,2021-06-29
21,HKJ99607,2111152,불참,2021-06-29
21,8FB1535Y,2111152,찬성,2021-06-29
21,EH27538E,2111152,찬성,2021-06-29
21,SU53086M,2111152,찬성,2021-06-29
21,0WL9321T,2111152,찬성,2021-06-29
21,PZA4062H,2111152,찬성,2021-06-29
21,MR210505,2111152,불참,2021-06-29
21,GF286398,2111152,찬성,2021-06-29
21,H5476989,2111152,찬성,2021-06-29
21,HXT76735,2111152,불참,2021-06-29
21,0R68099X,2111152,불참,2021-06-29
21,4A067125,2111152,불참,2021-06-29
21,2385336L,2111152,찬성,2021-06-29
21,IN328264,2111152,불참,2021-06-29
21,XBT9550Q,2111152,찬성,2021-06-29
21,MO52543L,2111152,찬성,2021-06-29
21,0827740Q,2111152,찬성,2021-06-29
21,0W194007,2111152,찬성,2021-06-29
21,X1K3667J,2111152,불참,2021-06-29
21,WMG57662,2111152,찬성,2021-06-29
21,NCP9875N,2111152,찬성,2021-06-29
21,I5I2468R,2111152,찬성,2021-06-29
21,WTR5885Y,2111152,불참,2021-06-29
21,L5P27909,2111152,찬성,2021-06-29
21,3425169D,2111152,찬성,2021-06-29
21,IOW1101J,2111152,찬성,2021-06-29
21,ICH23251,2111152,찬성,2021-06-29
21,OIA3741M,2111152,찬성,2021-06-29
21,6MO8786S,2111152,찬성,2021-06-29
21,XWX1513T,2111152,불참,2021-06-29
21,NQR1206Q,2111152,찬성,2021-06-29
21,0767470D,2111152,불참,2021-06-29
21,LG63087O,2111152,불참,2021-06-29
21,NAL4555X,2111152,불참,2021-06-29
21,OW53107J,2111152,찬성,2021-06-29
21,PEP6922S,2111152,찬성,2021-06-29
21,DAN6731C,2111152,불참,2021-06-29
21,VG24001G,2111152,찬성,2021-06-29
21,L2I9861C,2111152,찬성,2021-06-29
21,SVH3899R,2111152,찬성,2021-06-29
21,I434361W,2111152,찬성,2021-06-29
21,IOW8224X,2111152,찬성,2021-06-29
21,9JF4562W,2111152,찬성,2021-06-29
21,Y7K5946R,2111152,찬성,2021-06-29
21,Z7Y7827F,2111152,찬성,2021-06-29
21,KUO3574J,2111152,찬성,2021-06-29
21,D6U6678O,2111152,불참,2021-06-29
21,FU87526G,2111152,찬성,2021-06-29
21,8SV6917G,2111152,찬성,2021-06-29
21,8FC9697X,2111152,찬성,2021-06-29
21,QKO6165V,2111152,찬성,2021-06-29
21,GD131760,2111152,불참,2021-06-29
21,ZRF3039U,2111152,불참,2021-06-29
21,68P7228G,2111152,찬성,2021-06-29
21,XPP2564T,2111152,불참,2021-06-29
21,LQW3652K,2111152,기권,2021-06-29
21,PFG2137X,2111152,찬성,2021-06-29
21,UB114374,2111152,찬성,2021-06-29
21,GAV6441G,2111152,찬성,2021-06-29
21,0YT3774N,2111152,찬성,2021-06-29
21,7JC3239L,2111152,찬성,2021-06-29
21,40S1959J,2111152,찬성,2021-06-29
21,IL74008M,2111152,찬성,2021-06-29
21,8KF7223D,2111152,찬성,2021-06-29
21,8P37634C,2111152,찬성,2021-06-29
21,3C23171A,2111152,찬성,2021-06-29
21,P2N4585G,2111152,찬성,2021-06-29
21,TVF3669B,2111152,찬성,2021-06-29
21,JMY9959W,2111152,찬성,2021-06-29
21,7R156073,2111152,불참,2021-06-29
21,6AR6743G,2111152,불참,2021-06-29
21,J2O8643H,2111152,찬성,2021-06-29
21,6AU2417B,2111152,찬성,2021-06-29
21,8VJ8533R,2111152,찬성,2021-06-29
21,B7D7534L,2111152,찬성,2021-06-29
21,GX22581L,2111152,찬성,2021-06-29
21,SE233396,2111152,찬성,2021-06-29
21,AFH96856,2111152,찬성,2021-06-29
21,B7H6207C,2111152,찬성,2021-06-29
21,WHV3448W,2111152,불참,2021-06-29
21,1Y73132H,2111152,불참,2021-06-29
21,I0S53762,2111152,불참,2021-06-29
21,LH97552Q,2111152,찬성,2021-06-29
21,TKJ4800F,2111152,불참,2021-06-29
21,O6D8329R,2111152,찬성,2021-06-29
21,04T3751T,2111152,찬성,2021-06-29
21,MSY7784L,2111152,불참,2021-06-29
21,EVH1507C,2111152,찬성,2021-06-29
21,K5F2023J,2111152,불참,2021-06-29
21,14M56632,2111152,불참,2021-06-29
21,5MD4184K,2111152,찬성,2021-06-29
21,5K93695T,2111152,불참,2021-06-29
21,DPZ7685X,2111152,찬성,2021-06-29
21,6U243644,2111152,불참,2021-06-29
21,UHB5553T,2111152,찬성,2021-06-29
21,J9S37905,2111152,불참,2021-06-29
21,A494529E,2111152,찬성,2021-06-29
21,VRY5522V,2111152,찬성,2021-06-29
21,0PK7354M,2111152,찬성,2021-06-29
21,CZB4125D,2111152,불참,2021-06-29
21,QUM8288K,2111152,불참,2021-06-29
21,UGH6481E,2111152,찬성,2021-06-29
21,S824682L,2111152,찬성,2021-06-29
21,W4X85128,2111152,불참,2021-06-29
21,CFE3998F,2111152,불참,2021-06-29
21,JZY9937U,2111152,불참,2021-06-29
21,YKW37422,2111152,불참,2021-06-29
21,M7O7878U,2111152,찬성,2021-06-29
21,YLS4431M,2111152,불참,2021-06-29
21,MNZ4401T,2111152,불참,2021-06-29
21,3ZR4438W,2111152,불참,2021-06-29
21,HSS7466Y,2111152,찬성,2021-06-29
21,16D7652C,2111152,불참,2021-06-29
21,KB04377U,2111152,불참,2021-06-29
21,FU53642G,2111152,찬성,2021-06-29
21,MLH1404S,2111152,불참,2021-06-29
21,BCQ55105,2111152,찬성,2021-06-29
21,GOC54665,2111152,불참,2021-06-29
21,5UN9725L,2111152,찬성,2021-06-29
21,K3W33496,2111152,찬성,2021-06-29
21,M2Q9024I,2111152,불참,2021-06-29
21,21N57758,2111152,불참,2021-06-29
21,C7E79345,2111152,불참,2021-06-29
21,UQ282145,2111152,찬성,2021-06-29
21,9YO73104,2111152,불참,2021-06-29
21,TRE2429O,2111152,불참,2021-06-29
21,E6U4345C,2111152,찬성,2021-06-29
21,7BM2933Y,2111152,찬성,2021-06-29
21,CDL93608,2111152,찬성,2021-06-29
21,9VR65006,2111152,불참,2021-06-29
21,EMC8812P,2111152,찬성,2021-06-29
21,XJC13432,2111152,찬성,2021-06-29
21,D0C85236,2111152,불참,2021-06-29
21,XSP20229,2111152,찬성,2021-06-29
21,3RW63706,2111152,찬성,2021-06-29
21,RQQ3807K,2111152,찬성,2021-06-29
21,FH777496,2111152,찬성,2021-06-29
21,FYI20317,2111152,찬성,2021-06-29
21,8X15119P,2111152,불참,2021-06-29
21,ZYP7962W,2111152,불참,2021-06-29
21,CNW5754J,2111152,찬성,2021-06-29
21,3249208I,2111152,찬성,2021-06-29
21,GX38539O,2111152,찬성,2021-06-29
21,8Q88373R,2111152,불참,2021-06-29
21,WVU2479T,2111152,불참,2021-06-29
21,9D939735,2111152,불참,2021-06-29
21,QTW6852F,2111152,불참,2021-06-29
21,L7J93733,2111152,찬성,2021-06-29
21,DAV7257X,2111152,찬성,2021-06-29
21,GE71932C,2111152,불참,2021-06-29
21,6YT83269,2111152,불참,2021-06-29
21,G152611B,2111152,찬성,2021-06-29
21,I7R13867,2111152,찬성,2021-06-29
21,SQ36001H,2111152,찬성,2021-06-29
21,G1570880,2111152,찬성,2021-06-29
21,FOK3459D,2111152,찬성,2021-06-29
21,LPB30152,2111152,불참,2021-06-29
21,MD083627,2111152,찬성,2021-06-29
21,TZP9391O,2111152,찬성,2021-06-29
21,OSV9142K,2111152,찬성,2021-06-29
21,B7R2742J,2111152,찬성,2021-06-29
21,FJK3396E,2111152,찬성,2021-06-29
21,ZDP5704Q,2111152,찬성,2021-06-29
21,71J2365L,2111152,찬성,2021-06-29
21,7O71647Z,2111152,찬성,2021-06-29
21,W1Q6753M,2111152,불참,2021-06-29
21,E1J8836Y,2111152,찬성,2021-06-29
21,RD42006Y,2111152,불참,2021-06-29
21,6EN68926,2111152,불참,2021-06-29
21,AE685067,2111152,찬성,2021-06-29
21,TJW93720,2111152,찬성,2021-06-29
21,9S151177,2111152,찬성,2021-06-29
21,TZ228122,2111152,찬성,2021-06-29
21,PO64874I,2111152,불참,2021-06-29
21,ZKU88693,2111152,불참,2021-06-29
21,ATB59635,2111152,찬성,2021-06-29
21,SBK1544B,2111152,찬성,2021-06-29
21,MHK9919B,2111152,찬성,2021-06-29
21,O0I2045I,2111152,찬성,2021-06-29
21,XEF29171,2111152,찬성,2021-06-29
21,RO593601,2111152,찬성,2021-06-29
21,F5U2979W,2106745,불참,2023-02-27
21,YOG1280B,2106745,불참,2023-02-27
21,DWK26447,2106745,찬성,2023-02-27
21,NUB4941Z,2106745,찬성,2023-02-27
21,NLR6572J,2106745,찬성,2023-02-27
21,YTA7297R,2106745,찬성,2023-02-27
21,JNL7001A,2106745,찬성,2023-02-27
21,L7T64271,2106745,찬성,2023-02-27
21,GKD32201,2106745,불참,2023-02-27
21,3TO11703,2106745,찬성,2023-02-27
21,CCU1009B,2106745,찬성,2023-02-27
21,MU69217P,2106745,불참,2023-02-27
21,66W6739S,2106745,불참,2023-02-27
21,LM13674V,2106745,찬성,2023-02-27
21,QD25323M,2106745,불참,2023-02-27
21,JVB6983V,2106745,찬성,2023-02-27
21,DAY6557K,2106745,찬성,2023-02-27
21,GP07421U,2106745,찬성,2023-02-27
21,FGI27280,2106745,찬성,2023-02-27
21,4XG1439M,2106745,찬성,2023-02-27
21,P2N50879,2106745,찬성,2023-02-27
21,A0P4646G,2106745,찬성,2023-02-27
21,A2V51235,2106745,찬성,2023-02-27
21,7I09543O,2106745,불참,2023-02-27
21,3DK8989T,2106745,찬성,2023-02-27
21,7469929V,2106745,찬성,2023-02-27
21,D4L60530,2106745,찬성,2023-02-27
21,M6H1705E,2106745,찬성,2023-02-27
21,OFE45081,2106745,불참,2023-02-27
21,09I2323E,2106745,찬성,2023-02-27
21,ZYH1940A,2106745,불참,2023-02-27
21,0VU8517U,2106745,불참,2023-02-27
21,M0A1658U,2106745,불참,2023-02-27
21,WDS6044S,2106745,불참,2023-02-27
21,3BC6890E,2106745,불참,2023-02-27
21,ZDR63255,2106745,불참,2023-02-27
21,KR14136C,2106745,찬성,2023-02-27
21,SRP7336N,2106745,찬성,2023-02-27
21,GFF1986K,2106745,찬성,2023-02-27
21,ZKU88693,2106745,불참,2023-02-27
21,5KV96424,2106745,불참,2023-02-27
21,60490713,2106745,찬성,2023-02-27
21,UM51067K,2106745,찬성,2023-02-27
21,HKJ99607,2106745,찬성,2023-02-27
21,1WE5693J,2106745,불참,2023-02-27
21,X3170462,2106745,찬성,2023-02-27
21,8FB1535Y,2106745,찬성,2023-02-27
21,4T026790,2106745,찬성,2023-02-27
21,SU53086M,2106745,찬성,2023-02-27
21,PZA4062H,2106745,찬성,2023-02-27
21,MR210505,2106745,불참,2023-02-27
21,GF286398,2106745,찬성,2023-02-27
21,8348421R,2106745,찬성,2023-02-27
21,JQA21112,2106745,찬성,2023-02-27
21,4L695580,2106745,불참,2023-02-27
21,40E3739H,2106745,찬성,2023-02-27
21,HXT76735,2106745,불참,2023-02-27
21,RPN2293B,2106745,불참,2023-02-27
21,0R68099X,2106745,불참,2023-02-27
21,MQU41854,2106745,찬성,2023-02-27
21,V429892C,2106745,찬성,2023-02-27
21,2385336L,2106745,불참,2023-02-27
21,IN328264,2106745,찬성,2023-02-27
21,XBT9550Q,2106745,불참,2023-02-27
21,0827740Q,2106745,찬성,2023-02-27
21,0W194007,2106745,찬성,2023-02-27
21,X1K3667J,2106745,불참,2023-02-27
21,WMG57662,2106745,찬성,2023-02-27
21,NCP9875N,2106745,불참,2023-02-27
21,I5I2468R,2106745,찬성,2023-02-27
21,3425169D,2106745,찬성,2023-02-27
21,IOW1101J,2106745,찬성,2023-02-27
21,ICH23251,2106745,불참,2023-02-27
21,OIA3741M,2106745,찬성,2023-02-27
21,CT85313K,2106745,찬성,2023-02-27
21,BLC8630L,2106745,찬성,2023-02-27
21,NQR1206Q,2106745,찬성,2023-02-27
21,LG63087O,2106745,불참,2023-02-27
21,PEP6922S,2106745,찬성,2023-02-27
21,DAN6731C,2106745,불참,2023-02-27
21,VG24001G,2106745,찬성,2023-02-27
21,L2I9861C,2106745,찬성,2023-02-27
21,WCD5518S,2106745,불참,2023-02-27
21,SVH3899R,2106745,불참,2023-02-27
21,9JF4562W,2106745,찬성,2023-02-27
21,Y7K5946R,2106745,찬성,2023-02-27
21,ATB59635,2106745,불참,2023-02-27
21,SBK1544B,2106745,불참,2023-02-27
21,KUO3574J,2106745,찬성,2023-02-27
21,D6U6678O,2106745,찬성,2023-02-27
21,FU87526G,2106745,찬성,2023-02-27
21,S9U45255,2106745,찬성,2023-02-27
21,8SV6917G,2106745,불참,2023-02-27
21,QKO6165V,2106745,불참,2023-02-27
21,ZRF3039U,2106745,찬성,2023-02-27
21,V0O5343U,2106745,불참,2023-02-27
21,68P7228G,2106745,찬성,2023-02-27
21,FRN1867O,2106745,찬성,2023-02-27
21,LQW3652K,2106745,불참,2023-02-27
21,UB114374,2106745,찬성,2023-02-27
21,GAV6441G,2106745,찬성,2023-02-27
21,40S1959J,2106745,불참,2023-02-27
21,IL74008M,2106745,찬성,2023-02-27
21,8KF7223D,2106745,찬성,2023-02-27
21,CNZ51556,2106745,찬성,2023-02-27
21,N4R2421C,2106745,찬성,2023-02-27
21,3C23171A,2106745,찬성,2023-02-27
21,P2N4585G,2106745,찬성,2023-02-27
21,JMY9959W,2106745,찬성,2023-02-27
21,7R156073,2106745,찬성,2023-02-27
21,J2O8643H,2106745,찬성,2023-02-27
21,VCP96419,2106745,찬성,2023-02-27
21,6AU2417B,2106745,찬성,2023-02-27
21,8VJ8533R,2106745,찬성,2023-02-27
21,SE233396,2106745,찬성,2023-02-27
21,AFH96856,2106745,불참,2023-02-27
21,52P3934K,2106745,찬성,2023-02-27
21,6399076T,2106745,찬성,2023-02-27
21,4U29186R,2106745,불참,2023-02-27
21,F5Y4026Q,2106745,불참,2023-02-27
21,WHV3448W,2106745,불참,2023-02-27
21,6RD62559,2106745,불참,2023-02-27
21,I0S53762,2106745,찬성,2023-02-27
21,TKJ4800F,2106745,찬성,2023-02-27
21,O6D8329R,2106745,찬성,2023-02-27
21,04T3751T,2106745,불참,2023-02-27
21,EVH1507C,2106745,찬성,2023-02-27
21,14M56632,2106745,불참,2023-02-27
21,5MD4184K,2106745,찬성,2023-02-27
21,5K93695T,2106745,찬성,2023-02-27
21,E9R4507P,2106745,찬성,2023-02-27
21,UHB5553T,2106745,찬성,2023-02-27
21,KFS1358P,2106745,찬성,2023-02-27
21,J9S37905,2106745,찬성,2023-02-27
21,A494529E,2106745,불참,2023-02-27
21,VRY5522V,2106745,찬성,2023-02-27
21,CAA7713A,2106745,찬성,2023-02-27
21,0PK7354M,2106745,찬성,2023-02-27
21,O0I2045I,2106745,찬성,2023-02-27
21,CZB4125D,2106745,찬성,2023-02-27
21,Z6R3959C,2106745,찬성,2023-02-27
21,UGH6481E,2106745,찬성,2023-02-27
21,S824682L,2106745,찬성,2023-02-27
21,W4X85128,2106745,불참,2023-02-27
21,JZY9937U,2106745,불참,2023-02-27
21,MRK4871S,2106745,불참,2023-02-27
21,YKW37422,2106745,불참,2023-02-27
21,2NV6751W,2106745,찬성,2023-02-27
21,BM63269Y,2106745,찬성,2023-02-27
21,M7O7878U,2106745,찬성,2023-02-27
21,YLS4431M,2106745,불참,2023-02-27
21,3ZR4438W,2106745,찬성,2023-02-27
21,HSS7466Y,2106745,불참,2023-02-27
21,KB04377U,2106745,불참,2023-02-27
21,FU53642G,2106745,찬성,2023-02-27
21,MLH1404S,2106745,불참,2023-02-27
21,8VY63414,2106745,찬성,2023-02-27
21,XR24352K,2106745,찬성,2023-02-27
21,QQP4727N,2106745,불참,2023-02-27
21,JEZ3130Q,2106745,찬성,2023-02-27
21,BCQ55105,2106745,불참,2023-02-27
21,9L57027L,2106745,찬성,2023-02-27
21,GOC54665,2106745,불참,2023-02-27
21,5UN9725L,2106745,찬성,2023-02-27
21,LJK4960Z,2106745,찬성,2023-02-27
21,IUD9392R,2106745,찬성,2023-02-27
21,K3W33496,2106745,찬성,2023-02-27
21,M2Q9024I,2106745,찬성,2023-02-27
21,DBA1057Z,2106745,불참,2023-02-27
21,CI15627C,2106745,찬성,2023-02-27
21,4019850M,2106745,찬성,2023-02-27
21,UQ282145,2106745,불참,2023-02-27
21,9YO73104,2106745,찬성,2023-02-27
21,TRE2429O,2106745,찬성,2023-02-27
21,E6U4345C,2106745,찬성,2023-02-27
21,7BM2933Y,2106745,찬성,2023-02-27
21,CDL93608,2106745,불참,2023-02-27
21,2UD1340H,2106745,찬성,2023-02-27
21,9VR65006,2106745,불참,2023-02-27
21,X7I4680R,2106745,불참,2023-02-27
21,EMC8812P,2106745,찬성,2023-02-27
21,XSP20229,2106745,불참,2023-02-27
21,T465023H,2106745,불참,2023-02-27
21,3RW63706,2106745,찬성,2023-02-27
21,RQQ3807K,2106745,불참,2023-02-27
21,8X15119P,2106745,불참,2023-02-27
21,ZYP7962W,2106745,찬성,2023-02-27
21,CNW5754J,2106745,불참,2023-02-27
21,3249208I,2106745,불참,2023-02-27
21,8Q88373R,2106745,불참,2023-02-27
21,XEF29171,2106745,찬성,2023-02-27
21,9D939735,2106745,불참,2023-02-27
21,QTW6852F,2106745,불참,2023-02-27
21,7XY7109I,2106745,불참,2023-02-27
21,TST4507I,2106745,불참,2023-02-27
21,JC14718Q,2106745,찬성,2023-02-27
21,5KV82250,2106745,찬성,2023-02-27
21,L7J93733,2106745,찬성,2023-02-27
21,GE71932C,2106745,불참,2023-02-27
21,6YT83269,2106745,불참,2023-02-27
21,FDC3144T,2106745,찬성,2023-02-27
21,SQ36001H,2106745,불참,2023-02-27
21,G1570880,2106745,찬성,2023-02-27
21,FOK3459D,2106745,찬성,2023-02-27
21,QUO78839,2106745,불참,2023-02-27
21,MD083627,2106745,불참,2023-02-27
21,6V37131U,2106745,불참,2023-02-27
21,OSV9142K,2106745,기권,2023-02-27
21,B7R2742J,2106745,찬성,2023-02-27
21,FJK3396E,2106745,찬성,2023-02-27
21,71J2365L,2106745,찬성,2023-02-27
21,7O71647Z,2106745,불참,2023-02-27
21,W1Q6753M,2106745,찬성,2023-02-27
21,E1J8836Y,2106745,찬성,2023-02-27
21,RD42006Y,2106745,불참,2023-02-27
21,6EN68926,2106745,불참,2023-02-27
21,QHL3248U,2106745,불참,2023-02-27
21,9S151177,2106745,찬성,2023-02-27
21,TZ228122,2106745,찬성,2023-02-27
21,9V18755A,2106745,찬성,2023-02-27
21,XA42275R,2106745,불참,2023-02-27
21,PO64874I,2106745,불참,2023-02-27
21,VHK3402G,2106745,찬성,2023-02-27
21,1MU99298,2106745,불참,2023-02-27
21,17M85910,2106745,찬성,2023-02-27
21,G152611B,2106745,불참,2023-02-27
21,I7R13867,2106745,찬성,2023-02-27
21,9LD2641Q,2106745,불참,2023-02-27
21,BT62420K,2106745,불참,2023-02-27
21,LPB30152,2106745,불참,2023-02-27
21,TZP9391O,2106745,찬성,2023-02-27
21,ZDP5704Q,2106745,찬성,2023-02-27
21,1BX7234U,2106745,찬성,2023-02-27
21,TJW93720,2106745,찬성,2023-02-27
21,LBC8144B,2106745,찬성,2023-02-27
21,FIC9046Z,2106745,찬성,2023-02-27
21,KFM1081G,2106745,불참,2023-02-27
21,4X525582,2106745,찬성,2023-02-27
21,G7512472,2106745,불참,2023-02-27
21,S741317G,2106745,불참,2023-02-27
21,2N793392,2106745,찬성,2023-02-27
21,USR7059P,2106745,불참,2023-02-27
21,NTT8182Q,2106745,찬성,2023-02-27
21,A3H7195R,2106745,불참,2023-02-27
21,HSW1214Q,2106745,찬성,2023-02-27
21,NZF1659U,2106745,불참,2023-02-27
21,5765663F,2106745,찬성,2023-02-27
21,WJL30106,2106745,불참,2023-02-27
21,KNM3215T,2106745,찬성,2023-02-27
21,M7T9712V,2106745,찬성,2023-02-27
21,MY318392,2106745,불참,2023-02-27
21,EH27538E,2106745,찬성,2023-02-27
21,WFU14784,2106745,불참,2023-02-27
21,0WL9321T,2106745,찬성,2023-02-27
21,H5476989,2106745,찬성,2023-02-27
21,6RM29022,2106745,찬성,2023-02-27
21,ZA54991S,2106745,찬성,2023-02-27
21,MO52543L,2106745,찬성,2023-02-27
21,WTR5885Y,2106745,불참,2023-02-27
21,25I8709Q,2106745,불참,2023-02-27
21,6MO8786S,2106745,찬성,2023-02-27
21,XWX1513T,2106745,불참,2023-02-27
21,OW53107J,2106745,찬성,2023-02-27
21,IOW8224X,2106745,찬성,2023-02-27
21,Z7Y7827F,2106745,찬성,2023-02-27
21,8FC9697X,2106745,불참,2023-02-27
21,GD131760,2106745,불참,2023-02-27
21,P0F1530P,2106745,불참,2023-02-27
21,XPP2564T,2106745,불참,2023-02-27
21,RO593601,2106745,찬성,2023-02-27
21,PFG2137X,2106745,불참,2023-02-27
21,0YT3774N,2106745,찬성,2023-02-27
21,7JC3239L,2106745,찬성,2023-02-27
21,8P37634C,2106745,찬성,2023-02-27
21,GDG1847Z,2106745,찬성,2023-02-27
21,O7R5461J,2106745,찬성,2023-02-27
21,6AR6743G,2106745,찬성,2023-02-27
21,B7D7534L,2106745,찬성,2023-02-27
21,GX22581L,2106745,찬성,2023-02-27
21,B7H6207C,2106745,불참,2023-02-27
21,1Y73132H,2106745,찬성,2023-02-27
21,LH97552Q,2106745,찬성,2023-02-27
21,MSY7784L,2106745,찬성,2023-02-27
21,K5F2023J,2106745,찬성,2023-02-27
21,N9X9673B,2106745,불참,2023-02-27
21,DPZ7685X,2106745,찬성,2023-02-27
21,6U243644,2106745,불참,2023-02-27
21,QUM8288K,2106745,불참,2023-02-27
21,Q9H5708M,2106745,불참,2023-02-27
21,MNZ4401T,2106745,찬성,2023-02-27
21,16D7652C,2106745,불참,2023-02-27
21,C7E79345,2106745,불참,2023-02-27
21,XJC13432,2106745,불참,2023-02-27
21,FH777496,2106745,찬성,2023-02-27
21,FYI20317,2106745,찬성,2023-02-27
21,GX38539O,2106745,불참,2023-02-27
21,WVU2479T,2106745,찬성,2023-02-27
21,DAV7257X,2106745,찬성,2023-02-27
21,LT72093S,2106745,불참,2023-02-27
21,2N793392,2116617,찬성,2022-07-22
21,9V18755A,2116617,찬성,2022-07-22
21,A2V51235,2116617,찬성,2022-07-22
21,M0A1658U,2116617,찬성,2022-07-22
21,MR210505,2116617,불참,2022-07-22
21,4L695580,2116617,찬성,2022-07-22
21,WTR5885Y,2116617,불참,2022-07-22
21,IOW1101J,2116617,찬성,2022-07-22
21,LG63087O,2116617,불참,2022-07-22
21,GDG1847Z,2116617,찬성,2022-07-22
21,B7D7534L,2116617,불참,2022-07-22
21,GX22581L,2116617,찬성,2022-07-22
21,14M56632,2116617,불참,2022-07-22
21,KFS1358P,2116617,찬성,2022-07-22
21,CAA7713A,2116617,찬성,2022-07-22
21,3ZR4438W,2116617,찬성,2022-07-22
21,XR24352K,2116617,찬성,2022-07-22
21,LJK4960Z,2116617,불참,2022-07-22
21,XSP20229,2116617,찬성,2022-07-22
21,3RW63706,2116617,찬성,2022-07-22
21,FYI20317,2116617,찬성,2022-07-22
21,CNW5754J,2116617,불참,2022-07-22
21,FDC3144T,2116617,찬성,2022-07-22
21,QHL3248U,2116617,찬성,2022-07-22
21,USR7059P,2116617,찬성,2022-07-22
21,F5U2979W,2116617,찬성,2022-07-22
21,YOG1280B,2116617,찬성,2022-07-22
21,FIC9046Z,2116617,찬성,2022-07-22
21,DWK26447,2116617,찬성,2022-07-22
21,NUB4941Z,2116617,찬성,2022-07-22
21,KFM1081G,2116617,찬성,2022-07-22
21,NLR6572J,2116617,찬성,2022-07-22
21,YTA7297R,2116617,찬성,2022-07-22
21,JNL7001A,2116617,불참,2022-07-22
21,L7T64271,2116617,찬성,2022-07-22
21,4X525582,2116617,찬성,2022-07-22
21,GKD32201,2116617,찬성,2022-07-22
21,G7512472,2116617,찬성,2022-07-22
21,3TO11703,2116617,불참,2022-07-22
21,S741317G,2116617,찬성,2022-07-22
21,CCU1009B,2116617,찬성,2022-07-22
21,MU69217P,2116617,찬성,2022-07-22
21,66W6739S,2116617,찬성,2022-07-22
21,LM13674V,2116617,찬성,2022-07-22
21,QD25323M,2116617,불참,2022-07-22
21,JVB6983V,2116617,찬성,2022-07-22
21,DAY6557K,2116617,찬성,2022-07-22
21,GP07421U,2116617,찬성,2022-07-22
21,FGI27280,2116617,불참,2022-07-22
21,4XG1439M,2116617,불참,2022-07-22
21,P2N50879,2116617,불참,2022-07-22
21,A0P4646G,2116617,찬성,2022-07-22
21,7I09543O,2116617,찬성,2022-07-22
21,3DK8989T,2116617,찬성,2022-07-22
21,7469929V,2116617,찬성,2022-07-22
21,D4L60530,2116617,찬성,2022-07-22
21,M6H1705E,2116617,불참,2022-07-22
21,OFE45081,2116617,찬성,2022-07-22
21,09I2323E,2116617,찬성,2022-07-22
21,NTT8182Q,2116617,찬성,2022-07-22
21,A3H7195R,2116617,찬성,2022-07-22
21,ZYH1940A,2116617,찬성,2022-07-22
21,0VU8517U,2116617,찬성,2022-07-22
21,HSW1214Q,2116617,찬성,2022-07-22
21,NZF1659U,2116617,찬성,2022-07-22
21,WDS6044S,2116617,찬성,2022-07-22
21,3BC6890E,2116617,불참,2022-07-22
21,ZDR63255,2116617,찬성,2022-07-22
21,KR14136C,2116617,불참,2022-07-22
21,SRP7336N,2116617,찬성,2022-07-22
21,5765663F,2116617,찬성,2022-07-22
21,GFF1986K,2116617,찬성,2022-07-22
21,ZKU88693,2116617,찬성,2022-07-22
21,WJL30106,2116617,불참,2022-07-22
21,5KV96424,2116617,찬성,2022-07-22
21,KNM3215T,2116617,불참,2022-07-22
21,M7T9712V,2116617,찬성,2022-07-22
21,60490713,2116617,불참,2022-07-22
21,UM51067K,2116617,찬성,2022-07-22
21,HKJ99607,2116617,불참,2022-07-22
21,1WE5693J,2116617,찬성,2022-07-22
21,X3170462,2116617,불참,2022-07-22
21,MY318392,2116617,불참,2022-07-22
21,8FB1535Y,2116617,찬성,2022-07-22
21,4T026790,2116617,찬성,2022-07-22
21,EH27538E,2116617,불참,2022-07-22
21,WFU14784,2116617,불참,2022-07-22
21,SU53086M,2116617,불참,2022-07-22
21,0WL9321T,2116617,불참,2022-07-22
21,PZA4062H,2116617,불참,2022-07-22
21,GF286398,2116617,불참,2022-07-22
21,8348421R,2116617,찬성,2022-07-22
21,H5476989,2116617,찬성,2022-07-22
21,JQA21112,2116617,찬성,2022-07-22
21,40E3739H,2116617,불참,2022-07-22
21,HXT76735,2116617,찬성,2022-07-22
21,RPN2293B,2116617,불참,2022-07-22
21,0R68099X,2116617,찬성,2022-07-22
21,6RM29022,2116617,찬성,2022-07-22
21,MQU41854,2116617,찬성,2022-07-22
21,V429892C,2116617,불참,2022-07-22
21,2385336L,2116617,찬성,2022-07-22
21,IN328264,2116617,찬성,2022-07-22
21,XBT9550Q,2116617,찬성,2022-07-22
21,ZA54991S,2116617,찬성,2022-07-22
21,MO52543L,2116617,불참,2022-07-22
21,0827740Q,2116617,찬성,2022-07-22
21,0W194007,2116617,찬성,2022-07-22
21,X1K3667J,2116617,찬성,2022-07-22
21,WMG57662,2116617,불참,2022-07-22
21,NCP9875N,2116617,불참,2022-07-22
21,I5I2468R,2116617,찬성,2022-07-22
21,3425169D,2116617,찬성,2022-07-22
21,ICH23251,2116617,찬성,2022-07-22
21,25I8709Q,2116617,찬성,2022-07-22
21,OIA3741M,2116617,찬성,2022-07-22
21,6MO8786S,2116617,찬성,2022-07-22
21,XWX1513T,2116617,불참,2022-07-22
21,CT85313K,2116617,찬성,2022-07-22
21,BLC8630L,2116617,찬성,2022-07-22
21,NQR1206Q,2116617,찬성,2022-07-22
21,OW53107J,2116617,불참,2022-07-22
21,PEP6922S,2116617,불참,2022-07-22
21,DAN6731C,2116617,불참,2022-07-22
21,VG24001G,2116617,불참,2022-07-22
21,L2I9861C,2116617,찬성,2022-07-22
21,WCD5518S,2116617,찬성,2022-07-22
21,SVH3899R,2116617,불참,2022-07-22
21,IOW8224X,2116617,불참,2022-07-22
21,9JF4562W,2116617,찬성,2022-07-22
21,Y7K5946R,2116617,불참,2022-07-22
21,Z7Y7827F,2116617,찬성,2022-07-22
21,ATB59635,2116617,찬성,2022-07-22
21,SBK1544B,2116617,찬성,2022-07-22
21,KUO3574J,2116617,찬성,2022-07-22
21,D6U6678O,2116617,기권,2022-07-22
21,FU87526G,2116617,불참,2022-07-22
21,S9U45255,2116617,찬성,2022-07-22
21,8SV6917G,2116617,불참,2022-07-22
21,8FC9697X,2116617,찬성,2022-07-22
21,QKO6165V,2116617,불참,2022-07-22
21,GD131760,2116617,찬성,2022-07-22
21,ZRF3039U,2116617,찬성,2022-07-22
21,V0O5343U,2116617,불참,2022-07-22
21,68P7228G,2116617,찬성,2022-07-22
21,P0F1530P,2116617,불참,2022-07-22
21,XPP2564T,2116617,찬성,2022-07-22
21,FRN1867O,2116617,찬성,2022-07-22
21,LQW3652K,2116617,찬성,2022-07-22
21,RO593601,2116617,찬성,2022-07-22
21,PFG2137X,2116617,찬성,2022-07-22
21,UB114374,2116617,찬성,2022-07-22
21,GAV6441G,2116617,찬성,2022-07-22
21,0YT3774N,2116617,불참,2022-07-22
21,7JC3239L,2116617,찬성,2022-07-22
21,40S1959J,2116617,불참,2022-07-22
21,IL74008M,2116617,불참,2022-07-22
21,8KF7223D,2116617,불참,2022-07-22
21,8P37634C,2116617,찬성,2022-07-22
21,CNZ51556,2116617,찬성,2022-07-22
21,N4R2421C,2116617,찬성,2022-07-22
21,3C23171A,2116617,찬성,2022-07-22
21,P2N4585G,2116617,찬성,2022-07-22
21,O7R5461J,2116617,찬성,2022-07-22
21,JMY9959W,2116617,찬성,2022-07-22
21,7R156073,2116617,찬성,2022-07-22
21,6AR6743G,2116617,불참,2022-07-22
21,J2O8643H,2116617,불참,2022-07-22
21,VCP96419,2116617,찬성,2022-07-22
21,6AU2417B,2116617,찬성,2022-07-22
21,8VJ8533R,2116617,찬성,2022-07-22
21,SE233396,2116617,불참,2022-07-22
21,AFH96856,2116617,불참,2022-07-22
21,52P3934K,2116617,찬성,2022-07-22
21,B7H6207C,2116617,찬성,2022-07-22
21,6399076T,2116617,불참,2022-07-22
21,4U29186R,2116617,불참,2022-07-22
21,F5Y4026Q,2116617,불참,2022-07-22
21,WHV3448W,2116617,찬성,2022-07-22
21,6RD62559,2116617,찬성,2022-07-22
21,1Y73132H,2116617,찬성,2022-07-22
21,I0S53762,2116617,찬성,2022-07-22
21,LH97552Q,2116617,찬성,2022-07-22
21,TKJ4800F,2116617,찬성,2022-07-22
21,O6D8329R,2116617,찬성,2022-07-22
21,04T3751T,2116617,찬성,2022-07-22
21,MSY7784L,2116617,불참,2022-07-22
21,EVH1507C,2116617,찬성,2022-07-22
21,K5F2023J,2116617,찬성,2022-07-22
21,N9X9673B,2116617,불참,2022-07-22
21,5MD4184K,2116617,찬성,2022-07-22
21,5K93695T,2116617,찬성,2022-07-22
21,DPZ7685X,2116617,찬성,2022-07-22
21,6U243644,2116617,찬성,2022-07-22
21,E9R4507P,2116617,불참,2022-07-22
21,UHB5553T,2116617,불참,2022-07-22
21,J9S37905,2116617,찬성,2022-07-22
21,A494529E,2116617,찬성,2022-07-22
21,VRY5522V,2116617,기권,2022-07-22
21,0PK7354M,2116617,찬성,2022-07-22
21,O0I2045I,2116617,찬성,2022-07-22
21,CZB4125D,2116617,불참,2022-07-22
21,Z6R3959C,2116617,찬성,2022-07-22
21,QUM8288K,2116617,불참,2022-07-22
21,UGH6481E,2116617,불참,2022-07-22
21,S824682L,2116617,찬성,2022-07-22
21,W4X85128,2116617,찬성,2022-07-22
21,Q9H5708M,2116617,찬성,2022-07-22
21,JZY9937U,2116617,찬성,2022-07-22
21,MRK4871S,2116617,불참,2022-07-22
21,YKW37422,2116617,불참,2022-07-22
21,2NV6751W,2116617,불참,2022-07-22
21,BM63269Y,2116617,불참,2022-07-22
21,M7O7878U,2116617,찬성,2022-07-22
21,YLS4431M,2116617,찬성,2022-07-22
21,MNZ4401T,2116617,찬성,2022-07-22
21,HSS7466Y,2116617,찬성,2022-07-22
21,16D7652C,2116617,찬성,2022-07-22
21,KB04377U,2116617,찬성,2022-07-22
21,FU53642G,2116617,찬성,2022-07-22
21,MLH1404S,2116617,불참,2022-07-22
21,8VY63414,2116617,불참,2022-07-22
21,QQP4727N,2116617,불참,2022-07-22
21,JEZ3130Q,2116617,찬성,2022-07-22
21,BCQ55105,2116617,찬성,2022-07-22
21,9L57027L,2116617,찬성,2022-07-22
21,GOC54665,2116617,불참,2022-07-22
21,5UN9725L,2116617,찬성,2022-07-22
21,IUD9392R,2116617,찬성,2022-07-22
21,K3W33496,2116617,찬성,2022-07-22
21,M2Q9024I,2116617,불참,2022-07-22
21,DBA1057Z,2116617,불참,2022-07-22
21,CI15627C,2116617,찬성,2022-07-22
21,C7E79345,2116617,찬성,2022-07-22
21,4019850M,2116617,찬성,2022-07-22
21,UQ282145,2116617,찬성,2022-07-22
21,9YO73104,2116617,불참,2022-07-22
21,TRE2429O,2116617,불참,2022-07-22
21,E6U4345C,2116617,찬성,2022-07-22
21,7BM2933Y,2116617,찬성,2022-07-22
21,CDL93608,2116617,찬성,2022-07-22
21,2UD1340H,2116617,불참,2022-07-22
21,9VR65006,2116617,불참,2022-07-22
21,X7I4680R,2116617,찬성,2022-07-22
21,EMC8812P,2116617,찬성,2022-07-22
21,XJC13432,2116617,찬성,2022-07-22
21,T465023H,2116617,불참,2022-07-22
21,RQQ3807K,2116617,찬성,2022-07-22
21,FH777496,2116617,찬성,2022-07-22
21,8X15119P,2116617,찬성,2022-07-22
21,ZYP7962W,2116617,불참,2022-07-22
21,3249208I,2116617,찬성,2022-07-22
21,GX38539O,2116617,찬성,2022-07-22
21,8Q88373R,2116617,불참,2022-07-22
21,XEF29171,2116617,찬성,2022-07-22
21,WVU2479T,2116617,찬성,2022-07-22
21,9D939735,2116617,찬성,2022-07-22
21,QTW6852F,2116617,찬성,2022-07-22
21,7XY7109I,2116617,찬성,2022-07-22
21,TST4507I,2116617,불참,2022-07-22
21,JC14718Q,2116617,찬성,2022-07-22
21,5KV82250,2116617,불참,2022-07-22
21,L7J93733,2116617,찬성,2022-07-22
21,DAV7257X,2116617,찬성,2022-07-22
21,LT72093S,2116617,불참,2022-07-22
21,GE71932C,2116617,불참,2022-07-22
21,6YT83269,2116617,찬성,2022-07-22
21,1MU99298,2116617,찬성,2022-07-22
21,17M85910,2116617,찬성,2022-07-22
21,G152611B,2116617,불참,2022-07-22
21,I7R13867,2116617,찬성,2022-07-22
21,SQ36001H,2116617,찬성,2022-07-22
21,G1570880,2116617,찬성,2022-07-22
21,9LD2641Q,2116617,찬성,2022-07-22
21,FOK3459D,2116617,찬성,2022-07-22
21,QUO78839,2116617,찬성,2022-07-22
21,BT62420K,2116617,찬성,2022-07-22
21,LPB30152,2116617,찬성,2022-07-22
21,MD083627,2116617,찬성,2022-07-22
21,TZP9391O,2116617,찬성,2022-07-22
21,6V37131U,2116617,불참,2022-07-22
21,OSV9142K,2116617,찬성,2022-07-22
21,B7R2742J,2116617,찬성,2022-07-22
21,FJK3396E,2116617,찬성,2022-07-22
21,ZDP5704Q,2116617,불참,2022-07-22
21,71J2365L,2116617,불참,2022-07-22
21,7O71647Z,2116617,불참,2022-07-22
21,W1Q6753M,2116617,불참,2022-07-22
21,E1J8836Y,2116617,불참,2022-07-22
21,RD42006Y,2116617,불참,2022-07-22
21,6EN68926,2116617,찬성,2022-07-22
21,1BX7234U,2116617,불참,2022-07-22
21,TJW93720,2116617,찬성,2022-07-22
21,9S151177,2116617,불참,2022-07-22
21,TZ228122,2116617,찬성,2022-07-22
21,XA42275R,2116617,불참,2022-07-22
21,PO64874I,2116617,불참,2022-07-22
21,LBC8144B,2116617,불참,2022-07-22
21,VHK3402G,2116617,불참,2022-07-22
21,6U243644,2111035,찬성,2023-03-30
21,KFS1358P,2111035,찬성,2023-03-30
21,CZB4125D,2111035,불참,2023-03-30
21,UGH6481E,2111035,찬성,2023-03-30
21,JZY9937U,2111035,불참,2023-03-30
21,M7O7878U,2111035,찬성,2023-03-30
21,KB04377U,2111035,찬성,2023-03-30
21,FU53642G,2111035,찬성,2023-03-30
21,MLH1404S,2111035,불참,2023-03-30
21,8VY63414,2111035,찬성,2023-03-30
21,JEZ3130Q,2111035,찬성,2023-03-30
21,BCQ55105,2111035,찬성,2023-03-30
21,LJK4960Z,2111035,불참,2023-03-30
21,IUD9392R,2111035,찬성,2023-03-30
21,K3W33496,2111035,찬성,2023-03-30
21,M2Q9024I,2111035,찬성,2023-03-30
21,CI15627C,2111035,찬성,2023-03-30
21,TRE2429O,2111035,불참,2023-03-30
21,E6U4345C,2111035,찬성,2023-03-30
21,XJC13432,2111035,찬성,2023-03-30
21,T465023H,2111035,찬성,2023-03-30
21,3RW63706,2111035,찬성,2023-03-30
21,RQQ3807K,2111035,찬성,2023-03-30
21,CNW5754J,2111035,찬성,2023-03-30
21,9D939735,2111035,찬성,2023-03-30
21,JC14718Q,2111035,찬성,2023-03-30
21,FDC3144T,2111035,찬성,2023-03-30
21,SQ36001H,2111035,찬성,2023-03-30
21,QUO78839,2111035,불참,2023-03-30
21,OSV9142K,2111035,찬성,2023-03-30
21,FJK3396E,2111035,찬성,2023-03-30
21,ZDP5704Q,2111035,찬성,2023-03-30
21,7O71647Z,2111035,찬성,2023-03-30
21,6EN68926,2111035,찬성,2023-03-30
21,9S151177,2111035,찬성,2023-03-30
21,F5U2979W,2111035,찬성,2023-03-30
21,NUB4941Z,2111035,찬성,2023-03-30
21,L7T64271,2111035,찬성,2023-03-30
21,3TO11703,2111035,반대,2023-03-30
21,S741317G,2111035,불참,2023-03-30
21,LM13674V,2111035,불참,2023-03-30
21,QD25323M,2111035,불참,2023-03-30
21,JVB6983V,2111035,찬성,2023-03-30
21,GP07421U,2111035,불참,2023-03-30
21,USR7059P,2111035,찬성,2023-03-30
21,4XG1439M,2111035,찬성,2023-03-30
21,P2N50879,2111035,찬성,2023-03-30
21,A0P4646G,2111035,찬성,2023-03-30
21,A2V51235,2111035,찬성,2023-03-30
21,7I09543O,2111035,찬성,2023-03-30
21,7469929V,2111035,불참,2023-03-30
21,D4L60530,2111035,찬성,2023-03-30
21,M6H1705E,2111035,찬성,2023-03-30
21,OFE45081,2111035,찬성,2023-03-30
21,0VU8517U,2111035,불참,2023-03-30
21,HSW1214Q,2111035,찬성,2023-03-30
21,ZKU88693,2111035,찬성,2023-03-30
21,5KV96424,2111035,찬성,2023-03-30
21,60490713,2111035,찬성,2023-03-30
21,HKJ99607,2111035,불참,2023-03-30
21,1WE5693J,2111035,불참,2023-03-30
21,X3170462,2111035,불참,2023-03-30
21,8FB1535Y,2111035,찬성,2023-03-30
21,SU53086M,2111035,불참,2023-03-30
21,MR210505,2111035,불참,2023-03-30
21,GF286398,2111035,찬성,2023-03-30
21,40E3739H,2111035,찬성,2023-03-30
21,RPN2293B,2111035,찬성,2023-03-30
21,MQU41854,2111035,불참,2023-03-30
21,V429892C,2111035,찬성,2023-03-30
21,ZA54991S,2111035,찬성,2023-03-30
21,0827740Q,2111035,찬성,2023-03-30
21,0W194007,2111035,찬성,2023-03-30
21,NCP9875N,2111035,찬성,2023-03-30
21,I5I2468R,2111035,찬성,2023-03-30
21,3425169D,2111035,찬성,2023-03-30
21,CT85313K,2111035,찬성,2023-03-30
21,BLC8630L,2111035,찬성,2023-03-30
21,NQR1206Q,2111035,찬성,2023-03-30
21,VG24001G,2111035,찬성,2023-03-30
21,SVH3899R,2111035,찬성,2023-03-30
21,SBK1544B,2111035,불참,2023-03-30
21,KUO3574J,2111035,찬성,2023-03-30
21,FU87526G,2111035,찬성,2023-03-30
21,8SV6917G,2111035,찬성,2023-03-30
21,68P7228G,2111035,찬성,2023-03-30
21,GAV6441G,2111035,찬성,2023-03-30
21,IL74008M,2111035,찬성,2023-03-30
21,CNZ51556,2111035,찬성,2023-03-30
21,P2N4585G,2111035,불참,2023-03-30
21,6AR6743G,2111035,불참,2023-03-30
21,6AU2417B,2111035,불참,2023-03-30
21,6399076T,2111035,찬성,2023-03-30
21,WHV3448W,2111035,찬성,2023-03-30
21,6RD62559,2111035,찬성,2023-03-30
21,1Y73132H,2111035,찬성,2023-03-30
21,04T3751T,2111035,찬성,2023-03-30
21,MSY7784L,2111035,찬성,2023-03-30
21,14M56632,2111035,불참,2023-03-30
21,YOG1280B,2111035,찬성,2023-03-30
21,FIC9046Z,2111035,불참,2023-03-30
21,DWK26447,2111035,찬성,2023-03-30
21,KFM1081G,2111035,찬성,2023-03-30
21,NLR6572J,2111035,찬성,2023-03-30
21,YTA7297R,2111035,찬성,2023-03-30
21,JNL7001A,2111035,찬성,2023-03-30
21,4X525582,2111035,찬성,2023-03-30
21,GKD32201,2111035,불참,2023-03-30
21,G7512472,2111035,찬성,2023-03-30
21,CCU1009B,2111035,찬성,2023-03-30
21,MU69217P,2111035,불참,2023-03-30
21,2N793392,2111035,찬성,2023-03-30
21,66W6739S,2111035,찬성,2023-03-30
21,DAY6557K,2111035,찬성,2023-03-30
21,FGI27280,2111035,불참,2023-03-30
21,3DK8989T,2111035,찬성,2023-03-30
21,09I2323E,2111035,찬성,2023-03-30
21,NTT8182Q,2111035,찬성,2023-03-30
21,A3H7195R,2111035,불참,2023-03-30
21,ZYH1940A,2111035,불참,2023-03-30
21,M0A1658U,2111035,찬성,2023-03-30
21,NZF1659U,2111035,불참,2023-03-30
21,WDS6044S,2111035,찬성,2023-03-30
21,3BC6890E,2111035,불참,2023-03-30
21,ZDR63255,2111035,찬성,2023-03-30
21,KR14136C,2111035,찬성,2023-03-30
21,SRP7336N,2111035,찬성,2023-03-30
21,5765663F,2111035,찬성,2023-03-30
21,GFF1986K,2111035,찬성,2023-03-30
21,WJL30106,2111035,불참,2023-03-30
21,KNM3215T,2111035,찬성,2023-03-30
21,M7T9712V,2111035,불참,2023-03-30
21,UM51067K,2111035,찬성,2023-03-30
21,MY318392,2111035,찬성,2023-03-30
21,4T026790,2111035,찬성,2023-03-30
21,EH27538E,2111035,찬성,2023-03-30
21,WFU14784,2111035,찬성,2023-03-30
21,0WL9321T,2111035,찬성,2023-03-30
21,PZA4062H,2111035,찬성,2023-03-30
21,8348421R,2111035,찬성,2023-03-30
21,H5476989,2111035,찬성,2023-03-30
21,JQA21112,2111035,불참,2023-03-30
21,4L695580,2111035,찬성,2023-03-30
21,HXT76735,2111035,찬성,2023-03-30
21,0R68099X,2111035,찬성,2023-03-30
21,6RM29022,2111035,찬성,2023-03-30
21,2385336L,2111035,찬성,2023-03-30
21,IN328264,2111035,불참,2023-03-30
21,XBT9550Q,2111035,불참,2023-03-30
21,MO52543L,2111035,찬성,2023-03-30
21,X1K3667J,2111035,찬성,2023-03-30
21,WMG57662,2111035,찬성,2023-03-30
21,WTR5885Y,2111035,찬성,2023-03-30
21,IOW1101J,2111035,찬성,2023-03-30
21,ICH23251,2111035,찬성,2023-03-30
21,25I8709Q,2111035,찬성,2023-03-30
21,OIA3741M,2111035,불참,2023-03-30
21,6MO8786S,2111035,찬성,2023-03-30
21,XWX1513T,2111035,찬성,2023-03-30
21,LG63087O,2111035,불참,2023-03-30
21,OW53107J,2111035,불참,2023-03-30
21,PEP6922S,2111035,불참,2023-03-30
21,DAN6731C,2111035,불참,2023-03-30
21,L2I9861C,2111035,찬성,2023-03-30
21,WCD5518S,2111035,찬성,2023-03-30
21,IOW8224X,2111035,찬성,2023-03-30
21,9JF4562W,2111035,찬성,2023-03-30
21,Y7K5946R,2111035,불참,2023-03-30
21,Z7Y7827F,2111035,찬성,2023-03-30
21,ATB59635,2111035,찬성,2023-03-30
21,D6U6678O,2111035,찬성,2023-03-30
21,S9U45255,2111035,찬성,2023-03-30
21,8FC9697X,2111035,불참,2023-03-30
21,QKO6165V,2111035,불참,2023-03-30
21,GD131760,2111035,불참,2023-03-30
21,ZRF3039U,2111035,불참,2023-03-30
21,V0O5343U,2111035,찬성,2023-03-30
21,P0F1530P,2111035,불참,2023-03-30
21,XPP2564T,2111035,찬성,2023-03-30
21,FRN1867O,2111035,찬성,2023-03-30
21,LQW3652K,2111035,찬성,2023-03-30
21,RO593601,2111035,불참,2023-03-30
21,PFG2137X,2111035,기권,2023-03-30
21,UB114374,2111035,찬성,2023-03-30
21,0YT3774N,2111035,찬성,2023-03-30
21,7JC3239L,2111035,찬성,2023-03-30
21,40S1959J,2111035,찬성,2023-03-30
21,8KF7223D,2111035,찬성,2023-03-30
21,8P37634C,2111035,찬성,2023-03-30
21,N4R2421C,2111035,불참,2023-03-30
21,3C23171A,2111035,찬성,2023-03-30
21,GDG1847Z,2111035,불참,2023-03-30
21,O7R5461J,2111035,찬성,2023-03-30
21,JMY9959W,2111035,찬성,2023-03-30
21,7R156073,2111035,불참,2023-03-30
21,J2O8643H,2111035,찬성,2023-03-30
21,VCP96419,2111035,찬성,2023-03-30
21,8VJ8533R,2111035,찬성,2023-03-30
21,B7D7534L,2111035,찬성,2023-03-30
21,GX22581L,2111035,불참,2023-03-30
21,SE233396,2111035,찬성,2023-03-30
21,AFH96856,2111035,찬성,2023-03-30
21,52P3934K,2111035,찬성,2023-03-30
21,B7H6207C,2111035,찬성,2023-03-30
21,4U29186R,2111035,불참,2023-03-30
21,F5Y4026Q,2111035,찬성,2023-03-30
21,I0S53762,2111035,불참,2023-03-30
21,LH97552Q,2111035,찬성,2023-03-30
21,TKJ4800F,2111035,찬성,2023-03-30
21,O6D8329R,2111035,찬성,2023-03-30
21,EVH1507C,2111035,찬성,2023-03-30
21,K5F2023J,2111035,찬성,2023-03-30
21,N9X9673B,2111035,찬성,2023-03-30
21,5MD4184K,2111035,찬성,2023-03-30
21,5K93695T,2111035,찬성,2023-03-30
21,DPZ7685X,2111035,찬성,2023-03-30
21,E9R4507P,2111035,찬성,2023-03-30
21,UHB5553T,2111035,찬성,2023-03-30
21,J9S37905,2111035,불참,2023-03-30
21,A494529E,2111035,찬성,2023-03-30
21,VRY5522V,2111035,기권,2023-03-30
21,CAA7713A,2111035,찬성,2023-03-30
21,0PK7354M,2111035,찬성,2023-03-30
21,O0I2045I,2111035,찬성,2023-03-30
21,Z6R3959C,2111035,찬성,2023-03-30
21,QUM8288K,2111035,찬성,2023-03-30
21,S824682L,2111035,찬성,2023-03-30
21,W4X85128,2111035,불참,2023-03-30
21,Q9H5708M,2111035,불참,2023-03-30
21,MRK4871S,2111035,불참,2023-03-30
21,YKW37422,2111035,불참,2023-03-30
21,2NV6751W,2111035,찬성,2023-03-30
21,BM63269Y,2111035,찬성,2023-03-30
21,YLS4431M,2111035,불참,2023-03-30
21,MNZ4401T,2111035,찬성,2023-03-30
21,3ZR4438W,2111035,찬성,2023-03-30
21,HSS7466Y,2111035,불참,2023-03-30
21,16D7652C,2111035,찬성,2023-03-30
21,XR24352K,2111035,찬성,2023-03-30
21,QQP4727N,2111035,불참,2023-03-30
21,9L57027L,2111035,불참,2023-03-30
21,GOC54665,2111035,불참,2023-03-30
21,5UN9725L,2111035,불참,2023-03-30
21,DBA1057Z,2111035,불참,2023-03-30
21,C7E79345,2111035,찬성,2023-03-30
21,4019850M,2111035,찬성,2023-03-30
21,UQ282145,2111035,찬성,2023-03-30
21,9YO73104,2111035,찬성,2023-03-30
21,7BM2933Y,2111035,찬성,2023-03-30
21,CDL93608,2111035,불참,2023-03-30
21,2UD1340H,2111035,찬성,2023-03-30
21,9VR65006,2111035,찬성,2023-03-30
21,X7I4680R,2111035,불참,2023-03-30
21,EMC8812P,2111035,찬성,2023-03-30
21,XSP20229,2111035,불참,2023-03-30
21,FH777496,2111035,찬성,2023-03-30
21,FYI20317,2111035,찬성,2023-03-30
21,8X15119P,2111035,찬성,2023-03-30
21,ZYP7962W,2111035,찬성,2023-03-30
21,3249208I,2111035,불참,2023-03-30
21,GX38539O,2111035,찬성,2023-03-30
21,8Q88373R,2111035,불참,2023-03-30
21,XEF29171,2111035,찬성,2023-03-30
21,WVU2479T,2111035,찬성,2023-03-30
21,QTW6852F,2111035,찬성,2023-03-30
21,7XY7109I,2111035,찬성,2023-03-30
21,TST4507I,2111035,불참,2023-03-30
21,5KV82250,2111035,찬성,2023-03-30
21,L7J93733,2111035,찬성,2023-03-30
21,DAV7257X,2111035,찬성,2023-03-30
21,LT72093S,2111035,찬성,2023-03-30
21,GE71932C,2111035,찬성,2023-03-30
21,6YT83269,2111035,찬성,2023-03-30
21,1MU99298,2111035,찬성,2023-03-30
21,17M85910,2111035,찬성,2023-03-30
21,G152611B,2111035,불참,2023-03-30
21,I7R13867,2111035,찬성,2023-03-30
21,G1570880,2111035,찬성,2023-03-30
21,9LD2641Q,2111035,찬성,2023-03-30
21,FOK3459D,2111035,불참,2023-03-30
21,BT62420K,2111035,찬성,2023-03-30
21,LPB30152,2111035,찬성,2023-03-30
21,MD083627,2111035,찬성,2023-03-30
21,TZP9391O,2111035,찬성,2023-03-30
21,6V37131U,2111035,불참,2023-03-30
21,B7R2742J,2111035,찬성,2023-03-30
21,71J2365L,2111035,찬성,2023-03-30
21,W1Q6753M,2111035,찬성,2023-03-30
21,E1J8836Y,2111035,불참,2023-03-30
21,RD42006Y,2111035,불참,2023-03-30
21,1BX7234U,2111035,찬성,2023-03-30
21,QHL3248U,2111035,찬성,2023-03-30
21,TJW93720,2111035,찬성,2023-03-30
21,TZ228122,2111035,찬성,2023-03-30
21,9V18755A,2111035,찬성,2023-03-30
21,XA42275R,2111035,찬성,2023-03-30
21,PO64874I,2111035,찬성,2023-03-30
21,LBC8144B,2111035,기권,2023-03-30
21,VHK3402G,2111035,불참,2023-03-30
21,BM63269Y,2109844,불참,2021-12-02
21,XR24352K,2109844,찬성,2021-12-02
21,GOC54665,2109844,찬성,2021-12-02
21,DBA1057Z,2109844,불참,2021-12-02
21,C7E79345,2109844,불참,2021-12-02
21,UQ282145,2109844,찬성,2021-12-02
21,TRE2429O,2109844,찬성,2021-12-02
21,2UD1340H,2109844,찬성,2021-12-02
21,9VR65006,2109844,불참,2021-12-02
21,X7I4680R,2109844,찬성,2021-12-02
21,D0C85236,2109844,찬성,2021-12-02
21,XSP20229,2109844,찬성,2021-12-02
21,T465023H,2109844,찬성,2021-12-02
21,3RW63706,2109844,찬성,2021-12-02
21,8X15119P,2109844,불참,2021-12-02
21,9D939735,2109844,찬성,2021-12-02
21,TST4507I,2109844,불참,2021-12-02
21,JC14718Q,2109844,찬성,2021-12-02
21,5KV82250,2109844,찬성,2021-12-02
21,LT72093S,2109844,찬성,2021-12-02
21,1MU99298,2109844,찬성,2021-12-02
21,FDC3144T,2109844,찬성,2021-12-02
21,G152611B,2109844,찬성,2021-12-02
21,9LD2641Q,2109844,찬성,2021-12-02
21,FOK3459D,2109844,찬성,2021-12-02
21,QUO78839,2109844,찬성,2021-12-02
21,LPB30152,2109844,찬성,2021-12-02
21,6V37131U,2109844,찬성,2021-12-02
21,ZDP5704Q,2109844,찬성,2021-12-02
21,E1J8836Y,2109844,찬성,2021-12-02
21,6EN68926,2109844,불참,2021-12-02
21,1BX7234U,2109844,찬성,2021-12-02
21,QHL3248U,2109844,찬성,2021-12-02
21,9S151177,2109844,찬성,2021-12-02
21,9V18755A,2109844,찬성,2021-12-02
21,XA42275R,2109844,찬성,2021-12-02
21,PO64874I,2109844,불참,2021-12-02
21,FIC9046Z,2109844,찬성,2021-12-02
21,GKD32201,2109844,찬성,2021-12-02
21,MU69217P,2109844,찬성,2021-12-02
21,2N793392,2109844,찬성,2021-12-02
21,QD25323M,2109844,불참,2021-12-02
21,DAY6557K,2109844,찬성,2021-12-02
21,GP07421U,2109844,찬성,2021-12-02
21,FGI27280,2109844,찬성,2021-12-02
21,A3H7195R,2109844,불참,2021-12-02
21,3BC6890E,2109844,불참,2021-12-02
21,ZDR63255,2109844,찬성,2021-12-02
21,GFF1986K,2109844,찬성,2021-12-02
21,WJL30106,2109844,불참,2021-12-02
21,5KV96424,2109844,찬성,2021-12-02
21,HKJ99607,2109844,찬성,2021-12-02
21,MY318392,2109844,찬성,2021-12-02
21,EH27538E,2109844,찬성,2021-12-02
21,MR210505,2109844,불참,2021-12-02
21,GF286398,2109844,찬성,2021-12-02
21,JQA21112,2109844,찬성,2021-12-02
21,4L695580,2109844,찬성,2021-12-02
21,HXT76735,2109844,찬성,2021-12-02
21,RPN2293B,2109844,불참,2021-12-02
21,V429892C,2109844,불참,2021-12-02
21,4A067125,2109844,찬성,2021-12-02
21,0827740Q,2109844,불참,2021-12-02
21,L5P27909,2109844,불참,2021-12-02
21,IOW1101J,2109844,찬성,2021-12-02
21,CT85313K,2109844,찬성,2021-12-02
21,PAO22428,2109844,불참,2021-12-02
21,BLC8630L,2109844,찬성,2021-12-02
21,LG63087O,2109844,찬성,2021-12-02
21,VG24001G,2109844,찬성,2021-12-02
21,WCD5518S,2109844,찬성,2021-12-02
21,I434361W,2109844,찬성,2021-12-02
21,KUO3574J,2109844,찬성,2021-12-02
21,FU87526G,2109844,찬성,2021-12-02
21,8FC9697X,2109844,찬성,2021-12-02
21,GD131760,2109844,불참,2021-12-02
21,V0O5343U,2109844,불참,2021-12-02
21,FRN1867O,2109844,찬성,2021-12-02
21,RO593601,2109844,찬성,2021-12-02
21,UB114374,2109844,불참,2021-12-02
21,GAV6441G,2109844,찬성,2021-12-02
21,CNZ51556,2109844,불참,2021-12-02
21,O7R5461J,2109844,찬성,2021-12-02
21,J2O8643H,2109844,불참,2021-12-02
21,6AU2417B,2109844,찬성,2021-12-02
21,8VJ8533R,2109844,찬성,2021-12-02
21,B7H6207C,2109844,찬성,2021-12-02
21,4U29186R,2109844,찬성,2021-12-02
21,F5Y4026Q,2109844,찬성,2021-12-02
21,1Y73132H,2109844,찬성,2021-12-02
21,I0S53762,2109844,불참,2021-12-02
21,N9X9673B,2109844,불참,2021-12-02
21,E9R4507P,2109844,찬성,2021-12-02
21,KFS1358P,2109844,찬성,2021-12-02
21,J9S37905,2109844,찬성,2021-12-02
21,VRY5522V,2109844,찬성,2021-12-02
21,CAA7713A,2109844,찬성,2021-12-02
21,W4X85128,2109844,찬성,2021-12-02
21,Q9H5708M,2109844,찬성,2021-12-02
21,CFE3998F,2109844,찬성,2021-12-02
21,2NV6751W,2109844,찬성,2021-12-02
21,JNL7001A,2109844,불참,2021-12-02
21,L7T64271,2109844,찬성,2021-12-02
21,4X525582,2109844,불참,2021-12-02
21,G7512472,2109844,찬성,2021-12-02
21,3TO11703,2109844,찬성,2021-12-02
21,S741317G,2109844,불참,2021-12-02
21,CCU1009B,2109844,찬성,2021-12-02
21,66W6739S,2109844,불참,2021-12-02
21,LM13674V,2109844,찬성,2021-12-02
21,USR7059P,2109844,불참,2021-12-02
21,4XG1439M,2109844,찬성,2021-12-02
21,P2N50879,2109844,찬성,2021-12-02
21,A0P4646G,2109844,불참,2021-12-02
21,A2V51235,2109844,찬성,2021-12-02
21,7I09543O,2109844,찬성,2021-12-02
21,1X376850,2109844,찬성,2021-12-02
21,3DK8989T,2109844,불참,2021-12-02
21,7469929V,2109844,불참,2021-12-02
21,D4L60530,2109844,찬성,2021-12-02
21,M6H1705E,2109844,찬성,2021-12-02
21,OFE45081,2109844,찬성,2021-12-02
21,09I2323E,2109844,찬성,2021-12-02
21,NTT8182Q,2109844,찬성,2021-12-02
21,ZYH1940A,2109844,불참,2021-12-02
21,0VU8517U,2109844,불참,2021-12-02
21,M0A1658U,2109844,찬성,2021-12-02
21,HSW1214Q,2109844,찬성,2021-12-02
21,NZF1659U,2109844,찬성,2021-12-02
21,WDS6044S,2109844,불참,2021-12-02
21,KR14136C,2109844,찬성,2021-12-02
21,SRP7336N,2109844,불참,2021-12-02
21,5765663F,2109844,찬성,2021-12-02
21,ZKU88693,2109844,찬성,2021-12-02
21,KNM3215T,2109844,불참,2021-12-02
21,M7T9712V,2109844,불참,2021-12-02
21,60490713,2109844,찬성,2021-12-02
21,UM51067K,2109844,찬성,2021-12-02
21,1WE5693J,2109844,찬성,2021-12-02
21,X3170462,2109844,불참,2021-12-02
21,8FB1535Y,2109844,찬성,2021-12-02
21,4T026790,2109844,불참,2021-12-02
21,WFU14784,2109844,찬성,2021-12-02
21,SU53086M,2109844,불참,2021-12-02
21,0WL9321T,2109844,찬성,2021-12-02
21,PZA4062H,2109844,찬성,2021-12-02
21,8348421R,2109844,불참,2021-12-02
21,H5476989,2109844,찬성,2021-12-02
21,40E3739H,2109844,찬성,2021-12-02
21,0R68099X,2109844,찬성,2021-12-02
21,2385336L,2109844,불참,2021-12-02
21,IN328264,2109844,찬성,2021-12-02
21,XBT9550Q,2109844,찬성,2021-12-02
21,ZA54991S,2109844,찬성,2021-12-02
21,MO52543L,2109844,찬성,2021-12-02
21,0W194007,2109844,찬성,2021-12-02
21,X1K3667J,2109844,찬성,2021-12-02
21,WMG57662,2109844,찬성,2021-12-02
21,NCP9875N,2109844,찬성,2021-12-02
21,I5I2468R,2109844,찬성,2021-12-02
21,WTR5885Y,2109844,찬성,2021-12-02
21,3425169D,2109844,찬성,2021-12-02
21,ICH23251,2109844,불참,2021-12-02
21,25I8709Q,2109844,찬성,2021-12-02
21,OIA3741M,2109844,찬성,2021-12-02
21,6MO8786S,2109844,찬성,2021-12-02
21,XWX1513T,2109844,찬성,2021-12-02
21,NQR1206Q,2109844,불참,2021-12-02
21,NAL4555X,2109844,불참,2021-12-02
21,OW53107J,2109844,찬성,2021-12-02
21,PEP6922S,2109844,찬성,2021-12-02
21,DAN6731C,2109844,찬성,2021-12-02
21,L2I9861C,2109844,찬성,2021-12-02
21,SVH3899R,2109844,찬성,2021-12-02
21,IOW8224X,2109844,찬성,2021-12-02
21,9JF4562W,2109844,찬성,2021-12-02
21,Y7K5946R,2109844,찬성,2021-12-02
21,Z7Y7827F,2109844,찬성,2021-12-02
21,ATB59635,2109844,찬성,2021-12-02
21,SBK1544B,2109844,불참,2021-12-02
21,D6U6678O,2109844,찬성,2021-12-02
21,S9U45255,2109844,불참,2021-12-02
21,8SV6917G,2109844,불참,2021-12-02
21,QKO6165V,2109844,불참,2021-12-02
21,ZRF3039U,2109844,찬성,2021-12-02
21,68P7228G,2109844,불참,2021-12-02
21,P0F1530P,2109844,불참,2021-12-02
21,XPP2564T,2109844,불참,2021-12-02
21,LQW3652K,2109844,기권,2021-12-02
21,PFG2137X,2109844,찬성,2021-12-02
21,0YT3774N,2109844,불참,2021-12-02
21,7JC3239L,2109844,찬성,2021-12-02
21,40S1959J,2109844,찬성,2021-12-02
21,IL74008M,2109844,불참,2021-12-02
21,8KF7223D,2109844,불참,2021-12-02
21,8P37634C,2109844,찬성,2021-12-02
21,N4R2421C,2109844,불참,2021-12-02
21,3C23171A,2109844,찬성,2021-12-02
21,GDG1847Z,2109844,불참,2021-12-02
21,P2N4585G,2109844,찬성,2021-12-02
21,TVF3669B,2109844,불참,2021-12-02
21,JMY9959W,2109844,찬성,2021-12-02
21,7R156073,2109844,불참,2021-12-02
21,6AR6743G,2109844,불참,2021-12-02
21,VCP96419,2109844,찬성,2021-12-02
21,B7D7534L,2109844,불참,2021-12-02
21,GX22581L,2109844,찬성,2021-12-02
21,SE233396,2109844,찬성,2021-12-02
21,AFH96856,2109844,불참,2021-12-02
21,52P3934K,2109844,불참,2021-12-02
21,6399076T,2109844,찬성,2021-12-02
21,WHV3448W,2109844,불참,2021-12-02
21,LH97552Q,2109844,찬성,2021-12-02
21,TKJ4800F,2109844,찬성,2021-12-02
21,O6D8329R,2109844,찬성,2021-12-02
21,04T3751T,2109844,불참,2021-12-02
21,MSY7784L,2109844,불참,2021-12-02
21,EVH1507C,2109844,찬성,2021-12-02
21,K5F2023J,2109844,찬성,2021-12-02
21,14M56632,2109844,불참,2021-12-02
21,5MD4184K,2109844,불참,2021-12-02
21,5K93695T,2109844,찬성,2021-12-02
21,DPZ7685X,2109844,불참,2021-12-02
21,6U243644,2109844,찬성,2021-12-02
21,UHB5553T,2109844,찬성,2021-12-02
21,A494529E,2109844,불참,2021-12-02
21,0PK7354M,2109844,찬성,2021-12-02
21,O0I2045I,2109844,찬성,2021-12-02
21,CZB4125D,2109844,불참,2021-12-02
21,Z6R3959C,2109844,찬성,2021-12-02
21,QUM8288K,2109844,불참,2021-12-02
21,UGH6481E,2109844,찬성,2021-12-02
21,S824682L,2109844,찬성,2021-12-02
21,JZY9937U,2109844,찬성,2021-12-02
21,MRK4871S,2109844,찬성,2021-12-02
21,YKW37422,2109844,불참,2021-12-02
21,M7O7878U,2109844,불참,2021-12-02
21,YLS4431M,2109844,불참,2021-12-02
21,MNZ4401T,2109844,불참,2021-12-02
21,3ZR4438W,2109844,불참,2021-12-02
21,HSS7466Y,2109844,찬성,2021-12-02
21,16D7652C,2109844,찬성,2021-12-02
21,KB04377U,2109844,찬성,2021-12-02
21,FU53642G,2109844,찬성,2021-12-02
21,MLH1404S,2109844,찬성,2021-12-02
21,8VY63414,2109844,불참,2021-12-02
21,QQP4727N,2109844,찬성,2021-12-02
21,JEZ3130Q,2109844,불참,2021-12-02
21,BCQ55105,2109844,찬성,2021-12-02
21,9L57027L,2109844,불참,2021-12-02
21,5UN9725L,2109844,불참,2021-12-02
21,LJK4960Z,2109844,찬성,2021-12-02
21,K3W33496,2109844,찬성,2021-12-02
21,M2Q9024I,2109844,불참,2021-12-02
21,CI15627C,2109844,찬성,2021-12-02
21,21N57758,2109844,불참,2021-12-02
21,4019850M,2109844,불참,2021-12-02
21,9YO73104,2109844,찬성,2021-12-02
21,E6U4345C,2109844,찬성,2021-12-02
21,7BM2933Y,2109844,찬성,2021-12-02
21,CDL93608,2109844,불참,2021-12-02
21,EMC8812P,2109844,찬성,2021-12-02
21,XJC13432,2109844,불참,2021-12-02
21,RQQ3807K,2109844,찬성,2021-12-02
21,FH777496,2109844,찬성,2021-12-02
21,FYI20317,2109844,찬성,2021-12-02
21,ZYP7962W,2109844,불참,2021-12-02
21,CNW5754J,2109844,불참,2021-12-02
21,3249208I,2109844,찬성,2021-12-02
21,GX38539O,2109844,찬성,2021-12-02
21,8Q88373R,2109844,찬성,2021-12-02
21,XEF29171,2109844,찬성,2021-12-02
21,WVU2479T,2109844,찬성,2021-12-02
21,QTW6852F,2109844,불참,2021-12-02
21,7XY7109I,2109844,불참,2021-12-02
21,L7J93733,2109844,불참,2021-12-02
21,DAV7257X,2109844,찬성,2021-12-02
21,GE71932C,2109844,찬성,2021-12-02
21,6YT83269,2109844,불참,2021-12-02
21,17M85910,2109844,찬성,2021-12-02
21,I7R13867,2109844,찬성,2021-12-02
21,SQ36001H,2109844,찬성,2021-12-02
21,G1570880,2109844,찬성,2021-12-02
21,BT62420K,2109844,찬성,2021-12-02
21,MD083627,2109844,찬성,2021-12-02
21,TZP9391O,2109844,찬성,2021-12-02
21,OSV9142K,2109844,찬성,2021-12-02
21,B7R2742J,2109844,찬성,2021-12-02
21,FJK3396E,2109844,찬성,2021-12-02
21,71J2365L,2109844,찬성,2021-12-02
21,7O71647Z,2109844,찬성,2021-12-02
21,W1Q6753M,2109844,불참,2021-12-02
21,RD42006Y,2109844,불참,2021-12-02
21,TJW93720,2109844,찬성,2021-12-02
21,TZ228122,2109844,찬성,2021-12-02
21,JMY9959W,2107198,찬성,2021-05-21
21,VCP96419,2107198,불참,2021-05-21
21,8VJ8533R,2107198,찬성,2021-05-21
21,SE233396,2107198,불참,2021-05-21
21,52P3934K,2107198,찬성,2021-05-21
21,6399076T,2107198,찬성,2021-05-21
21,4U29186R,2107198,찬성,2021-05-21
21,F5Y4026Q,2107198,찬성,2021-05-21
21,MSY7784L,2107198,불참,2021-05-21
21,14M56632,2107198,불참,2021-05-21
21,N9X9673B,2107198,찬성,2021-05-21
21,TP066860,2107198,찬성,2021-05-21
21,5K93695T,2107198,불참,2021-05-21
21,KFS1358P,2107198,찬성,2021-05-21
21,J9S37905,2107198,찬성,2021-05-21
21,VRY5522V,2107198,찬성,2021-05-21
21,CZB4125D,2107198,찬성,2021-05-21
21,Z6R3959C,2107198,불참,2021-05-21
21,S824682L,2107198,찬성,2021-05-21
21,Q9H5708M,2107198,찬성,2021-05-21
21,MRK4871S,2107198,찬성,2021-05-21
21,2NV6751W,2107198,불참,2021-05-21
21,BM63269Y,2107198,불참,2021-05-21
21,3ZR4438W,2107198,불참,2021-05-21
21,16D7652C,2107198,불참,2021-05-21
21,8VY63414,2107198,찬성,2021-05-21
21,XR24352K,2107198,찬성,2021-05-21
21,QQP4727N,2107198,찬성,2021-05-21
21,GOC54665,2107198,불참,2021-05-21
21,LJK4960Z,2107198,찬성,2021-05-21
21,M2Q9024I,2107198,불참,2021-05-21
21,CI15627C,2107198,찬성,2021-05-21
21,C7E79345,2107198,불참,2021-05-21
21,4019850M,2107198,찬성,2021-05-21
21,UQ282145,2107198,찬성,2021-05-21
21,CDL93608,2107198,찬성,2021-05-21
21,2UD1340H,2107198,찬성,2021-05-21
21,X7I4680R,2107198,불참,2021-05-21
21,EMC8812P,2107198,찬성,2021-05-21
21,XJC13432,2107198,불참,2021-05-21
21,XSP20229,2107198,찬성,2021-05-21
21,T465023H,2107198,찬성,2021-05-21
21,7XY7109I,2107198,찬성,2021-05-21
21,TST4507I,2107198,찬성,2021-05-21
21,JC14718Q,2107198,찬성,2021-05-21
21,5KV82250,2107198,불참,2021-05-21
21,L7J93733,2107198,찬성,2021-05-21
21,LT72093S,2107198,찬성,2021-05-21
21,6YT83269,2107198,불참,2021-05-21
21,1MU99298,2107198,찬성,2021-05-21
21,FDC3144T,2107198,찬성,2021-05-21
21,17M85910,2107198,찬성,2021-05-21
21,G152611B,2107198,불참,2021-05-21
21,9LD2641Q,2107198,찬성,2021-05-21
21,QUO78839,2107198,찬성,2021-05-21
21,BT62420K,2107198,찬성,2021-05-21
21,6V37131U,2107198,찬성,2021-05-21
21,RD42006Y,2107198,불참,2021-05-21
21,1BX7234U,2107198,찬성,2021-05-21
21,QHL3248U,2107198,찬성,2021-05-21
21,AE685067,2107198,불참,2021-05-21
21,TZ228122,2107198,찬성,2021-05-21
21,9V18755A,2107198,찬성,2021-05-21
21,XA42275R,2107198,찬성,2021-05-21
21,FIC9046Z,2107198,찬성,2021-05-21
21,JNL7001A,2107198,불참,2021-05-21
21,4X525582,2107198,불참,2021-05-21
21,GKD32201,2107198,찬성,2021-05-21
21,S741317G,2107198,찬성,2021-05-21
21,CCU1009B,2107198,찬성,2021-05-21
21,2N793392,2107198,찬성,2021-05-21
21,QD25323M,2107198,찬성,2021-05-21
21,A0P4646G,2107198,불참,2021-05-21
21,1X376850,2107198,찬성,2021-05-21
21,3DK8989T,2107198,불참,2021-05-21
21,7469929V,2107198,불참,2021-05-21
21,D4L60530,2107198,찬성,2021-05-21
21,09I2323E,2107198,찬성,2021-05-21
21,A3H7195R,2107198,찬성,2021-05-21
21,ZYH1940A,2107198,찬성,2021-05-21
21,M0A1658U,2107198,찬성,2021-05-21
21,NZF1659U,2107198,찬성,2021-05-21
21,WDS6044S,2107198,찬성,2021-05-21
21,ZDR63255,2107198,불참,2021-05-21
21,SRP7336N,2107198,찬성,2021-05-21
21,5765663F,2107198,찬성,2021-05-21
21,GFF1986K,2107198,찬성,2021-05-21
21,WJL30106,2107198,찬성,2021-05-21
21,5KV96424,2107198,찬성,2021-05-21
21,KNM3215T,2107198,찬성,2021-05-21
21,60490713,2107198,찬성,2021-05-21
21,1WE5693J,2107198,찬성,2021-05-21
21,MY318392,2107198,찬성,2021-05-21
21,4T026790,2107198,찬성,2021-05-21
21,EH27538E,2107198,찬성,2021-05-21
21,WFU14784,2107198,찬성,2021-05-21
21,PZA4062H,2107198,찬성,2021-05-21
21,GF286398,2107198,찬성,2021-05-21
21,4L695580,2107198,찬성,2021-05-21
21,40E3739H,2107198,찬성,2021-05-21
21,RPN2293B,2107198,찬성,2021-05-21
21,V429892C,2107198,찬성,2021-05-21
21,ZA54991S,2107198,찬성,2021-05-21
21,0827740Q,2107198,찬성,2021-05-21
21,WTR5885Y,2107198,불참,2021-05-21
21,IOW1101J,2107198,찬성,2021-05-21
21,25I8709Q,2107198,찬성,2021-05-21
21,CT85313K,2107198,찬성,2021-05-21
21,PAO22428,2107198,찬성,2021-05-21
21,BLC8630L,2107198,찬성,2021-05-21
21,LG63087O,2107198,찬성,2021-05-21
21,DAN6731C,2107198,찬성,2021-05-21
21,VG24001G,2107198,반대,2021-05-21
21,WCD5518S,2107198,찬성,2021-05-21
21,I434361W,2107198,찬성,2021-05-21
21,SBK1544B,2107198,찬성,2021-05-21
21,8FC9697X,2107198,불참,2021-05-21
21,ZRF3039U,2107198,찬성,2021-05-21
21,V0O5343U,2107198,찬성,2021-05-21
21,P0F1530P,2107198,불참,2021-05-21
21,FRN1867O,2107198,찬성,2021-05-21
21,GAV6441G,2107198,찬성,2021-05-21
21,7JC3239L,2107198,반대,2021-05-21
21,8KF7223D,2107198,찬성,2021-05-21
21,CNZ51556,2107198,찬성,2021-05-21
21,N4R2421C,2107198,불참,2021-05-21
21,GDG1847Z,2107198,찬성,2021-05-21
21,O7R5461J,2107198,찬성,2021-05-21
21,L7T64271,2107198,찬성,2021-05-21
21,G7512472,2107198,찬성,2021-05-21
21,3TO11703,2107198,찬성,2021-05-21
21,MU69217P,2107198,찬성,2021-05-21
21,66W6739S,2107198,찬성,2021-05-21
21,LM13674V,2107198,불참,2021-05-21
21,DAY6557K,2107198,찬성,2021-05-21
21,GP07421U,2107198,찬성,2021-05-21
21,FGI27280,2107198,찬성,2021-05-21
21,USR7059P,2107198,기권,2021-05-21
21,4XG1439M,2107198,찬성,2021-05-21
21,P2N50879,2107198,찬성,2021-05-21
21,A2V51235,2107198,찬성,2021-05-21
21,7I09543O,2107198,찬성,2021-05-21
21,M6H1705E,2107198,찬성,2021-05-21
21,OFE45081,2107198,찬성,2021-05-21
21,NTT8182Q,2107198,찬성,2021-05-21
21,0VU8517U,2107198,불참,2021-05-21
21,HSW1214Q,2107198,찬성,2021-05-21
21,3BC6890E,2107198,기권,2021-05-21
21,KR14136C,2107198,불참,2021-05-21
21,ZKU88693,2107198,찬성,2021-05-21
21,M7T9712V,2107198,불참,2021-05-21
21,UM51067K,2107198,불참,2021-05-21
21,HKJ99607,2107198,찬성,2021-05-21
21,X3170462,2107198,불참,2021-05-21
21,8FB1535Y,2107198,찬성,2021-05-21
21,SU53086M,2107198,찬성,2021-05-21
21,0WL9321T,2107198,찬성,2021-05-21
21,MR210505,2107198,찬성,2021-05-21
21,8348421R,2107198,찬성,2021-05-21
21,H5476989,2107198,찬성,2021-05-21
21,JQA21112,2107198,찬성,2021-05-21
21,HXT76735,2107198,찬성,2021-05-21
21,0R68099X,2107198,찬성,2021-05-21
21,4A067125,2107198,불참,2021-05-21
21,2385336L,2107198,찬성,2021-05-21
21,IN328264,2107198,찬성,2021-05-21
21,XBT9550Q,2107198,찬성,2021-05-21
21,MO52543L,2107198,불참,2021-05-21
21,0W194007,2107198,찬성,2021-05-21
21,X1K3667J,2107198,찬성,2021-05-21
21,WMG57662,2107198,불참,2021-05-21
21,NCP9875N,2107198,불참,2021-05-21
21,I5I2468R,2107198,불참,2021-05-21
21,L5P27909,2107198,불참,2021-05-21
21,3425169D,2107198,찬성,2021-05-21
21,ICH23251,2107198,불참,2021-05-21
21,OIA3741M,2107198,찬성,2021-05-21
21,6MO8786S,2107198,찬성,2021-05-21
21,XWX1513T,2107198,찬성,2021-05-21
21,NQR1206Q,2107198,찬성,2021-05-21
21,0767470D,2107198,불참,2021-05-21
21,NAL4555X,2107198,불참,2021-05-21
21,OW53107J,2107198,찬성,2021-05-21
21,PEP6922S,2107198,찬성,2021-05-21
21,L2I9861C,2107198,찬성,2021-05-21
21,SVH3899R,2107198,찬성,2021-05-21
21,IOW8224X,2107198,찬성,2021-05-21
21,9JF4562W,2107198,찬성,2021-05-21
21,Y7K5946R,2107198,찬성,2021-05-21
21,Z7Y7827F,2107198,찬성,2021-05-21
21,ATB59635,2107198,찬성,2021-05-21
21,KUO3574J,2107198,찬성,2021-05-21
21,D6U6678O,2107198,찬성,2021-05-21
21,FU87526G,2107198,찬성,2021-05-21
21,S9U45255,2107198,불참,2021-05-21
21,8SV6917G,2107198,불참,2021-05-21
21,QKO6165V,2107198,불참,2021-05-21
21,GD131760,2107198,불참,2021-05-21
21,68P7228G,2107198,찬성,2021-05-21
21,XPP2564T,2107198,불참,2021-05-21
21,LQW3652K,2107198,불참,2021-05-21
21,RO593601,2107198,찬성,2021-05-21
21,PFG2137X,2107198,찬성,2021-05-21
21,UB114374,2107198,기권,2021-05-21
21,0YT3774N,2107198,찬성,2021-05-21
21,40S1959J,2107198,찬성,2021-05-21
21,IL74008M,2107198,찬성,2021-05-21
21,8P37634C,2107198,찬성,2021-05-21
21,3C23171A,2107198,찬성,2021-05-21
21,P2N4585G,2107198,찬성,2021-05-21
21,TVF3669B,2107198,불참,2021-05-21
21,7R156073,2107198,불참,2021-05-21
21,6AR6743G,2107198,찬성,2021-05-21
21,J2O8643H,2107198,찬성,2021-05-21
21,6AU2417B,2107198,불참,2021-05-21
21,B7D7534L,2107198,찬성,2021-05-21
21,GX22581L,2107198,찬성,2021-05-21
21,AFH96856,2107198,찬성,2021-05-21
21,B7H6207C,2107198,찬성,2021-05-21
21,WHV3448W,2107198,찬성,2021-05-21
21,1Y73132H,2107198,찬성,2021-05-21
21,I0S53762,2107198,불참,2021-05-21
21,LH97552Q,2107198,찬성,2021-05-21
21,TKJ4800F,2107198,찬성,2021-05-21
21,O6D8329R,2107198,불참,2021-05-21
21,04T3751T,2107198,찬성,2021-05-21
21,EVH1507C,2107198,기권,2021-05-21
21,K5F2023J,2107198,찬성,2021-05-21
21,5MD4184K,2107198,찬성,2021-05-21
21,DPZ7685X,2107198,찬성,2021-05-21
21,6U243644,2107198,찬성,2021-05-21
21,E9R4507P,2107198,찬성,2021-05-21
21,UHB5553T,2107198,찬성,2021-05-21
21,A494529E,2107198,찬성,2021-05-21
21,CAA7713A,2107198,찬성,2021-05-21
21,0PK7354M,2107198,찬성,2021-05-21
21,O0I2045I,2107198,찬성,2021-05-21
21,QUM8288K,2107198,불참,2021-05-21
21,UGH6481E,2107198,불참,2021-05-21
21,W4X85128,2107198,찬성,2021-05-21
21,CFE3998F,2107198,불참,2021-05-21
21,JZY9937U,2107198,찬성,2021-05-21
21,YKW37422,2107198,불참,2021-05-21
21,M7O7878U,2107198,찬성,2021-05-21
21,YLS4431M,2107198,찬성,2021-05-21
21,MNZ4401T,2107198,찬성,2021-05-21
21,HSS7466Y,2107198,찬성,2021-05-21
21,KB04377U,2107198,찬성,2021-05-21
21,FU53642G,2107198,찬성,2021-05-21
21,MLH1404S,2107198,불참,2021-05-21
21,IUL4848V,2107198,찬성,2021-05-21
21,JEZ3130Q,2107198,찬성,2021-05-21
21,BCQ55105,2107198,찬성,2021-05-21
21,9L57027L,2107198,반대,2021-05-21
21,5UN9725L,2107198,불참,2021-05-21
21,K3W33496,2107198,불참,2021-05-21
21,DBA1057Z,2107198,찬성,2021-05-21
21,21N57758,2107198,찬성,2021-05-21
21,9YO73104,2107198,찬성,2021-05-21
21,TRE2429O,2107198,찬성,2021-05-21
21,E6U4345C,2107198,찬성,2021-05-21
21,7BM2933Y,2107198,찬성,2021-05-21
21,9VR65006,2107198,불참,2021-05-21
21,D0C85236,2107198,찬성,2021-05-21
21,3RW63706,2107198,찬성,2021-05-21
21,RQQ3807K,2107198,찬성,2021-05-21
21,FH777496,2107198,찬성,2021-05-21
21,FYI20317,2107198,찬성,2021-05-21
21,8X15119P,2107198,불참,2021-05-21
21,ZYP7962W,2107198,불참,2021-05-21
21,CNW5754J,2107198,찬성,2021-05-21
21,3249208I,2107198,찬성,2021-05-21
21,GX38539O,2107198,불참,2021-05-21
21,8Q88373R,2107198,찬성,2021-05-21
21,XEF29171,2107198,찬성,2021-05-21
21,WVU2479T,2107198,찬성,2021-05-21
21,9D939735,2107198,불참,2021-05-21
21,QTW6852F,2107198,찬성,2021-05-21
21,DAV7257X,2107198,찬성,2021-05-21
21,GE71932C,2107198,불참,2021-05-21
21,I7R13867,2107198,불참,2021-05-21
21,SQ36001H,2107198,찬성,2021-05-21
21,G1570880,2107198,찬성,2021-05-21
21,FOK3459D,2107198,찬성,2021-05-21
21,LPB30152,2107198,찬성,2021-05-21
21,MD083627,2107198,찬성,2021-05-21
21,TZP9391O,2107198,찬성,2021-05-21
21,OSV9142K,2107198,찬성,2021-05-21
21,B7R2742J,2107198,찬성,2021-05-21
21,FJK3396E,2107198,찬성,2021-05-21
21,ZDP5704Q,2107198,반대,2021-05-21
21,71J2365L,2107198,불참,2021-05-21
21,7O71647Z,2107198,찬성,2021-05-21
21,W1Q6753M,2107198,찬성,2021-05-21
21,MHK9919B,2107198,불참,2021-05-21
21,E1J8836Y,2107198,찬성,2021-05-21
21,6EN68926,2107198,불참,2021-05-21
21,TJW93720,2107198,찬성,2021-05-21
21,9S151177,2107198,찬성,2021-05-21
21,PO64874I,2107198,불참,2021-05-21
21,UGH6481E,2116267,찬성,2023-05-25
21,JZY9937U,2116267,불참,2023-05-25
21,KB04377U,2116267,불참,2023-05-25
21,MLH1404S,2116267,불참,2023-05-25
21,QQP4727N,2116267,찬성,2023-05-25
21,IUD9392R,2116267,불참,2023-05-25
21,DBA1057Z,2116267,찬성,2023-05-25
21,CI15627C,2116267,찬성,2023-05-25
21,TRE2429O,2116267,불참,2023-05-25
21,9VR65006,2116267,불참,2023-05-25
21,T465023H,2116267,찬성,2023-05-25
21,3RW63706,2116267,찬성,2023-05-25
21,RQQ3807K,2116267,찬성,2023-05-25
21,ZYP7962W,2116267,불참,2023-05-25
21,CNW5754J,2116267,불참,2023-05-25
21,8Q88373R,2116267,불참,2023-05-25
21,7XY7109I,2116267,불참,2023-05-25
21,JC14718Q,2116267,찬성,2023-05-25
21,FDC3144T,2116267,찬성,2023-05-25
21,QUO78839,2116267,찬성,2023-05-25
21,OSV9142K,2116267,찬성,2023-05-25
21,71J2365L,2116267,불참,2023-05-25
21,7O71647Z,2116267,찬성,2023-05-25
21,E1J8836Y,2116267,찬성,2023-05-25
21,TJW93720,2116267,불참,2023-05-25
21,9S151177,2116267,찬성,2023-05-25
21,DWK26447,2116267,불참,2023-05-25
21,3TO11703,2116267,불참,2023-05-25
21,LM13674V,2116267,찬성,2023-05-25
21,QD25323M,2116267,불참,2023-05-25
21,DAY6557K,2116267,찬성,2023-05-25
21,FGI27280,2116267,불참,2023-05-25
21,USR7059P,2116267,찬성,2023-05-25
21,4XG1439M,2116267,찬성,2023-05-25
21,P2N50879,2116267,찬성,2023-05-25
21,A0P4646G,2116267,찬성,2023-05-25
21,A2V51235,2116267,불참,2023-05-25
21,7I09543O,2116267,찬성,2023-05-25
21,7469929V,2116267,불참,2023-05-25
21,OFE45081,2116267,찬성,2023-05-25
21,0VU8517U,2116267,불참,2023-05-25
21,SRP7336N,2116267,불참,2023-05-25
21,ZKU88693,2116267,찬성,2023-05-25
21,60490713,2116267,찬성,2023-05-25
21,HKJ99607,2116267,불참,2023-05-25
21,1WE5693J,2116267,찬성,2023-05-25
21,MY318392,2116267,불참,2023-05-25
21,8FB1535Y,2116267,찬성,2023-05-25
21,SU53086M,2116267,찬성,2023-05-25
21,GF286398,2116267,찬성,2023-05-25
21,8348421R,2116267,찬성,2023-05-25
21,RPN2293B,2116267,찬성,2023-05-25
21,6RM29022,2116267,찬성,2023-05-25
21,MQU41854,2116267,찬성,2023-05-25
21,ZA54991S,2116267,찬성,2023-05-25
21,0827740Q,2116267,찬성,2023-05-25
21,0W194007,2116267,찬성,2023-05-25
21,NCP9875N,2116267,찬성,2023-05-25
21,I5I2468R,2116267,찬성,2023-05-25
21,3425169D,2116267,찬성,2023-05-25
21,CT85313K,2116267,찬성,2023-05-25
21,BLC8630L,2116267,불참,2023-05-25
21,NQR1206Q,2116267,찬성,2023-05-25
21,9JF4562W,2116267,불참,2023-05-25
21,KUO3574J,2116267,찬성,2023-05-25
21,D6U6678O,2116267,찬성,2023-05-25
21,FU87526G,2116267,찬성,2023-05-25
21,S9U45255,2116267,찬성,2023-05-25
21,ZRF3039U,2116267,불참,2023-05-25
21,68P7228G,2116267,찬성,2023-05-25
21,P0F1530P,2116267,불참,2023-05-25
21,0YT3774N,2116267,찬성,2023-05-25
21,IL74008M,2116267,불참,2023-05-25
21,8KF7223D,2116267,불참,2023-05-25
21,CNZ51556,2116267,찬성,2023-05-25
21,N4R2421C,2116267,찬성,2023-05-25
21,3C23171A,2116267,찬성,2023-05-25
21,GDG1847Z,2116267,찬성,2023-05-25
21,P2N4585G,2116267,찬성,2023-05-25
21,VCP96419,2116267,불참,2023-05-25
21,6AU2417B,2116267,불참,2023-05-25
21,8VJ8533R,2116267,불참,2023-05-25
21,52P3934K,2116267,찬성,2023-05-25
21,6399076T,2116267,찬성,2023-05-25
21,WHV3448W,2116267,찬성,2023-05-25
21,6RD62559,2116267,찬성,2023-05-25
21,04T3751T,2116267,불참,2023-05-25
21,DPZ7685X,2116267,찬성,2023-05-25
21,KFS1358P,2116267,찬성,2023-05-25
21,VRY5522V,2116267,찬성,2023-05-25
21,F5U2979W,2116267,찬성,2023-05-25
21,YOG1280B,2116267,찬성,2023-05-25
21,FIC9046Z,2116267,불참,2023-05-25
21,NUB4941Z,2116267,찬성,2023-05-25
21,KFM1081G,2116267,찬성,2023-05-25
21,NLR6572J,2116267,찬성,2023-05-25
21,YTA7297R,2116267,찬성,2023-05-25
21,L7T64271,2116267,찬성,2023-05-25
21,4X525582,2116267,찬성,2023-05-25
21,GKD32201,2116267,찬성,2023-05-25
21,G7512472,2116267,불참,2023-05-25
21,S741317G,2116267,찬성,2023-05-25
21,CCU1009B,2116267,찬성,2023-05-25
21,MU69217P,2116267,불참,2023-05-25
21,2N793392,2116267,불참,2023-05-25
21,66W6739S,2116267,찬성,2023-05-25
21,JVB6983V,2116267,찬성,2023-05-25
21,GP07421U,2116267,찬성,2023-05-25
21,3DK8989T,2116267,불참,2023-05-25
21,D4L60530,2116267,찬성,2023-05-25
21,M6H1705E,2116267,찬성,2023-05-25
21,09I2323E,2116267,찬성,2023-05-25
21,NTT8182Q,2116267,찬성,2023-05-25
21,A3H7195R,2116267,불참,2023-05-25
21,ZYH1940A,2116267,불참,2023-05-25
21,M0A1658U,2116267,찬성,2023-05-25
21,HSW1214Q,2116267,찬성,2023-05-25
21,NZF1659U,2116267,찬성,2023-05-25
21,WDS6044S,2116267,찬성,2023-05-25
21,3BC6890E,2116267,찬성,2023-05-25
21,ZDR63255,2116267,불참,2023-05-25
21,KR14136C,2116267,불참,2023-05-25
21,5765663F,2116267,불참,2023-05-25
21,GFF1986K,2116267,찬성,2023-05-25
21,WJL30106,2116267,불참,2023-05-25
21,5KV96424,2116267,찬성,2023-05-25
21,KNM3215T,2116267,찬성,2023-05-25
21,M7T9712V,2116267,찬성,2023-05-25
21,UM51067K,2116267,찬성,2023-05-25
21,X3170462,2116267,불참,2023-05-25
21,4T026790,2116267,찬성,2023-05-25
21,EH27538E,2116267,찬성,2023-05-25
21,WFU14784,2116267,찬성,2023-05-25
21,0WL9321T,2116267,찬성,2023-05-25
21,PZA4062H,2116267,찬성,2023-05-25
21,MR210505,2116267,찬성,2023-05-25
21,H5476989,2116267,찬성,2023-05-25
21,JQA21112,2116267,찬성,2023-05-25
21,4L695580,2116267,찬성,2023-05-25
21,40E3739H,2116267,찬성,2023-05-25
21,6FS10566,2116267,찬성,2023-05-25
21,HXT76735,2116267,불참,2023-05-25
21,0R68099X,2116267,찬성,2023-05-25
21,V429892C,2116267,찬성,2023-05-25
21,2385336L,2116267,찬성,2023-05-25
21,IN328264,2116267,불참,2023-05-25
21,XBT9550Q,2116267,찬성,2023-05-25
21,MO52543L,2116267,불참,2023-05-25
21,X1K3667J,2116267,찬성,2023-05-25
21,WMG57662,2116267,찬성,2023-05-25
21,WTR5885Y,2116267,찬성,2023-05-25
21,IOW1101J,2116267,찬성,2023-05-25
21,ICH23251,2116267,찬성,2023-05-25
21,25I8709Q,2116267,찬성,2023-05-25
21,OIA3741M,2116267,불참,2023-05-25
21,6MO8786S,2116267,찬성,2023-05-25
21,XWX1513T,2116267,찬성,2023-05-25
21,LG63087O,2116267,불참,2023-05-25
21,OW53107J,2116267,찬성,2023-05-25
21,PEP6922S,2116267,찬성,2023-05-25
21,DAN6731C,2116267,불참,2023-05-25
21,VG24001G,2116267,찬성,2023-05-25
21,L2I9861C,2116267,찬성,2023-05-25
21,WCD5518S,2116267,찬성,2023-05-25
21,SVH3899R,2116267,찬성,2023-05-25
21,IOW8224X,2116267,찬성,2023-05-25
21,Y7K5946R,2116267,찬성,2023-05-25
21,Z7Y7827F,2116267,찬성,2023-05-25
21,ATB59635,2116267,찬성,2023-05-25
21,SBK1544B,2116267,불참,2023-05-25
21,8SV6917G,2116267,찬성,2023-05-25
21,8FC9697X,2116267,불참,2023-05-25
21,QKO6165V,2116267,불참,2023-05-25
21,GD131760,2116267,불참,2023-05-25
21,V0O5343U,2116267,찬성,2023-05-25
21,XPP2564T,2116267,찬성,2023-05-25
21,FRN1867O,2116267,찬성,2023-05-25
21,LQW3652K,2116267,찬성,2023-05-25
21,RO593601,2116267,찬성,2023-05-25
21,PFG2137X,2116267,찬성,2023-05-25
21,UB114374,2116267,찬성,2023-05-25
21,GAV6441G,2116267,찬성,2023-05-25
21,7JC3239L,2116267,불참,2023-05-25
21,40S1959J,2116267,찬성,2023-05-25
21,8P37634C,2116267,찬성,2023-05-25
21,O7R5461J,2116267,불참,2023-05-25
21,JMY9959W,2116267,찬성,2023-05-25
21,7R156073,2116267,찬성,2023-05-25
21,6AR6743G,2116267,찬성,2023-05-25
21,J2O8643H,2116267,불참,2023-05-25
21,B7D7534L,2116267,찬성,2023-05-25
21,GX22581L,2116267,찬성,2023-05-25
21,SE233396,2116267,찬성,2023-05-25
21,AFH96856,2116267,불참,2023-05-25
21,B7H6207C,2116267,찬성,2023-05-25
21,4U29186R,2116267,불참,2023-05-25
21,F5Y4026Q,2116267,찬성,2023-05-25
21,1Y73132H,2116267,찬성,2023-05-25
21,I0S53762,2116267,찬성,2023-05-25
21,LH97552Q,2116267,찬성,2023-05-25
21,TKJ4800F,2116267,불참,2023-05-25
21,O6D8329R,2116267,찬성,2023-05-25
21,MSY7784L,2116267,찬성,2023-05-25
21,EVH1507C,2116267,찬성,2023-05-25
21,K5F2023J,2116267,찬성,2023-05-25
21,14M56632,2116267,찬성,2023-05-25
21,N9X9673B,2116267,찬성,2023-05-25
21,5MD4184K,2116267,찬성,2023-05-25
21,5K93695T,2116267,찬성,2023-05-25
21,6U243644,2116267,찬성,2023-05-25
21,E9R4507P,2116267,찬성,2023-05-25
21,UHB5553T,2116267,찬성,2023-05-25
21,J9S37905,2116267,찬성,2023-05-25
21,A494529E,2116267,찬성,2023-05-25
21,CAA7713A,2116267,찬성,2023-05-25
21,0PK7354M,2116267,찬성,2023-05-25
21,O0I2045I,2116267,찬성,2023-05-25
21,CZB4125D,2116267,불참,2023-05-25
21,Z6R3959C,2116267,찬성,2023-05-25
21,QUM8288K,2116267,불참,2023-05-25
21,S824682L,2116267,찬성,2023-05-25
21,W4X85128,2116267,불참,2023-05-25
21,Q9H5708M,2116267,불참,2023-05-25
21,MRK4871S,2116267,찬성,2023-05-25
21,YKW37422,2116267,찬성,2023-05-25
21,2NV6751W,2116267,찬성,2023-05-25
21,BM63269Y,2116267,불참,2023-05-25
21,M7O7878U,2116267,불참,2023-05-25
21,YLS4431M,2116267,찬성,2023-05-25
21,MNZ4401T,2116267,찬성,2023-05-25
21,3ZR4438W,2116267,찬성,2023-05-25
21,HSS7466Y,2116267,불참,2023-05-25
21,16D7652C,2116267,불참,2023-05-25
21,FU53642G,2116267,찬성,2023-05-25
21,8VY63414,2116267,찬성,2023-05-25
21,XR24352K,2116267,찬성,2023-05-25
21,JEZ3130Q,2116267,찬성,2023-05-25
21,BCQ55105,2116267,찬성,2023-05-25
21,9L57027L,2116267,찬성,2023-05-25
21,GOC54665,2116267,찬성,2023-05-25
21,5UN9725L,2116267,불참,2023-05-25
21,LJK4960Z,2116267,찬성,2023-05-25
21,K3W33496,2116267,찬성,2023-05-25
21,M2Q9024I,2116267,불참,2023-05-25
21,C7E79345,2116267,찬성,2023-05-25
21,4019850M,2116267,불참,2023-05-25
21,UQ282145,2116267,찬성,2023-05-25
21,9YO73104,2116267,찬성,2023-05-25
21,E6U4345C,2116267,불참,2023-05-25
21,7BM2933Y,2116267,찬성,2023-05-25
21,CDL93608,2116267,찬성,2023-05-25
21,2UD1340H,2116267,찬성,2023-05-25
21,X7I4680R,2116267,찬성,2023-05-25
21,EMC8812P,2116267,찬성,2023-05-25
21,XJC13432,2116267,찬성,2023-05-25
21,XSP20229,2116267,찬성,2023-05-25
21,FH777496,2116267,찬성,2023-05-25
21,FYI20317,2116267,찬성,2023-05-25
21,8X15119P,2116267,불참,2023-05-25
21,3249208I,2116267,불참,2023-05-25
21,GX38539O,2116267,찬성,2023-05-25
21,XEF29171,2116267,불참,2023-05-25
21,WVU2479T,2116267,찬성,2023-05-25
21,9D939735,2116267,찬성,2023-05-25
21,QTW6852F,2116267,찬성,2023-05-25
21,TST4507I,2116267,찬성,2023-05-25
21,5KV82250,2116267,찬성,2023-05-25
21,L7J93733,2116267,찬성,2023-05-25
21,DAV7257X,2116267,찬성,2023-05-25
21,LT72093S,2116267,찬성,2023-05-25
21,GE71932C,2116267,찬성,2023-05-25
21,6YT83269,2116267,찬성,2023-05-25
21,1MU99298,2116267,찬성,2023-05-25
21,17M85910,2116267,찬성,2023-05-25
21,G152611B,2116267,불참,2023-05-25
21,I7R13867,2116267,불참,2023-05-25
21,SQ36001H,2116267,불참,2023-05-25
21,G1570880,2116267,찬성,2023-05-25
21,9LD2641Q,2116267,찬성,2023-05-25
21,FOK3459D,2116267,찬성,2023-05-25
21,BT62420K,2116267,찬성,2023-05-25
21,LPB30152,2116267,찬성,2023-05-25
21,MD083627,2116267,찬성,2023-05-25
21,TZP9391O,2116267,찬성,2023-05-25
21,6V37131U,2116267,찬성,2023-05-25
21,B7R2742J,2116267,찬성,2023-05-25
21,FJK3396E,2116267,찬성,2023-05-25
21,ZDP5704Q,2116267,찬성,2023-05-25
21,W1Q6753M,2116267,찬성,2023-05-25
21,RD42006Y,2116267,불참,2023-05-25
21,6EN68926,2116267,찬성,2023-05-25
21,1BX7234U,2116267,기권,2023-05-25
21,QHL3248U,2116267,불참,2023-05-25
21,TZ228122,2116267,찬성,2023-05-25
21,9V18755A,2116267,찬성,2023-05-25
21,XA42275R,2116267,불참,2023-05-25
21,PO64874I,2116267,찬성,2023-05-25
21,LBC8144B,2116267,찬성,2023-05-25
21,VHK3402G,2116267,찬성,2023-05-25
21,FIC9046Z,2107044,불참,2021-12-09
21,GKD32201,2107044,찬성,2021-12-09
21,CCU1009B,2107044,찬성,2021-12-09
21,MU69217P,2107044,불참,2021-12-09
21,2N793392,2107044,찬성,2021-12-09
21,QD25323M,2107044,찬성,2021-12-09
21,DAY6557K,2107044,찬성,2021-12-09
21,GP07421U,2107044,찬성,2021-12-09
21,FGI27280,2107044,찬성,2021-12-09
21,USR7059P,2107044,찬성,2021-12-09
21,A3H7195R,2107044,찬성,2021-12-09
21,ZYH1940A,2107044,찬성,2021-12-09
21,M0A1658U,2107044,찬성,2021-12-09
21,NZF1659U,2107044,불참,2021-12-09
21,3BC6890E,2107044,찬성,2021-12-09
21,ZDR63255,2107044,찬성,2021-12-09
21,GFF1986K,2107044,찬성,2021-12-09
21,WJL30106,2107044,찬성,2021-12-09
21,5KV96424,2107044,찬성,2021-12-09
21,60490713,2107044,찬성,2021-12-09
21,HKJ99607,2107044,찬성,2021-12-09
21,MY318392,2107044,불참,2021-12-09
21,EH27538E,2107044,찬성,2021-12-09
21,WFU14784,2107044,불참,2021-12-09
21,MR210505,2107044,불참,2021-12-09
21,GF286398,2107044,찬성,2021-12-09
21,JQA21112,2107044,찬성,2021-12-09
21,4L695580,2107044,불참,2021-12-09
21,HXT76735,2107044,찬성,2021-12-09
21,RPN2293B,2107044,찬성,2021-12-09
21,V429892C,2107044,찬성,2021-12-09
21,4A067125,2107044,불참,2021-12-09
21,0827740Q,2107044,찬성,2021-12-09
21,X1K3667J,2107044,찬성,2021-12-09
21,I5I2468R,2107044,찬성,2021-12-09
21,L5P27909,2107044,불참,2021-12-09
21,IOW1101J,2107044,불참,2021-12-09
21,CT85313K,2107044,찬성,2021-12-09
21,PAO22428,2107044,불참,2021-12-09
21,BLC8630L,2107044,불참,2021-12-09
21,LG63087O,2107044,찬성,2021-12-09
21,VG24001G,2107044,불참,2021-12-09
21,WCD5518S,2107044,불참,2021-12-09
21,I434361W,2107044,찬성,2021-12-09
21,Z7Y7827F,2107044,찬성,2021-12-09
21,KUO3574J,2107044,찬성,2021-12-09
21,FU87526G,2107044,찬성,2021-12-09
21,8FC9697X,2107044,찬성,2021-12-09
21,GD131760,2107044,불참,2021-12-09
21,V0O5343U,2107044,찬성,2021-12-09
21,FRN1867O,2107044,찬성,2021-12-09
21,RO593601,2107044,불참,2021-12-09
21,UB114374,2107044,찬성,2021-12-09
21,GAV6441G,2107044,찬성,2021-12-09
21,7JC3239L,2107044,불참,2021-12-09
21,CNZ51556,2107044,찬성,2021-12-09
21,O7R5461J,2107044,불참,2021-12-09
21,JMY9959W,2107044,찬성,2021-12-09
21,6AR6743G,2107044,찬성,2021-12-09
21,J2O8643H,2107044,찬성,2021-12-09
21,6AU2417B,2107044,불참,2021-12-09
21,8VJ8533R,2107044,불참,2021-12-09
21,SE233396,2107044,찬성,2021-12-09
21,B7H6207C,2107044,찬성,2021-12-09
21,4U29186R,2107044,찬성,2021-12-09
21,F5Y4026Q,2107044,불참,2021-12-09
21,1Y73132H,2107044,불참,2021-12-09
21,I0S53762,2107044,찬성,2021-12-09
21,N9X9673B,2107044,불참,2021-12-09
21,6U243644,2107044,찬성,2021-12-09
21,E9R4507P,2107044,불참,2021-12-09
21,UHB5553T,2107044,찬성,2021-12-09
21,KFS1358P,2107044,찬성,2021-12-09
21,J9S37905,2107044,찬성,2021-12-09
21,VRY5522V,2107044,찬성,2021-12-09
21,CAA7713A,2107044,불참,2021-12-09
21,Z6R3959C,2107044,불참,2021-12-09
21,W4X85128,2107044,불참,2021-12-09
21,Q9H5708M,2107044,찬성,2021-12-09
21,CFE3998F,2107044,찬성,2021-12-09
21,2NV6751W,2107044,찬성,2021-12-09
21,BM63269Y,2107044,불참,2021-12-09
21,YLS4431M,2107044,불참,2021-12-09
21,3ZR4438W,2107044,불참,2021-12-09
21,16D7652C,2107044,찬성,2021-12-09
21,XR24352K,2107044,찬성,2021-12-09
21,GOC54665,2107044,찬성,2021-12-09
21,5UN9725L,2107044,불참,2021-12-09
21,DBA1057Z,2107044,불참,2021-12-09
21,CI15627C,2107044,불참,2021-12-09
21,C7E79345,2107044,불참,2021-12-09
21,UQ282145,2107044,불참,2021-12-09
21,9YO73104,2107044,불참,2021-12-09
21,TRE2429O,2107044,불참,2021-12-09
21,2UD1340H,2107044,찬성,2021-12-09
21,9VR65006,2107044,불참,2021-12-09
21,X7I4680R,2107044,찬성,2021-12-09
21,D0C85236,2107044,불참,2021-12-09
21,XSP20229,2107044,찬성,2021-12-09
21,T465023H,2107044,찬성,2021-12-09
21,3RW63706,2107044,찬성,2021-12-09
21,8X15119P,2107044,불참,2021-12-09
21,9D939735,2107044,불참,2021-12-09
21,TST4507I,2107044,찬성,2021-12-09
21,JC14718Q,2107044,찬성,2021-12-09
21,5KV82250,2107044,찬성,2021-12-09
21,LT72093S,2107044,찬성,2021-12-09
21,6YT83269,2107044,불참,2021-12-09
21,1MU99298,2107044,찬성,2021-12-09
21,FDC3144T,2107044,찬성,2021-12-09
21,G152611B,2107044,찬성,2021-12-09
21,9LD2641Q,2107044,찬성,2021-12-09
21,FOK3459D,2107044,찬성,2021-12-09
21,QUO78839,2107044,찬성,2021-12-09
21,LPB30152,2107044,찬성,2021-12-09
21,6V37131U,2107044,찬성,2021-12-09
21,ZDP5704Q,2107044,찬성,2021-12-09
21,E1J8836Y,2107044,불참,2021-12-09
21,6EN68926,2107044,불참,2021-12-09
21,1BX7234U,2107044,찬성,2021-12-09
21,QHL3248U,2107044,찬성,2021-12-09
21,9S151177,2107044,찬성,2021-12-09
21,TZ228122,2107044,찬성,2021-12-09
21,9V18755A,2107044,찬성,2021-12-09
21,XA42275R,2107044,불참,2021-12-09
21,PO64874I,2107044,찬성,2021-12-09
21,9L57027L,2107044,불참,2021-12-09
21,LJK4960Z,2107044,찬성,2021-12-09
21,K3W33496,2107044,찬성,2021-12-09
21,M2Q9024I,2107044,불참,2021-12-09
21,21N57758,2107044,찬성,2021-12-09
21,4019850M,2107044,불참,2021-12-09
21,E6U4345C,2107044,찬성,2021-12-09
21,7BM2933Y,2107044,찬성,2021-12-09
21,CDL93608,2107044,찬성,2021-12-09
21,EMC8812P,2107044,기권,2021-12-09
21,XJC13432,2107044,불참,2021-12-09
21,RQQ3807K,2107044,찬성,2021-12-09
21,FH777496,2107044,찬성,2021-12-09
21,FYI20317,2107044,찬성,2021-12-09
21,ZYP7962W,2107044,불참,2021-12-09
21,CNW5754J,2107044,불참,2021-12-09
21,3249208I,2107044,찬성,2021-12-09
21,GX38539O,2107044,찬성,2021-12-09
21,8Q88373R,2107044,불참,2021-12-09
21,XEF29171,2107044,찬성,2021-12-09
21,WVU2479T,2107044,불참,2021-12-09
21,QTW6852F,2107044,불참,2021-12-09
21,7XY7109I,2107044,찬성,2021-12-09
21,L7J93733,2107044,찬성,2021-12-09
21,DAV7257X,2107044,찬성,2021-12-09
21,GE71932C,2107044,기권,2021-12-09
21,17M85910,2107044,찬성,2021-12-09
21,I7R13867,2107044,찬성,2021-12-09
21,SQ36001H,2107044,찬성,2021-12-09
21,G1570880,2107044,불참,2021-12-09
21,BT62420K,2107044,불참,2021-12-09
21,MD083627,2107044,찬성,2021-12-09
21,TZP9391O,2107044,찬성,2021-12-09
21,OSV9142K,2107044,불참,2021-12-09
21,B7R2742J,2107044,찬성,2021-12-09
21,FJK3396E,2107044,불참,2021-12-09
21,71J2365L,2107044,불참,2021-12-09
21,7O71647Z,2107044,불참,2021-12-09
21,W1Q6753M,2107044,찬성,2021-12-09
21,RD42006Y,2107044,불참,2021-12-09
21,TJW93720,2107044,찬성,2021-12-09
21,IOW8224X,2107044,찬성,2021-12-09
21,9JF4562W,2107044,찬성,2021-12-09
21,Y7K5946R,2107044,불참,2021-12-09
21,ATB59635,2107044,찬성,2021-12-09
21,SBK1544B,2107044,불참,2021-12-09
21,D6U6678O,2107044,찬성,2021-12-09
21,S9U45255,2107044,불참,2021-12-09
21,8SV6917G,2107044,찬성,2021-12-09
21,QKO6165V,2107044,찬성,2021-12-09
21,ZRF3039U,2107044,불참,2021-12-09
21,68P7228G,2107044,찬성,2021-12-09
21,P0F1530P,2107044,불참,2021-12-09
21,XPP2564T,2107044,불참,2021-12-09
21,LQW3652K,2107044,불참,2021-12-09
21,PFG2137X,2107044,불참,2021-12-09
21,0YT3774N,2107044,찬성,2021-12-09
21,40S1959J,2107044,찬성,2021-12-09
21,IL74008M,2107044,찬성,2021-12-09
21,8KF7223D,2107044,찬성,2021-12-09
21,8P37634C,2107044,찬성,2021-12-09
21,N4R2421C,2107044,불참,2021-12-09
21,3C23171A,2107044,불참,2021-12-09
21,GDG1847Z,2107044,불참,2021-12-09
21,P2N4585G,2107044,찬성,2021-12-09
21,TVF3669B,2107044,불참,2021-12-09
21,7R156073,2107044,불참,2021-12-09
21,VCP96419,2107044,찬성,2021-12-09
21,B7D7534L,2107044,찬성,2021-12-09
21,GX22581L,2107044,찬성,2021-12-09
21,AFH96856,2107044,찬성,2021-12-09
21,52P3934K,2107044,불참,2021-12-09
21,6399076T,2107044,불참,2021-12-09
21,WHV3448W,2107044,찬성,2021-12-09
21,LH97552Q,2107044,찬성,2021-12-09
21,TKJ4800F,2107044,찬성,2021-12-09
21,O6D8329R,2107044,찬성,2021-12-09
21,04T3751T,2107044,찬성,2021-12-09
21,MSY7784L,2107044,불참,2021-12-09
21,EVH1507C,2107044,찬성,2021-12-09
21,K5F2023J,2107044,불참,2021-12-09
21,14M56632,2107044,불참,2021-12-09
21,5MD4184K,2107044,찬성,2021-12-09
21,5K93695T,2107044,찬성,2021-12-09
21,DPZ7685X,2107044,찬성,2021-12-09
21,A494529E,2107044,불참,2021-12-09
21,0PK7354M,2107044,찬성,2021-12-09
21,O0I2045I,2107044,불참,2021-12-09
21,CZB4125D,2107044,불참,2021-12-09
21,QUM8288K,2107044,불참,2021-12-09
21,UGH6481E,2107044,찬성,2021-12-09
21,S824682L,2107044,찬성,2021-12-09
21,JZY9937U,2107044,찬성,2021-12-09
21,MRK4871S,2107044,불참,2021-12-09
21,YKW37422,2107044,불참,2021-12-09
21,M7O7878U,2107044,찬성,2021-12-09
21,MNZ4401T,2107044,찬성,2021-12-09
21,HSS7466Y,2107044,찬성,2021-12-09
21,KB04377U,2107044,불참,2021-12-09
21,FU53642G,2107044,찬성,2021-12-09
21,MLH1404S,2107044,불참,2021-12-09
21,8VY63414,2107044,찬성,2021-12-09
21,QQP4727N,2107044,찬성,2021-12-09
21,JEZ3130Q,2107044,불참,2021-12-09
21,BCQ55105,2107044,불참,2021-12-09
21,JNL7001A,2107044,찬성,2021-12-09
21,L7T64271,2107044,찬성,2021-12-09
21,4X525582,2107044,불참,2021-12-09
21,G7512472,2107044,찬성,2021-12-09
21,3TO11703,2107044,찬성,2021-12-09
21,S741317G,2107044,불참,2021-12-09
21,66W6739S,2107044,불참,2021-12-09
21,LM13674V,2107044,찬성,2021-12-09
21,4XG1439M,2107044,찬성,2021-12-09
21,P2N50879,2107044,찬성,2021-12-09
21,A0P4646G,2107044,찬성,2021-12-09
21,A2V51235,2107044,찬성,2021-12-09
21,7I09543O,2107044,찬성,2021-12-09
21,1X376850,2107044,찬성,2021-12-09
21,3DK8989T,2107044,찬성,2021-12-09
21,7469929V,2107044,불참,2021-12-09
21,D4L60530,2107044,찬성,2021-12-09
21,M6H1705E,2107044,찬성,2021-12-09
21,OFE45081,2107044,불참,2021-12-09
21,09I2323E,2107044,불참,2021-12-09
21,NTT8182Q,2107044,찬성,2021-12-09
21,0VU8517U,2107044,불참,2021-12-09
21,HSW1214Q,2107044,찬성,2021-12-09
21,WDS6044S,2107044,불참,2021-12-09
21,KR14136C,2107044,불참,2021-12-09
21,SRP7336N,2107044,찬성,2021-12-09
21,5765663F,2107044,찬성,2021-12-09
21,ZKU88693,2107044,찬성,2021-12-09
21,KNM3215T,2107044,찬성,2021-12-09
21,M7T9712V,2107044,불참,2021-12-09
21,UM51067K,2107044,찬성,2021-12-09
21,1WE5693J,2107044,불참,2021-12-09
21,X3170462,2107044,불참,2021-12-09
21,8FB1535Y,2107044,찬성,2021-12-09
21,4T026790,2107044,찬성,2021-12-09
21,SU53086M,2107044,불참,2021-12-09
21,0WL9321T,2107044,찬성,2021-12-09
21,PZA4062H,2107044,찬성,2021-12-09
21,8348421R,2107044,불참,2021-12-09
21,H5476989,2107044,찬성,2021-12-09
21,40E3739H,2107044,찬성,2021-12-09
21,0R68099X,2107044,기권,2021-12-09
21,2385336L,2107044,찬성,2021-12-09
21,IN328264,2107044,찬성,2021-12-09
21,XBT9550Q,2107044,찬성,2021-12-09
21,ZA54991S,2107044,찬성,2021-12-09
21,MO52543L,2107044,찬성,2021-12-09
21,0W194007,2107044,찬성,2021-12-09
21,WMG57662,2107044,불참,2021-12-09
21,NCP9875N,2107044,찬성,2021-12-09
21,WTR5885Y,2107044,불참,2021-12-09
21,3425169D,2107044,찬성,2021-12-09
21,ICH23251,2107044,찬성,2021-12-09
21,25I8709Q,2107044,찬성,2021-12-09
21,OIA3741M,2107044,찬성,2021-12-09
21,6MO8786S,2107044,찬성,2021-12-09
21,XWX1513T,2107044,찬성,2021-12-09
21,NQR1206Q,2107044,불참,2021-12-09
21,NAL4555X,2107044,불참,2021-12-09
21,OW53107J,2107044,찬성,2021-12-09
21,PEP6922S,2107044,불참,2021-12-09
21,DAN6731C,2107044,불참,2021-12-09
21,L2I9861C,2107044,불참,2021-12-09
21,SVH3899R,2107044,불참,2021-12-09
21,F5U2979W,2112344,찬성,2023-07-27
21,YOG1280B,2112344,찬성,2023-07-27
21,FIC9046Z,2112344,찬성,2023-07-27
21,DWK26447,2112344,찬성,2023-07-27
21,KFM1081G,2112344,찬성,2023-07-27
21,NLR6572J,2112344,찬성,2023-07-27
21,L7T64271,2112344,찬성,2023-07-27
21,G7512472,2112344,찬성,2023-07-27
21,S741317G,2112344,찬성,2023-07-27
21,CCU1009B,2112344,찬성,2023-07-27
21,MU69217P,2112344,찬성,2023-07-27
21,2N793392,2112344,찬성,2023-07-27
21,66W6739S,2112344,찬성,2023-07-27
21,LM13674V,2112344,찬성,2023-07-27
21,QD25323M,2112344,찬성,2023-07-27
21,DAY6557K,2112344,찬성,2023-07-27
21,GP07421U,2112344,찬성,2023-07-27
21,USR7059P,2112344,불참,2023-07-27
21,4XG1439M,2112344,찬성,2023-07-27
21,P2N50879,2112344,찬성,2023-07-27
21,A0P4646G,2112344,불참,2023-07-27
21,A2V51235,2112344,찬성,2023-07-27
21,7I09543O,2112344,찬성,2023-07-27
21,3DK8989T,2112344,찬성,2023-07-27
21,7469929V,2112344,불참,2023-07-27
21,D4L60530,2112344,찬성,2023-07-27
21,M6H1705E,2112344,찬성,2023-07-27
21,OFE45081,2112344,찬성,2023-07-27
21,09I2323E,2112344,찬성,2023-07-27
21,ZYH1940A,2112344,찬성,2023-07-27
21,HSW1214Q,2112344,찬성,2023-07-27
21,NZF1659U,2112344,찬성,2023-07-27
21,WDS6044S,2112344,불참,2023-07-27
21,ZDR63255,2112344,찬성,2023-07-27
21,KR14136C,2112344,찬성,2023-07-27
21,SRP7336N,2112344,찬성,2023-07-27
21,5765663F,2112344,찬성,2023-07-27
21,GFF1986K,2112344,찬성,2023-07-27
21,ZKU88693,2112344,불참,2023-07-27
21,M7T9712V,2112344,불참,2023-07-27
21,60490713,2112344,찬성,2023-07-27
21,UM51067K,2112344,찬성,2023-07-27
21,HKJ99607,2112344,찬성,2023-07-27
21,1WE5693J,2112344,찬성,2023-07-27
21,X3170462,2112344,찬성,2023-07-27
21,MY318392,2112344,찬성,2023-07-27
21,8FB1535Y,2112344,찬성,2023-07-27
21,4T026790,2112344,찬성,2023-07-27
21,EH27538E,2112344,찬성,2023-07-27
21,WFU14784,2112344,찬성,2023-07-27
21,SU53086M,2112344,찬성,2023-07-27
21,0WL9321T,2112344,찬성,2023-07-27
21,PZA4062H,2112344,찬성,2023-07-27
21,MR210505,2112344,찬성,2023-07-27
21,8348421R,2112344,찬성,2023-07-27
21,4L695580,2112344,찬성,2023-07-27
21,40E3739H,2112344,불참,2023-07-27
21,HXT76735,2112344,찬성,2023-07-27
21,RPN2293B,2112344,불참,2023-07-27
21,0R68099X,2112344,찬성,2023-07-27
21,MQU41854,2112344,찬성,2023-07-27
21,V429892C,2112344,찬성,2023-07-27
21,2385336L,2112344,찬성,2023-07-27
21,IN328264,2112344,찬성,2023-07-27
21,XBT9550Q,2112344,찬성,2023-07-27
21,ZA54991S,2112344,찬성,2023-07-27
21,MO52543L,2112344,찬성,2023-07-27
21,0827740Q,2112344,찬성,2023-07-27
21,0W194007,2112344,찬성,2023-07-27
21,X1K3667J,2112344,찬성,2023-07-27
21,WMG57662,2112344,찬성,2023-07-27
21,NCP9875N,2112344,찬성,2023-07-27
21,I5I2468R,2112344,찬성,2023-07-27
21,WTR5885Y,2112344,찬성,2023-07-27
21,3425169D,2112344,찬성,2023-07-27
21,IOW1101J,2112344,찬성,2023-07-27
21,25I8709Q,2112344,찬성,2023-07-27
21,OIA3741M,2112344,찬성,2023-07-27
21,6MO8786S,2112344,불참,2023-07-27
21,CT85313K,2112344,찬성,2023-07-27
21,BLC8630L,2112344,불참,2023-07-27
21,NQR1206Q,2112344,찬성,2023-07-27
21,LG63087O,2112344,불참,2023-07-27
21,DAN6731C,2112344,찬성,2023-07-27
21,VG24001G,2112344,찬성,2023-07-27
21,L2I9861C,2112344,불참,2023-07-27
21,WCD5518S,2112344,불참,2023-07-27
21,SVH3899R,2112344,찬성,2023-07-27
21,9JF4562W,2112344,찬성,2023-07-27
21,Y7K5946R,2112344,찬성,2023-07-27
21,Z7Y7827F,2112344,찬성,2023-07-27
21,ATB59635,2112344,찬성,2023-07-27
21,SBK1544B,2112344,불참,2023-07-27
21,KUO3574J,2112344,찬성,2023-07-27
21,D6U6678O,2112344,찬성,2023-07-27
21,FU87526G,2112344,불참,2023-07-27
21,S9U45255,2112344,찬성,2023-07-27
21,8FC9697X,2112344,찬성,2023-07-27
21,QKO6165V,2112344,불참,2023-07-27
21,GD131760,2112344,찬성,2023-07-27
21,ZRF3039U,2112344,찬성,2023-07-27
21,V0O5343U,2112344,찬성,2023-07-27
21,68P7228G,2112344,찬성,2023-07-27
21,P0F1530P,2112344,찬성,2023-07-27
21,XPP2564T,2112344,찬성,2023-07-27
21,FRN1867O,2112344,찬성,2023-07-27
21,LQW3652K,2112344,찬성,2023-07-27
21,RO593601,2112344,찬성,2023-07-27
21,GAV6441G,2112344,찬성,2023-07-27
21,0YT3774N,2112344,찬성,2023-07-27
21,7JC3239L,2112344,찬성,2023-07-27
21,40S1959J,2112344,찬성,2023-07-27
21,IL74008M,2112344,찬성,2023-07-27
21,8KF7223D,2112344,불참,2023-07-27
21,8P37634C,2112344,찬성,2023-07-27
21,CNZ51556,2112344,찬성,2023-07-27
21,N4R2421C,2112344,찬성,2023-07-27
21,3C23171A,2112344,찬성,2023-07-27
21,GDG1847Z,2112344,찬성,2023-07-27
21,P2N4585G,2112344,찬성,2023-07-27
21,JMY9959W,2112344,불참,2023-07-27
21,7R156073,2112344,찬성,2023-07-27
21,6AR6743G,2112344,불참,2023-07-27
21,J2O8643H,2112344,찬성,2023-07-27
21,VCP96419,2112344,찬성,2023-07-27
21,6AU2417B,2112344,찬성,2023-07-27
21,8VJ8533R,2112344,찬성,2023-07-27
21,B7D7534L,2112344,찬성,2023-07-27
21,SE233396,2112344,불참,2023-07-27
21,AFH96856,2112344,찬성,2023-07-27
21,52P3934K,2112344,찬성,2023-07-27
21,6399076T,2112344,찬성,2023-07-27
21,4U29186R,2112344,찬성,2023-07-27
21,F5Y4026Q,2112344,찬성,2023-07-27
21,WHV3448W,2112344,찬성,2023-07-27
21,6RD62559,2112344,찬성,2023-07-27
21,1Y73132H,2112344,찬성,2023-07-27
21,LH97552Q,2112344,찬성,2023-07-27
21,TKJ4800F,2112344,찬성,2023-07-27
21,O6D8329R,2112344,찬성,2023-07-27
21,04T3751T,2112344,찬성,2023-07-27
21,MSY7784L,2112344,찬성,2023-07-27
21,K5F2023J,2112344,찬성,2023-07-27
21,14M56632,2112344,불참,2023-07-27
21,N9X9673B,2112344,찬성,2023-07-27
21,5MD4184K,2112344,찬성,2023-07-27
21,5K93695T,2112344,찬성,2023-07-27
21,DPZ7685X,2112344,찬성,2023-07-27
21,E9R4507P,2112344,찬성,2023-07-27
21,UHB5553T,2112344,찬성,2023-07-27
21,KFS1358P,2112344,찬성,2023-07-27
21,J9S37905,2112344,찬성,2023-07-27
21,A494529E,2112344,찬성,2023-07-27
21,VRY5522V,2112344,찬성,2023-07-27
21,CAA7713A,2112344,찬성,2023-07-27
21,0PK7354M,2112344,찬성,2023-07-27
21,O0I2045I,2112344,찬성,2023-07-27
21,Z6R3959C,2112344,찬성,2023-07-27
21,QUM8288K,2112344,찬성,2023-07-27
21,UGH6481E,2112344,찬성,2023-07-27
21,W4X85128,2112344,불참,2023-07-27
21,Q9H5708M,2112344,불참,2023-07-27
21,JZY9937U,2112344,찬성,2023-07-27
21,MRK4871S,2112344,찬성,2023-07-27
21,YKW37422,2112344,불참,2023-07-27
21,2NV6751W,2112344,찬성,2023-07-27
21,BM63269Y,2112344,찬성,2023-07-27
21,M7O7878U,2112344,찬성,2023-07-27
21,YLS4431M,2112344,찬성,2023-07-27
21,MNZ4401T,2112344,불참,2023-07-27
21,3ZR4438W,2112344,찬성,2023-07-27
21,HSS7466Y,2112344,찬성,2023-07-27
21,KB04377U,2112344,찬성,2023-07-27
21,FU53642G,2112344,찬성,2023-07-27
21,MLH1404S,2112344,찬성,2023-07-27
21,QQP4727N,2112344,찬성,2023-07-27
21,BCQ55105,2112344,찬성,2023-07-27
21,GOC54665,2112344,불참,2023-07-27
21,5UN9725L,2112344,찬성,2023-07-27
21,IUD9392R,2112344,불참,2023-07-27
21,K3W33496,2112344,찬성,2023-07-27
21,M2Q9024I,2112344,찬성,2023-07-27
21,DBA1057Z,2112344,불참,2023-07-27
21,CI15627C,2112344,불참,2023-07-27
21,C7E79345,2112344,찬성,2023-07-27
21,UQ282145,2112344,찬성,2023-07-27
21,TRE2429O,2112344,찬성,2023-07-27
21,E6U4345C,2112344,찬성,2023-07-27
21,7BM2933Y,2112344,찬성,2023-07-27
21,CDL93608,2112344,찬성,2023-07-27
21,2UD1340H,2112344,불참,2023-07-27
21,9VR65006,2112344,찬성,2023-07-27
21,X7I4680R,2112344,찬성,2023-07-27
21,EMC8812P,2112344,찬성,2023-07-27
21,XJC13432,2112344,불참,2023-07-27
21,T465023H,2112344,찬성,2023-07-27
21,3RW63706,2112344,찬성,2023-07-27
21,RQQ3807K,2112344,찬성,2023-07-27
21,FH777496,2112344,찬성,2023-07-27
21,FYI20317,2112344,찬성,2023-07-27
21,ZYP7962W,2112344,불참,2023-07-27
21,CNW5754J,2112344,찬성,2023-07-27
21,3249208I,2112344,찬성,2023-07-27
21,GX38539O,2112344,찬성,2023-07-27
21,8Q88373R,2112344,불참,2023-07-27
21,XEF29171,2112344,찬성,2023-07-27
21,WVU2479T,2112344,찬성,2023-07-27
21,9D939735,2112344,찬성,2023-07-27
21,QTW6852F,2112344,불참,2023-07-27
21,7XY7109I,2112344,찬성,2023-07-27
21,TST4507I,2112344,찬성,2023-07-27
21,JC14718Q,2112344,찬성,2023-07-27
21,5KV82250,2112344,찬성,2023-07-27
21,LT72093S,2112344,찬성,2023-07-27
21,GE71932C,2112344,찬성,2023-07-27
21,6YT83269,2112344,찬성,2023-07-27
21,FDC3144T,2112344,찬성,2023-07-27
21,17M85910,2112344,찬성,2023-07-27
21,SQ36001H,2112344,찬성,2023-07-27
21,G1570880,2112344,찬성,2023-07-27
21,9LD2641Q,2112344,찬성,2023-07-27
21,FOK3459D,2112344,찬성,2023-07-27
21,LPB30152,2112344,찬성,2023-07-27
21,MD083627,2112344,찬성,2023-07-27
21,TZP9391O,2112344,찬성,2023-07-27
21,6V37131U,2112344,찬성,2023-07-27
21,OSV9142K,2112344,찬성,2023-07-27
21,B7R2742J,2112344,찬성,2023-07-27
21,FJK3396E,2112344,찬성,2023-07-27
21,ZDP5704Q,2112344,찬성,2023-07-27
21,71J2365L,2112344,찬성,2023-07-27
21,7O71647Z,2112344,찬성,2023-07-27
21,W1Q6753M,2112344,불참,2023-07-27
21,E1J8836Y,2112344,찬성,2023-07-27
21,RD42006Y,2112344,찬성,2023-07-27
21,6EN68926,2112344,찬성,2023-07-27
21,QHL3248U,2112344,찬성,2023-07-27
21,TJW93720,2112344,찬성,2023-07-27
21,9S151177,2112344,찬성,2023-07-27
21,9V18755A,2112344,찬성,2023-07-27
21,XA42275R,2112344,찬성,2023-07-27
21,PO64874I,2112344,찬성,2023-07-27
21,VHK3402G,2112344,불참,2023-07-27
21,NUB4941Z,2112344,찬성,2023-07-27
21,LBC8144B,2112344,찬성,2023-07-27
21,4X525582,2112344,불참,2023-07-27
21,GKD32201,2112344,찬성,2023-07-27
21,3TO11703,2112344,찬성,2023-07-27
21,JVB6983V,2112344,찬성,2023-07-27
21,FGI27280,2112344,찬성,2023-07-27
21,NTT8182Q,2112344,찬성,2023-07-27
21,A3H7195R,2112344,찬성,2023-07-27
21,0VU8517U,2112344,찬성,2023-07-27
21,M0A1658U,2112344,찬성,2023-07-27
21,3BC6890E,2112344,찬성,2023-07-27
21,WJL30106,2112344,찬성,2023-07-27
21,5KV96424,2112344,찬성,2023-07-27
21,KNM3215T,2112344,불참,2023-07-27
21,GF286398,2112344,찬성,2023-07-27
21,H5476989,2112344,찬성,2023-07-27
21,JQA21112,2112344,불참,2023-07-27
21,6FS10566,2112344,찬성,2023-07-27
21,6RM29022,2112344,찬성,2023-07-27
21,ICH23251,2112344,찬성,2023-07-27
21,XWX1513T,2112344,찬성,2023-07-27
21,OW53107J,2112344,찬성,2023-07-27
21,PEP6922S,2112344,찬성,2023-07-27
21,IOW8224X,2112344,찬성,2023-07-27
21,8SV6917G,2112344,찬성,2023-07-27
21,PFG2137X,2112344,찬성,2023-07-27
21,UB114374,2112344,찬성,2023-07-27
21,O7R5461J,2112344,찬성,2023-07-27
21,GX22581L,2112344,불참,2023-07-27
21,B7H6207C,2112344,찬성,2023-07-27
21,I0S53762,2112344,찬성,2023-07-27
21,EVH1507C,2112344,찬성,2023-07-27
21,6U243644,2112344,찬성,2023-07-27
21,CZB4125D,2112344,찬성,2023-07-27
21,S824682L,2112344,찬성,2023-07-27
21,16D7652C,2112344,찬성,2023-07-27
21,8VY63414,2112344,찬성,2023-07-27
21,XR24352K,2112344,찬성,2023-07-27
21,JEZ3130Q,2112344,불참,2023-07-27
21,9L57027L,2112344,찬성,2023-07-27
21,LJK4960Z,2112344,찬성,2023-07-27
21,4019850M,2112344,찬성,2023-07-27
21,9YO73104,2112344,찬성,2023-07-27
21,XSP20229,2112344,찬성,2023-07-27
21,8X15119P,2112344,찬성,2023-07-27
21,L7J93733,2112344,찬성,2023-07-27
21,DAV7257X,2112344,찬성,2023-07-27
21,1MU99298,2112344,찬성,2023-07-27
21,G152611B,2112344,불참,2023-07-27
21,I7R13867,2112344,찬성,2023-07-27
21,QUO78839,2112344,찬성,2023-07-27
21,BT62420K,2112344,불참,2023-07-27
21,1BX7234U,2112344,찬성,2023-07-27
21,TZ228122,2112344,찬성,2023-07-27
21,YTA7297R,2112344,찬성,2023-07-27
21,F5U2979W,2126446,찬성,2024-02-01
21,DWK26447,2126446,찬성,2024-02-01
21,DV77269P,2126446,찬성,2024-02-01
21,C835799S,2126446,찬성,2024-02-01
21,YTA7297R,2126446,찬성,2024-02-01
21,4X525582,2126446,불참,2024-02-01
21,G7512472,2126446,찬성,2024-02-01
21,3TO11703,2126446,찬성,2024-02-01
21,S741317G,2126446,찬성,2024-02-01
21,MU69217P,2126446,찬성,2024-02-01
21,QD25323M,2126446,찬성,2024-02-01
21,JVB6983V,2126446,찬성,2024-02-01
21,DAY6557K,2126446,찬성,2024-02-01
21,USR7059P,2126446,찬성,2024-02-01
21,P2N50879,2126446,찬성,2024-02-01
21,A2V51235,2126446,찬성,2024-02-01
21,7I09543O,2126446,찬성,2024-02-01
21,3DK8989T,2126446,찬성,2024-02-01
21,7469929V,2126446,찬성,2024-02-01
21,09I2323E,2126446,찬성,2024-02-01
21,ZYH1940A,2126446,찬성,2024-02-01
21,M0A1658U,2126446,찬성,2024-02-01
21,HSW1214Q,2126446,찬성,2024-02-01
21,ZDR63255,2126446,찬성,2024-02-01
21,5765663F,2126446,찬성,2024-02-01
21,GFF1986K,2126446,찬성,2024-02-01
21,ZKU88693,2126446,찬성,2024-02-01
21,5KV96424,2126446,찬성,2024-02-01
21,M7T9712V,2126446,찬성,2024-02-01
21,60490713,2126446,찬성,2024-02-01
21,UM51067K,2126446,찬성,2024-02-01
21,1WE5693J,2126446,불참,2024-02-01
21,8FB1535Y,2126446,찬성,2024-02-01
21,EH27538E,2126446,불참,2024-02-01
21,WFU14784,2126446,찬성,2024-02-01
21,SU53086M,2126446,찬성,2024-02-01
21,0WL9321T,2126446,찬성,2024-02-01
21,PZA4062H,2126446,찬성,2024-02-01
21,MR210505,2126446,찬성,2024-02-01
21,8348421R,2126446,찬성,2024-02-01
21,JQA21112,2126446,찬성,2024-02-01
21,4L695580,2126446,찬성,2024-02-01
21,40E3739H,2126446,찬성,2024-02-01
21,RPN2293B,2126446,불참,2024-02-01
21,V429892C,2126446,찬성,2024-02-01
21,IN328264,2126446,불참,2024-02-01
21,XBT9550Q,2126446,찬성,2024-02-01
21,ZA54991S,2126446,찬성,2024-02-01
21,0827740Q,2126446,찬성,2024-02-01
21,0W194007,2126446,불참,2024-02-01
21,WMG57662,2126446,찬성,2024-02-01
21,I5I2468R,2126446,불참,2024-02-01
21,WTR5885Y,2126446,찬성,2024-02-01
21,3425169D,2126446,찬성,2024-02-01
21,IOW1101J,2126446,찬성,2024-02-01
21,OIA3741M,2126446,찬성,2024-02-01
21,6MO8786S,2126446,찬성,2024-02-01
21,CT85313K,2126446,찬성,2024-02-01
21,BLC8630L,2126446,찬성,2024-02-01
21,NQR1206Q,2126446,찬성,2024-02-01
21,LG63087O,2126446,찬성,2024-02-01
21,L2I9861C,2126446,찬성,2024-02-01
21,WCD5518S,2126446,찬성,2024-02-01
21,IOW8224X,2126446,찬성,2024-02-01
21,9JF4562W,2126446,찬성,2024-02-01
21,Y7K5946R,2126446,찬성,2024-02-01
21,KUO3574J,2126446,찬성,2024-02-01
21,D6U6678O,2126446,찬성,2024-02-01
21,FU87526G,2126446,찬성,2024-02-01
21,S9U45255,2126446,찬성,2024-02-01
21,8FC9697X,2126446,찬성,2024-02-01
21,QKO6165V,2126446,찬성,2024-02-01
21,GD131760,2126446,불참,2024-02-01
21,ZRF3039U,2126446,찬성,2024-02-01
21,68P7228G,2126446,찬성,2024-02-01
21,P0F1530P,2126446,불참,2024-02-01
21,XPP2564T,2126446,불참,2024-02-01
21,FRN1867O,2126446,찬성,2024-02-01
21,LQW3652K,2126446,찬성,2024-02-01
21,RO593601,2126446,찬성,2024-02-01
21,UB114374,2126446,찬성,2024-02-01
21,GAV6441G,2126446,찬성,2024-02-01
21,0YT3774N,2126446,찬성,2024-02-01
21,7JC3239L,2126446,찬성,2024-02-01
21,40S1959J,2126446,찬성,2024-02-01
21,IL74008M,2126446,찬성,2024-02-01
21,8KF7223D,2126446,불참,2024-02-01
21,8P37634C,2126446,찬성,2024-02-01
21,CNZ51556,2126446,찬성,2024-02-01
21,N4R2421C,2126446,찬성,2024-02-01
21,3C23171A,2126446,불참,2024-02-01
21,P2N4585G,2126446,찬성,2024-02-01
21,JMY9959W,2126446,불참,2024-02-01
21,6AR6743G,2126446,불참,2024-02-01
21,VCP96419,2126446,찬성,2024-02-01
21,8VJ8533R,2126446,찬성,2024-02-01
21,B7D7534L,2126446,불참,2024-02-01
21,SE233396,2126446,찬성,2024-02-01
21,AFH96856,2126446,찬성,2024-02-01
21,4U29186R,2126446,찬성,2024-02-01
21,F5Y4026Q,2126446,불참,2024-02-01
21,WHV3448W,2126446,불참,2024-02-01
21,6RD62559,2126446,불참,2024-02-01
21,1Y73132H,2126446,찬성,2024-02-01
21,I0S53762,2126446,찬성,2024-02-01
21,TKJ4800F,2126446,찬성,2024-02-01
21,O6D8329R,2126446,찬성,2024-02-01
21,N9X9673B,2126446,찬성,2024-02-01
21,5MD4184K,2126446,찬성,2024-02-01
21,DPZ7685X,2126446,찬성,2024-02-01
21,6U243644,2126446,찬성,2024-02-01
21,UHB5553T,2126446,찬성,2024-02-01
21,J9S37905,2126446,찬성,2024-02-01
21,VRY5522V,2126446,찬성,2024-02-01
21,CAA7713A,2126446,찬성,2024-02-01
21,0PK7354M,2126446,찬성,2024-02-01
21,O0I2045I,2126446,찬성,2024-02-01
21,CZB4125D,2126446,찬성,2024-02-01
21,Z6R3959C,2126446,불참,2024-02-01
21,UGH6481E,2126446,찬성,2024-02-01
21,JZY9937U,2126446,불참,2024-02-01
21,2NV6751W,2126446,찬성,2024-02-01
21,BM63269Y,2126446,찬성,2024-02-01
21,M7O7878U,2126446,불참,2024-02-01
21,YLS4431M,2126446,찬성,2024-02-01
21,3ZR4438W,2126446,불참,2024-02-01
21,16D7652C,2126446,찬성,2024-02-01
21,FU53642G,2126446,찬성,2024-02-01
21,8VY63414,2126446,찬성,2024-02-01
21,JEZ3130Q,2126446,불참,2024-02-01
21,BCQ55105,2126446,불참,2024-02-01
21,9L57027L,2126446,찬성,2024-02-01
21,IUD9392R,2126446,불참,2024-02-01
21,DBA1057Z,2126446,불참,2024-02-01
21,UQ282145,2126446,불참,2024-02-01
21,TRE2429O,2126446,불참,2024-02-01
21,7BM2933Y,2126446,찬성,2024-02-01
21,CDL93608,2126446,찬성,2024-02-01
21,9VR65006,2126446,찬성,2024-02-01
21,T465023H,2126446,찬성,2024-02-01
21,RQQ3807K,2126446,찬성,2024-02-01
21,FH777496,2126446,찬성,2024-02-01
21,ZYP7962W,2126446,찬성,2024-02-01
21,CNW5754J,2126446,찬성,2024-02-01
21,3249208I,2126446,찬성,2024-02-01
21,GX38539O,2126446,찬성,2024-02-01
21,8Q88373R,2126446,불참,2024-02-01
21,XEF29171,2126446,찬성,2024-02-01
21,QTW6852F,2126446,찬성,2024-02-01
21,5KV82250,2126446,찬성,2024-02-01
21,L7J93733,2126446,찬성,2024-02-01
21,LT72093S,2126446,찬성,2024-02-01
21,FDC3144T,2126446,찬성,2024-02-01
21,G152611B,2126446,불참,2024-02-01
21,I7R13867,2126446,찬성,2024-02-01
21,SQ36001H,2126446,찬성,2024-02-01
21,9LD2641Q,2126446,찬성,2024-02-01
21,LPB30152,2126446,찬성,2024-02-01
21,MD083627,2126446,찬성,2024-02-01
21,OSV9142K,2126446,찬성,2024-02-01
21,B7R2742J,2126446,찬성,2024-02-01
21,FJK3396E,2126446,찬성,2024-02-01
21,71J2365L,2126446,불참,2024-02-01
21,7O71647Z,2126446,찬성,2024-02-01
21,E1J8836Y,2126446,찬성,2024-02-01
21,RD42006Y,2126446,찬성,2024-02-01
21,6EN68926,2126446,불참,2024-02-01
21,QHL3248U,2126446,찬성,2024-02-01
21,TJW93720,2126446,찬성,2024-02-01
21,9S151177,2126446,찬성,2024-02-01
21,TZ228122,2126446,찬성,2024-02-01
21,9V18755A,2126446,찬성,2024-02-01
21,XA42275R,2126446,찬성,2024-02-01
21,VHK3402G,2126446,불참,2024-02-01
21,SZ51175J,2126446,찬성,2024-02-01
21,04T3751T,2126446,불참,2024-02-01
21,MSY7784L,2126446,찬성,2024-02-01
21,EVH1507C,2126446,찬성,2024-02-01
21,K5F2023J,2126446,찬성,2024-02-01
21,14M56632,2126446,찬성,2024-02-01
21,5K93695T,2126446,찬성,2024-02-01
21,E9R4507P,2126446,찬성,2024-02-01
21,KFS1358P,2126446,찬성,2024-02-01
21,A494529E,2126446,불참,2024-02-01
21,QUM8288K,2126446,찬성,2024-02-01
21,S824682L,2126446,찬성,2024-02-01
21,W4X85128,2126446,불참,2024-02-01
21,Q9H5708M,2126446,찬성,2024-02-01
21,MRK4871S,2126446,찬성,2024-02-01
21,MNZ4401T,2126446,불참,2024-02-01
21,HSS7466Y,2126446,찬성,2024-02-01
21,KB04377U,2126446,찬성,2024-02-01
21,MLH1404S,2126446,불참,2024-02-01
21,XR24352K,2126446,찬성,2024-02-01
21,QQP4727N,2126446,찬성,2024-02-01
21,GOC54665,2126446,찬성,2024-02-01
21,5UN9725L,2126446,찬성,2024-02-01
21,LJK4960Z,2126446,찬성,2024-02-01
21,K3W33496,2126446,불참,2024-02-01
21,NCO99988,2126446,찬성,2024-02-01
21,M2Q9024I,2126446,찬성,2024-02-01
21,CI15627C,2126446,찬성,2024-02-01
21,C7E79345,2126446,불참,2024-02-01
21,4019850M,2126446,찬성,2024-02-01
21,9YO73104,2126446,찬성,2024-02-01
21,E6U4345C,2126446,찬성,2024-02-01
21,2UD1340H,2126446,찬성,2024-02-01
21,X7I4680R,2126446,찬성,2024-02-01
21,EMC8812P,2126446,찬성,2024-02-01
21,XJC13432,2126446,찬성,2024-02-01
21,XSP20229,2126446,찬성,2024-02-01
21,3RW63706,2126446,찬성,2024-02-01
21,FYI20317,2126446,찬성,2024-02-01
21,8X15119P,2126446,찬성,2024-02-01
21,WVU2479T,2126446,찬성,2024-02-01
21,9D939735,2126446,찬성,2024-02-01
21,7XY7109I,2126446,찬성,2024-02-01
21,TST4507I,2126446,찬성,2024-02-01
21,JC14718Q,2126446,찬성,2024-02-01
21,DAV7257X,2126446,찬성,2024-02-01
21,GE71932C,2126446,찬성,2024-02-01
21,6YT83269,2126446,찬성,2024-02-01
21,1MU99298,2126446,찬성,2024-02-01
21,17M85910,2126446,찬성,2024-02-01
21,G1570880,2126446,찬성,2024-02-01
21,FOK3459D,2126446,불참,2024-02-01
21,QUO78839,2126446,찬성,2024-02-01
21,BT62420K,2126446,불참,2024-02-01
21,TZP9391O,2126446,찬성,2024-02-01
21,6V37131U,2126446,찬성,2024-02-01
21,ZDP5704Q,2126446,찬성,2024-02-01
21,1BX7234U,2126446,찬성,2024-02-01
21,PO64874I,2126446,불참,2024-02-01
21,LBC8144B,2126446,찬성,2024-02-01
21,YOG1280B,2126446,찬성,2024-02-01
21,FIC9046Z,2126446,찬성,2024-02-01
21,NUB4941Z,2126446,찬성,2024-02-01
21,KFM1081G,2126446,불참,2024-02-01
21,F0I5053J,2126446,찬성,2024-02-01
21,MSO2590I,2126446,찬성,2024-02-01
21,NLR6572J,2126446,찬성,2024-02-01
21,L7T64271,2126446,찬성,2024-02-01
21,GKD32201,2126446,찬성,2024-02-01
21,CCU1009B,2126446,불참,2024-02-01
21,2N793392,2126446,찬성,2024-02-01
21,LM13674V,2126446,찬성,2024-02-01
21,GP07421U,2126446,찬성,2024-02-01
21,FGI27280,2126446,불참,2024-02-01
21,4XG1439M,2126446,찬성,2024-02-01
21,A0P4646G,2126446,찬성,2024-02-01
21,D4L60530,2126446,찬성,2024-02-01
21,M6H1705E,2126446,찬성,2024-02-01
21,OFE45081,2126446,찬성,2024-02-01
21,NTT8182Q,2126446,찬성,2024-02-01
21,A3H7195R,2126446,찬성,2024-02-01
21,0VU8517U,2126446,찬성,2024-02-01
21,NZF1659U,2126446,찬성,2024-02-01
21,WDS6044S,2126446,찬성,2024-02-01
21,3BC6890E,2126446,찬성,2024-02-01
21,KR14136C,2126446,찬성,2024-02-01
21,WJL30106,2126446,불참,2024-02-01
21,KNM3215T,2126446,찬성,2024-02-01
21,HKJ99607,2126446,찬성,2024-02-01
21,X3170462,2126446,불참,2024-02-01
21,MY318392,2126446,불참,2024-02-01
21,4T026790,2126446,찬성,2024-02-01
21,GF286398,2126446,찬성,2024-02-01
21,H5476989,2126446,찬성,2024-02-01
21,6FS10566,2126446,찬성,2024-02-01
21,HXT76735,2126446,불참,2024-02-01
21,0R68099X,2126446,찬성,2024-02-01
21,6RM29022,2126446,찬성,2024-02-01
21,MQU41854,2126446,찬성,2024-02-01
21,2385336L,2126446,찬성,2024-02-01
21,MO52543L,2126446,찬성,2024-02-01
21,X1K3667J,2126446,불참,2024-02-01
21,25I8709Q,2126446,찬성,2024-02-01
21,XWX1513T,2126446,찬성,2024-02-01
21,OW53107J,2126446,찬성,2024-02-01
21,PEP6922S,2126446,찬성,2024-02-01
21,DAN6731C,2126446,찬성,2024-02-01
21,VG24001G,2126446,불참,2024-02-01
21,SVH3899R,2126446,찬성,2024-02-01
21,Z7Y7827F,2126446,찬성,2024-02-01
21,ATB59635,2126446,찬성,2024-02-01
21,8SV6917G,2126446,찬성,2024-02-01
21,V0O5343U,2126446,불참,2024-02-01
21,PFG2137X,2126446,찬성,2024-02-01
21,GDG1847Z,2126446,찬성,2024-02-01
21,O7R5461J,2126446,찬성,2024-02-01
21,7R156073,2126446,찬성,2024-02-01
21,J2O8643H,2126446,찬성,2024-02-01
21,6AU2417B,2126446,찬성,2024-02-01
21,GX22581L,2126446,찬성,2024-02-01
21,52P3934K,2126446,찬성,2024-02-01
21,B7H6207C,2126446,찬성,2024-02-01
21,6399076T,2126446,불참,2024-02-01
21,LH97552Q,2126446,찬성,2024-02-01
21,JNL7001A,2104696,불참,2020-12-09
21,9V18755A,2104696,찬성,2020-12-09
21,S741317G,2104696,반대,2020-12-09
21,2N793392,2104696,찬성,2020-12-09
21,1X376850,2104696,불참,2020-12-09
21,D4L60530,2104696,찬성,2020-12-09
21,WDS6044S,2104696,불참,2020-12-09
21,GFF1986K,2104696,찬성,2020-12-09
21,WJL30106,2104696,찬성,2020-12-09
21,60490713,2104696,찬성,2020-12-09
21,4L695580,2104696,찬성,2020-12-09
21,V429892C,2104696,찬성,2020-12-09
21,2385336L,2104696,찬성,2020-12-09
21,IOW1101J,2104696,불참,2020-12-09
21,OIA3741M,2104696,찬성,2020-12-09
21,PAO22428,2104696,찬성,2020-12-09
21,BLC8630L,2104696,찬성,2020-12-09
21,0767470D,2104696,찬성,2020-12-09
21,PEP6922S,2104696,찬성,2020-12-09
21,DAN6731C,2104696,불참,2020-12-09
21,VG24001G,2104696,반대,2020-12-09
21,I434361W,2104696,반대,2020-12-09
21,9JF4562W,2104696,찬성,2020-12-09
21,8SV6917G,2104696,불참,2020-12-09
21,ZRF3039U,2104696,불참,2020-12-09
21,V0O5343U,2104696,찬성,2020-12-09
21,68P7228G,2104696,찬성,2020-12-09
21,CNZ51556,2104696,불참,2020-12-09
21,N4R2421C,2104696,불참,2020-12-09
21,3C23171A,2104696,찬성,2020-12-09
21,LNR7932L,2104696,찬성,2020-12-09
21,O7R5461J,2104696,찬성,2020-12-09
21,J2O8643H,2104696,찬성,2020-12-09
21,GX22581L,2104696,불참,2020-12-09
21,MSY7784L,2104696,불참,2020-12-09
21,5MD4184K,2104696,찬성,2020-12-09
21,5K93695T,2104696,불참,2020-12-09
21,KFS1358P,2104696,찬성,2020-12-09
21,A494529E,2104696,찬성,2020-12-09
21,UGH6481E,2104696,불참,2020-12-09
21,Q9H5708M,2104696,찬성,2020-12-09
21,2NV6751W,2104696,찬성,2020-12-09
21,LJK4960Z,2104696,불참,2020-12-09
21,CI15627C,2104696,불참,2020-12-09
21,21N57758,2104696,찬성,2020-12-09
21,T465023H,2104696,찬성,2020-12-09
21,5KV82250,2104696,불참,2020-12-09
21,L7J93733,2104696,반대,2020-12-09
21,6YT83269,2104696,반대,2020-12-09
21,FDC3144T,2104696,반대,2020-12-09
21,SQ36001H,2104696,찬성,2020-12-09
21,9LD2641Q,2104696,찬성,2020-12-09
21,FOK3459D,2104696,찬성,2020-12-09
21,71J2365L,2104696,불참,2020-12-09
21,6EN68926,2104696,불참,2020-12-09
21,1BX7234U,2104696,찬성,2020-12-09
21,GKD32201,2104696,찬성,2020-12-09
21,L7T64271,2104696,찬성,2020-12-09
21,4X525582,2104696,기권,2020-12-09
21,G7512472,2104696,찬성,2020-12-09
21,3TO11703,2104696,찬성,2020-12-09
21,CCU1009B,2104696,찬성,2020-12-09
21,MU69217P,2104696,반대,2020-12-09
21,66W6739S,2104696,기권,2020-12-09
21,LM13674V,2104696,불참,2020-12-09
21,QD25323M,2104696,찬성,2020-12-09
21,DAY6557K,2104696,불참,2020-12-09
21,GP07421U,2104696,찬성,2020-12-09
21,FGI27280,2104696,반대,2020-12-09
21,USR7059P,2104696,불참,2020-12-09
21,4XG1439M,2104696,찬성,2020-12-09
21,P2N50879,2104696,찬성,2020-12-09
21,A0P4646G,2104696,기권,2020-12-09
21,A2V51235,2104696,찬성,2020-12-09
21,7I09543O,2104696,찬성,2020-12-09
21,3DK8989T,2104696,불참,2020-12-09
21,7469929V,2104696,기권,2020-12-09
21,M6H1705E,2104696,찬성,2020-12-09
21,OFE45081,2104696,찬성,2020-12-09
21,09I2323E,2104696,찬성,2020-12-09
21,NTT8182Q,2104696,찬성,2020-12-09
21,A3H7195R,2104696,찬성,2020-12-09
21,ZYH1940A,2104696,찬성,2020-12-09
21,0VU8517U,2104696,찬성,2020-12-09
21,M0A1658U,2104696,찬성,2020-12-09
21,HSW1214Q,2104696,기권,2020-12-09
21,NZF1659U,2104696,불참,2020-12-09
21,3BC6890E,2104696,반대,2020-12-09
21,ZDR63255,2104696,찬성,2020-12-09
21,KR14136C,2104696,찬성,2020-12-09
21,SRP7336N,2104696,반대,2020-12-09
21,5765663F,2104696,찬성,2020-12-09
21,ZKU88693,2104696,찬성,2020-12-09
21,5KV96424,2104696,찬성,2020-12-09
21,KNM3215T,2104696,찬성,2020-12-09
21,M7T9712V,2104696,불참,2020-12-09
21,UM51067K,2104696,찬성,2020-12-09
21,HKJ99607,2104696,찬성,2020-12-09
21,1WE5693J,2104696,찬성,2020-12-09
21,X3170462,2104696,반대,2020-12-09
21,MY318392,2104696,찬성,2020-12-09
21,8FB1535Y,2104696,찬성,2020-12-09
21,4T026790,2104696,찬성,2020-12-09
21,EH27538E,2104696,불참,2020-12-09
21,WFU14784,2104696,반대,2020-12-09
21,SU53086M,2104696,찬성,2020-12-09
21,0WL9321T,2104696,찬성,2020-12-09
21,PZA4062H,2104696,찬성,2020-12-09
21,MR210505,2104696,불참,2020-12-09
21,GF286398,2104696,찬성,2020-12-09
21,8348421R,2104696,불참,2020-12-09
21,H5476989,2104696,찬성,2020-12-09
21,JQA21112,2104696,반대,2020-12-09
21,40E3739H,2104696,기권,2020-12-09
21,HXT76735,2104696,찬성,2020-12-09
21,RPN2293B,2104696,찬성,2020-12-09
21,0R68099X,2104696,찬성,2020-12-09
21,4A067125,2104696,찬성,2020-12-09
21,IN328264,2104696,찬성,2020-12-09
21,XBT9550Q,2104696,찬성,2020-12-09
21,ZA54991S,2104696,찬성,2020-12-09
21,MO52543L,2104696,불참,2020-12-09
21,0827740Q,2104696,찬성,2020-12-09
21,0W194007,2104696,찬성,2020-12-09
21,X1K3667J,2104696,찬성,2020-12-09
21,WMG57662,2104696,찬성,2020-12-09
21,NCP9875N,2104696,찬성,2020-12-09
21,I5I2468R,2104696,찬성,2020-12-09
21,WTR5885Y,2104696,찬성,2020-12-09
21,L5P27909,2104696,불참,2020-12-09
21,3425169D,2104696,찬성,2020-12-09
21,ICH23251,2104696,찬성,2020-12-09
21,25I8709Q,2104696,찬성,2020-12-09
21,6MO8786S,2104696,반대,2020-12-09
21,XWX1513T,2104696,찬성,2020-12-09
21,CT85313K,2104696,불참,2020-12-09
21,NQR1206Q,2104696,불참,2020-12-09
21,LG63087O,2104696,불참,2020-12-09
21,NAL4555X,2104696,불참,2020-12-09
21,OW53107J,2104696,찬성,2020-12-09
21,L2I9861C,2104696,반대,2020-12-09
21,WCD5518S,2104696,찬성,2020-12-09
21,SVH3899R,2104696,반대,2020-12-09
21,IOW8224X,2104696,찬성,2020-12-09
21,Y7K5946R,2104696,불참,2020-12-09
21,Z7Y7827F,2104696,찬성,2020-12-09
21,ATB59635,2104696,찬성,2020-12-09
21,SBK1544B,2104696,찬성,2020-12-09
21,KUO3574J,2104696,찬성,2020-12-09
21,D6U6678O,2104696,찬성,2020-12-09
21,FU87526G,2104696,반대,2020-12-09
21,S9U45255,2104696,기권,2020-12-09
21,8FC9697X,2104696,불참,2020-12-09
21,QKO6165V,2104696,불참,2020-12-09
21,GD131760,2104696,찬성,2020-12-09
21,P0F1530P,2104696,불참,2020-12-09
21,XPP2564T,2104696,찬성,2020-12-09
21,FRN1867O,2104696,찬성,2020-12-09
21,LQW3652K,2104696,반대,2020-12-09
21,RO593601,2104696,찬성,2020-12-09
21,PFG2137X,2104696,기권,2020-12-09
21,UB114374,2104696,기권,2020-12-09
21,GAV6441G,2104696,불참,2020-12-09
21,0YT3774N,2104696,찬성,2020-12-09
21,7JC3239L,2104696,불참,2020-12-09
21,40S1959J,2104696,찬성,2020-12-09
21,IL74008M,2104696,찬성,2020-12-09
21,8KF7223D,2104696,찬성,2020-12-09
21,8P37634C,2104696,찬성,2020-12-09
21,GDG1847Z,2104696,반대,2020-12-09
21,P2N4585G,2104696,찬성,2020-12-09
21,TVF3669B,2104696,불참,2020-12-09
21,JMY9959W,2104696,찬성,2020-12-09
21,7R156073,2104696,찬성,2020-12-09
21,6AR6743G,2104696,기권,2020-12-09
21,VCP96419,2104696,찬성,2020-12-09
21,6AU2417B,2104696,찬성,2020-12-09
21,8VJ8533R,2104696,불참,2020-12-09
21,B7D7534L,2104696,찬성,2020-12-09
21,SE233396,2104696,찬성,2020-12-09
21,AFH96856,2104696,찬성,2020-12-09
21,52P3934K,2104696,불참,2020-12-09
21,B7H6207C,2104696,불참,2020-12-09
21,6399076T,2104696,찬성,2020-12-09
21,4U29186R,2104696,불참,2020-12-09
21,F5Y4026Q,2104696,불참,2020-12-09
21,WHV3448W,2104696,찬성,2020-12-09
21,1Y73132H,2104696,불참,2020-12-09
21,I0S53762,2104696,기권,2020-12-09
21,LH97552Q,2104696,기권,2020-12-09
21,TKJ4800F,2104696,찬성,2020-12-09
21,O6D8329R,2104696,찬성,2020-12-09
21,04T3751T,2104696,찬성,2020-12-09
21,EVH1507C,2104696,기권,2020-12-09
21,K5F2023J,2104696,찬성,2020-12-09
21,14M56632,2104696,불참,2020-12-09
21,N9X9673B,2104696,불참,2020-12-09
21,TP066860,2104696,불참,2020-12-09
21,DPZ7685X,2104696,불참,2020-12-09
21,6U243644,2104696,반대,2020-12-09
21,E9R4507P,2104696,반대,2020-12-09
21,UHB5553T,2104696,찬성,2020-12-09
21,J9S37905,2104696,기권,2020-12-09
21,VRY5522V,2104696,찬성,2020-12-09
21,CAA7713A,2104696,기권,2020-12-09
21,0PK7354M,2104696,찬성,2020-12-09
21,O0I2045I,2104696,찬성,2020-12-09
21,CZB4125D,2104696,반대,2020-12-09
21,Z6R3959C,2104696,반대,2020-12-09
21,QUM8288K,2104696,불참,2020-12-09
21,S824682L,2104696,찬성,2020-12-09
21,W4X85128,2104696,반대,2020-12-09
21,CFE3998F,2104696,불참,2020-12-09
21,JZY9937U,2104696,불참,2020-12-09
21,MRK4871S,2104696,불참,2020-12-09
21,YKW37422,2104696,찬성,2020-12-09
21,BM63269Y,2104696,찬성,2020-12-09
21,M7O7878U,2104696,찬성,2020-12-09
21,YLS4431M,2104696,불참,2020-12-09
21,MNZ4401T,2104696,찬성,2020-12-09
21,3ZR4438W,2104696,불참,2020-12-09
21,HSS7466Y,2104696,찬성,2020-12-09
21,16D7652C,2104696,불참,2020-12-09
21,KB04377U,2104696,반대,2020-12-09
21,FU53642G,2104696,찬성,2020-12-09
21,MLH1404S,2104696,찬성,2020-12-09
21,8VY63414,2104696,불참,2020-12-09
21,XR24352K,2104696,찬성,2020-12-09
21,QQP4727N,2104696,불참,2020-12-09
21,IUL4848V,2104696,반대,2020-12-09
21,JEZ3130Q,2104696,기권,2020-12-09
21,BCQ55105,2104696,찬성,2020-12-09
21,9L57027L,2104696,반대,2020-12-09
21,GOC54665,2104696,찬성,2020-12-09
21,5UN9725L,2104696,불참,2020-12-09
21,K3W33496,2104696,찬성,2020-12-09
21,M2Q9024I,2104696,찬성,2020-12-09
21,DBA1057Z,2104696,불참,2020-12-09
21,C7E79345,2104696,찬성,2020-12-09
21,4019850M,2104696,찬성,2020-12-09
21,UQ282145,2104696,찬성,2020-12-09
21,9YO73104,2104696,찬성,2020-12-09
21,TRE2429O,2104696,찬성,2020-12-09
21,E6U4345C,2104696,찬성,2020-12-09
21,7BM2933Y,2104696,찬성,2020-12-09
21,CDL93608,2104696,불참,2020-12-09
21,2UD1340H,2104696,찬성,2020-12-09
21,9VR65006,2104696,불참,2020-12-09
21,X7I4680R,2104696,불참,2020-12-09
21,EMC8812P,2104696,반대,2020-12-09
21,XJC13432,2104696,불참,2020-12-09
21,D0C85236,2104696,불참,2020-12-09
21,XSP20229,2104696,불참,2020-12-09
21,3RW63706,2104696,기권,2020-12-09
21,RQQ3807K,2104696,찬성,2020-12-09
21,FH777496,2104696,찬성,2020-12-09
21,FYI20317,2104696,찬성,2020-12-09
21,8X15119P,2104696,반대,2020-12-09
21,ZYP7962W,2104696,불참,2020-12-09
21,CNW5754J,2104696,불참,2020-12-09
21,3249208I,2104696,찬성,2020-12-09
21,GX38539O,2104696,찬성,2020-12-09
21,8Q88373R,2104696,찬성,2020-12-09
21,XEF29171,2104696,찬성,2020-12-09
21,WVU2479T,2104696,찬성,2020-12-09
21,9D939735,2104696,기권,2020-12-09
21,QTW6852F,2104696,불참,2020-12-09
21,7XY7109I,2104696,기권,2020-12-09
21,TST4507I,2104696,찬성,2020-12-09
21,JC14718Q,2104696,찬성,2020-12-09
21,DAV7257X,2104696,불참,2020-12-09
21,LT72093S,2104696,찬성,2020-12-09
21,GE71932C,2104696,찬성,2020-12-09
21,1MU99298,2104696,찬성,2020-12-09
21,17M85910,2104696,찬성,2020-12-09
21,G152611B,2104696,반대,2020-12-09
21,I7R13867,2104696,찬성,2020-12-09
21,G1570880,2104696,찬성,2020-12-09
21,QUO78839,2104696,찬성,2020-12-09
21,BT62420K,2104696,찬성,2020-12-09
21,LPB30152,2104696,찬성,2020-12-09
21,MD083627,2104696,찬성,2020-12-09
21,TZP9391O,2104696,불참,2020-12-09
21,6V37131U,2104696,찬성,2020-12-09
21,OSV9142K,2104696,불참,2020-12-09
21,B7R2742J,2104696,찬성,2020-12-09
21,FJK3396E,2104696,찬성,2020-12-09
21,ZDP5704Q,2104696,찬성,2020-12-09
21,7O71647Z,2104696,찬성,2020-12-09
21,W1Q6753M,2104696,찬성,2020-12-09
21,MHK9919B,2104696,반대,2020-12-09
21,E1J8836Y,2104696,불참,2020-12-09
21,RD42006Y,2104696,찬성,2020-12-09
21,QHL3248U,2104696,찬성,2020-12-09
21,AE685067,2104696,찬성,2020-12-09
21,TJW93720,2104696,찬성,2020-12-09
21,9S151177,2104696,찬성,2020-12-09
21,TZ228122,2104696,찬성,2020-12-09
21,XA42275R,2104696,찬성,2020-12-09
21,PO64874I,2104696,불참,2020-12-09
21,JNL7001A,2106083,찬성,2020-12-02
21,71J2365L,2106083,기권,2020-12-02
21,S741317G,2106083,찬성,2020-12-02
21,2N793392,2106083,찬성,2020-12-02
21,1X376850,2106083,찬성,2020-12-02
21,WJL30106,2106083,찬성,2020-12-02
21,60490713,2106083,불참,2020-12-02
21,4L695580,2106083,찬성,2020-12-02
21,V429892C,2106083,찬성,2020-12-02
21,2385336L,2106083,찬성,2020-12-02
21,PAO22428,2106083,찬성,2020-12-02
21,0767470D,2106083,불참,2020-12-02
21,DAN6731C,2106083,기권,2020-12-02
21,VG24001G,2106083,찬성,2020-12-02
21,I434361W,2106083,찬성,2020-12-02
21,9JF4562W,2106083,찬성,2020-12-02
21,8SV6917G,2106083,불참,2020-12-02
21,ZRF3039U,2106083,찬성,2020-12-02
21,V0O5343U,2106083,찬성,2020-12-02
21,68P7228G,2106083,찬성,2020-12-02
21,CNZ51556,2106083,찬성,2020-12-02
21,N4R2421C,2106083,불참,2020-12-02
21,GX22581L,2106083,찬성,2020-12-02
21,MSY7784L,2106083,불참,2020-12-02
21,5MD4184K,2106083,찬성,2020-12-02
21,5K93695T,2106083,찬성,2020-12-02
21,KFS1358P,2106083,찬성,2020-12-02
21,Q9H5708M,2106083,찬성,2020-12-02
21,2NV6751W,2106083,찬성,2020-12-02
21,LJK4960Z,2106083,찬성,2020-12-02
21,CI15627C,2106083,찬성,2020-12-02
21,21N57758,2106083,찬성,2020-12-02
21,T465023H,2106083,찬성,2020-12-02
21,6YT83269,2106083,찬성,2020-12-02
21,FDC3144T,2106083,찬성,2020-12-02
21,FOK3459D,2106083,찬성,2020-12-02
21,GKD32201,2106083,찬성,2020-12-02
21,L7T64271,2106083,찬성,2020-12-02
21,4X525582,2106083,찬성,2020-12-02
21,G7512472,2106083,찬성,2020-12-02
21,3TO11703,2106083,찬성,2020-12-02
21,CCU1009B,2106083,찬성,2020-12-02
21,MU69217P,2106083,기권,2020-12-02
21,66W6739S,2106083,기권,2020-12-02
21,LM13674V,2106083,불참,2020-12-02
21,QD25323M,2106083,찬성,2020-12-02
21,DAY6557K,2106083,찬성,2020-12-02
21,GP07421U,2106083,찬성,2020-12-02
21,FGI27280,2106083,찬성,2020-12-02
21,USR7059P,2106083,기권,2020-12-02
21,4XG1439M,2106083,불참,2020-12-02
21,P2N50879,2106083,찬성,2020-12-02
21,A0P4646G,2106083,불참,2020-12-02
21,A2V51235,2106083,찬성,2020-12-02
21,7I09543O,2106083,찬성,2020-12-02
21,3DK8989T,2106083,찬성,2020-12-02
21,7469929V,2106083,찬성,2020-12-02
21,D4L60530,2106083,찬성,2020-12-02
21,M6H1705E,2106083,찬성,2020-12-02
21,OFE45081,2106083,찬성,2020-12-02
21,09I2323E,2106083,찬성,2020-12-02
21,NTT8182Q,2106083,찬성,2020-12-02
21,A3H7195R,2106083,찬성,2020-12-02
21,ZYH1940A,2106083,찬성,2020-12-02
21,0VU8517U,2106083,불참,2020-12-02
21,M0A1658U,2106083,찬성,2020-12-02
21,HSW1214Q,2106083,찬성,2020-12-02
21,NZF1659U,2106083,불참,2020-12-02
21,WDS6044S,2106083,찬성,2020-12-02
21,3BC6890E,2106083,찬성,2020-12-02
21,ZDR63255,2106083,찬성,2020-12-02
21,KR14136C,2106083,불참,2020-12-02
21,SRP7336N,2106083,찬성,2020-12-02
21,5765663F,2106083,찬성,2020-12-02
21,GFF1986K,2106083,찬성,2020-12-02
21,5KV96424,2106083,찬성,2020-12-02
21,KNM3215T,2106083,찬성,2020-12-02
21,M7T9712V,2106083,찬성,2020-12-02
21,UM51067K,2106083,찬성,2020-12-02
21,HKJ99607,2106083,찬성,2020-12-02
21,1WE5693J,2106083,불참,2020-12-02
21,X3170462,2106083,찬성,2020-12-02
21,MY318392,2106083,찬성,2020-12-02
21,8FB1535Y,2106083,찬성,2020-12-02
21,4T026790,2106083,찬성,2020-12-02
21,EH27538E,2106083,찬성,2020-12-02
21,WFU14784,2106083,찬성,2020-12-02
21,SU53086M,2106083,불참,2020-12-02
21,0WL9321T,2106083,찬성,2020-12-02
21,PZA4062H,2106083,찬성,2020-12-02
21,MR210505,2106083,찬성,2020-12-02
21,GF286398,2106083,찬성,2020-12-02
21,8348421R,2106083,불참,2020-12-02
21,H5476989,2106083,찬성,2020-12-02
21,JQA21112,2106083,찬성,2020-12-02
21,40E3739H,2106083,찬성,2020-12-02
21,HXT76735,2106083,찬성,2020-12-02
21,RPN2293B,2106083,찬성,2020-12-02
21,0R68099X,2106083,찬성,2020-12-02
21,4A067125,2106083,찬성,2020-12-02
21,IN328264,2106083,찬성,2020-12-02
21,XBT9550Q,2106083,불참,2020-12-02
21,ZA54991S,2106083,찬성,2020-12-02
21,MO52543L,2106083,찬성,2020-12-02
21,0827740Q,2106083,찬성,2020-12-02
21,0W194007,2106083,찬성,2020-12-02
21,X1K3667J,2106083,찬성,2020-12-02
21,WMG57662,2106083,찬성,2020-12-02
21,NCP9875N,2106083,찬성,2020-12-02
21,I5I2468R,2106083,찬성,2020-12-02
21,WTR5885Y,2106083,찬성,2020-12-02
21,L5P27909,2106083,기권,2020-12-02
21,3425169D,2106083,찬성,2020-12-02
21,IOW1101J,2106083,기권,2020-12-02
21,ICH23251,2106083,찬성,2020-12-02
21,25I8709Q,2106083,찬성,2020-12-02
21,OIA3741M,2106083,찬성,2020-12-02
21,6MO8786S,2106083,기권,2020-12-02
21,XWX1513T,2106083,찬성,2020-12-02
21,CT85313K,2106083,찬성,2020-12-02
21,BLC8630L,2106083,찬성,2020-12-02
21,NQR1206Q,2106083,찬성,2020-12-02
21,LG63087O,2106083,불참,2020-12-02
21,NAL4555X,2106083,찬성,2020-12-02
21,OW53107J,2106083,찬성,2020-12-02
21,PEP6922S,2106083,찬성,2020-12-02
21,L2I9861C,2106083,찬성,2020-12-02
21,WCD5518S,2106083,찬성,2020-12-02
21,SVH3899R,2106083,기권,2020-12-02
21,IOW8224X,2106083,찬성,2020-12-02
21,Y7K5946R,2106083,기권,2020-12-02
21,Z7Y7827F,2106083,찬성,2020-12-02
21,ATB59635,2106083,찬성,2020-12-02
21,SBK1544B,2106083,찬성,2020-12-02
21,KUO3574J,2106083,찬성,2020-12-02
21,D6U6678O,2106083,찬성,2020-12-02
21,FU87526G,2106083,찬성,2020-12-02
21,S9U45255,2106083,찬성,2020-12-02
21,8FC9697X,2106083,찬성,2020-12-02
21,QKO6165V,2106083,찬성,2020-12-02
21,GD131760,2106083,찬성,2020-12-02
21,P0F1530P,2106083,불참,2020-12-02
21,XPP2564T,2106083,불참,2020-12-02
21,FRN1867O,2106083,찬성,2020-12-02
21,LQW3652K,2106083,반대,2020-12-02
21,PFG2137X,2106083,찬성,2020-12-02
21,UB114374,2106083,찬성,2020-12-02
21,GAV6441G,2106083,찬성,2020-12-02
21,0YT3774N,2106083,찬성,2020-12-02
21,7JC3239L,2106083,반대,2020-12-02
21,40S1959J,2106083,찬성,2020-12-02
21,IL74008M,2106083,찬성,2020-12-02
21,8KF7223D,2106083,찬성,2020-12-02
21,8P37634C,2106083,찬성,2020-12-02
21,3C23171A,2106083,찬성,2020-12-02
21,GDG1847Z,2106083,찬성,2020-12-02
21,P2N4585G,2106083,찬성,2020-12-02
21,LNR7932L,2106083,불참,2020-12-02
21,O7R5461J,2106083,찬성,2020-12-02
21,TVF3669B,2106083,찬성,2020-12-02
21,JMY9959W,2106083,찬성,2020-12-02
21,7R156073,2106083,찬성,2020-12-02
21,6AR6743G,2106083,찬성,2020-12-02
21,J2O8643H,2106083,찬성,2020-12-02
21,VCP96419,2106083,찬성,2020-12-02
21,6AU2417B,2106083,찬성,2020-12-02
21,8VJ8533R,2106083,찬성,2020-12-02
21,B7D7534L,2106083,찬성,2020-12-02
21,SE233396,2106083,찬성,2020-12-02
21,AFH96856,2106083,불참,2020-12-02
21,52P3934K,2106083,찬성,2020-12-02
21,B7H6207C,2106083,기권,2020-12-02
21,6399076T,2106083,찬성,2020-12-02
21,4U29186R,2106083,불참,2020-12-02
21,F5Y4026Q,2106083,찬성,2020-12-02
21,WHV3448W,2106083,찬성,2020-12-02
21,1Y73132H,2106083,기권,2020-12-02
21,I0S53762,2106083,불참,2020-12-02
21,LH97552Q,2106083,찬성,2020-12-02
21,TKJ4800F,2106083,찬성,2020-12-02
21,O6D8329R,2106083,찬성,2020-12-02
21,04T3751T,2106083,찬성,2020-12-02
21,EVH1507C,2106083,찬성,2020-12-02
21,K5F2023J,2106083,찬성,2020-12-02
21,N9X9673B,2106083,불참,2020-12-02
21,TP066860,2106083,불참,2020-12-02
21,DPZ7685X,2106083,찬성,2020-12-02
21,6U243644,2106083,불참,2020-12-02
21,E9R4507P,2106083,반대,2020-12-02
21,UHB5553T,2106083,찬성,2020-12-02
21,J9S37905,2106083,찬성,2020-12-02
21,A494529E,2106083,찬성,2020-12-02
21,VRY5522V,2106083,찬성,2020-12-02
21,CAA7713A,2106083,찬성,2020-12-02
21,0PK7354M,2106083,찬성,2020-12-02
21,CZB4125D,2106083,불참,2020-12-02
21,Z6R3959C,2106083,찬성,2020-12-02
21,QUM8288K,2106083,찬성,2020-12-02
21,UGH6481E,2106083,찬성,2020-12-02
21,S824682L,2106083,찬성,2020-12-02
21,W4X85128,2106083,불참,2020-12-02
21,CFE3998F,2106083,불참,2020-12-02
21,JZY9937U,2106083,찬성,2020-12-02
21,MRK4871S,2106083,기권,2020-12-02
21,YKW37422,2106083,불참,2020-12-02
21,BM63269Y,2106083,찬성,2020-12-02
21,M7O7878U,2106083,찬성,2020-12-02
21,YLS4431M,2106083,기권,2020-12-02
21,MNZ4401T,2106083,찬성,2020-12-02
21,3ZR4438W,2106083,불참,2020-12-02
21,HSS7466Y,2106083,찬성,2020-12-02
21,16D7652C,2106083,찬성,2020-12-02
21,KB04377U,2106083,기권,2020-12-02
21,FU53642G,2106083,찬성,2020-12-02
21,MLH1404S,2106083,찬성,2020-12-02
21,8VY63414,2106083,찬성,2020-12-02
21,XR24352K,2106083,찬성,2020-12-02
21,QQP4727N,2106083,찬성,2020-12-02
21,IUL4848V,2106083,반대,2020-12-02
21,JEZ3130Q,2106083,찬성,2020-12-02
21,BCQ55105,2106083,찬성,2020-12-02
21,9L57027L,2106083,찬성,2020-12-02
21,GOC54665,2106083,찬성,2020-12-02
21,5UN9725L,2106083,찬성,2020-12-02
21,K3W33496,2106083,찬성,2020-12-02
21,M2Q9024I,2106083,불참,2020-12-02
21,DBA1057Z,2106083,찬성,2020-12-02
21,C7E79345,2106083,찬성,2020-12-02
21,4019850M,2106083,찬성,2020-12-02
21,UQ282145,2106083,찬성,2020-12-02
21,9YO73104,2106083,찬성,2020-12-02
21,TRE2429O,2106083,찬성,2020-12-02
21,E6U4345C,2106083,찬성,2020-12-02
21,7BM2933Y,2106083,찬성,2020-12-02
21,CDL93608,2106083,찬성,2020-12-02
21,2UD1340H,2106083,찬성,2020-12-02
21,9VR65006,2106083,찬성,2020-12-02
21,X7I4680R,2106083,찬성,2020-12-02
21,EMC8812P,2106083,반대,2020-12-02
21,XJC13432,2106083,찬성,2020-12-02
21,D0C85236,2106083,찬성,2020-12-02
21,XSP20229,2106083,찬성,2020-12-02
21,3RW63706,2106083,찬성,2020-12-02
21,RQQ3807K,2106083,찬성,2020-12-02
21,FH777496,2106083,찬성,2020-12-02
21,FYI20317,2106083,찬성,2020-12-02
21,8X15119P,2106083,찬성,2020-12-02
21,ZYP7962W,2106083,찬성,2020-12-02
21,CNW5754J,2106083,불참,2020-12-02
21,3249208I,2106083,찬성,2020-12-02
21,GX38539O,2106083,찬성,2020-12-02
21,8Q88373R,2106083,찬성,2020-12-02
21,WVU2479T,2106083,찬성,2020-12-02
21,9D939735,2106083,찬성,2020-12-02
21,QTW6852F,2106083,찬성,2020-12-02
21,7XY7109I,2106083,찬성,2020-12-02
21,TST4507I,2106083,찬성,2020-12-02
21,JC14718Q,2106083,찬성,2020-12-02
21,5KV82250,2106083,찬성,2020-12-02
21,L7J93733,2106083,찬성,2020-12-02
21,DAV7257X,2106083,찬성,2020-12-02
21,LT72093S,2106083,찬성,2020-12-02
21,GE71932C,2106083,찬성,2020-12-02
21,1MU99298,2106083,찬성,2020-12-02
21,17M85910,2106083,찬성,2020-12-02
21,G152611B,2106083,찬성,2020-12-02
21,I7R13867,2106083,찬성,2020-12-02
21,SQ36001H,2106083,찬성,2020-12-02
21,G1570880,2106083,불참,2020-12-02
21,9LD2641Q,2106083,찬성,2020-12-02
21,QUO78839,2106083,찬성,2020-12-02
21,BT62420K,2106083,찬성,2020-12-02
21,LPB30152,2106083,찬성,2020-12-02
21,MD083627,2106083,찬성,2020-12-02
21,TZP9391O,2106083,찬성,2020-12-02
21,6V37131U,2106083,찬성,2020-12-02
21,OSV9142K,2106083,찬성,2020-12-02
21,B7R2742J,2106083,찬성,2020-12-02
21,FJK3396E,2106083,찬성,2020-12-02
21,ZDP5704Q,2106083,찬성,2020-12-02
21,7O71647Z,2106083,찬성,2020-12-02
21,W1Q6753M,2106083,찬성,2020-12-02
21,MHK9919B,2106083,찬성,2020-12-02
21,E1J8836Y,2106083,찬성,2020-12-02
21,RD42006Y,2106083,찬성,2020-12-02
21,6EN68926,2106083,찬성,2020-12-02
21,1BX7234U,2106083,찬성,2020-12-02
21,QHL3248U,2106083,찬성,2020-12-02
21,AE685067,2106083,찬성,2020-12-02
21,TJW93720,2106083,찬성,2020-12-02
21,9S151177,2106083,찬성,2020-12-02
21,TZ228122,2106083,찬성,2020-12-02
21,9V18755A,2106083,찬성,2020-12-02
21,PO64874I,2106083,찬성,2020-12-02
21,ZKU88693,2106083,찬성,2020-12-02
21,RO593601,2106083,찬성,2020-12-02
21,XA42275R,2106083,찬성,2020-12-02
21,O0I2045I,2106083,찬성,2020-12-02
21,XEF29171,2106083,찬성,2020-12-02
21,14M56632,2106083,찬성,2020-12-02
21,EMC8812P,2108997,기권,2021-03-24
21,T465023H,2108997,찬성,2021-03-24
21,7XY7109I,2108997,불참,2021-03-24
21,TST4507I,2108997,찬성,2021-03-24
21,JC14718Q,2108997,찬성,2021-03-24
21,5KV82250,2108997,불참,2021-03-24
21,L7J93733,2108997,찬성,2021-03-24
21,6YT83269,2108997,찬성,2021-03-24
21,1MU99298,2108997,찬성,2021-03-24
21,FDC3144T,2108997,찬성,2021-03-24
21,17M85910,2108997,찬성,2021-03-24
21,9LD2641Q,2108997,찬성,2021-03-24
21,FOK3459D,2108997,찬성,2021-03-24
21,BT62420K,2108997,찬성,2021-03-24
21,71J2365L,2108997,불참,2021-03-24
21,6EN68926,2108997,불참,2021-03-24
21,1BX7234U,2108997,찬성,2021-03-24
21,QHL3248U,2108997,찬성,2021-03-24
21,9V18755A,2108997,찬성,2021-03-24
21,JNL7001A,2108997,찬성,2021-03-24
21,GKD32201,2108997,찬성,2021-03-24
21,S741317G,2108997,찬성,2021-03-24
21,2N793392,2108997,찬성,2021-03-24
21,QD25323M,2108997,불참,2021-03-24
21,1X376850,2108997,기권,2021-03-24
21,D4L60530,2108997,찬성,2021-03-24
21,NTT8182Q,2108997,찬성,2021-03-24
21,M0A1658U,2108997,찬성,2021-03-24
21,NZF1659U,2108997,불참,2021-03-24
21,WDS6044S,2108997,불참,2021-03-24
21,ZDR63255,2108997,찬성,2021-03-24
21,GFF1986K,2108997,찬성,2021-03-24
21,WJL30106,2108997,찬성,2021-03-24
21,KNM3215T,2108997,찬성,2021-03-24
21,MY318392,2108997,찬성,2021-03-24
21,4T026790,2108997,찬성,2021-03-24
21,WFU14784,2108997,찬성,2021-03-24
21,0WL9321T,2108997,찬성,2021-03-24
21,4L695580,2108997,찬성,2021-03-24
21,RPN2293B,2108997,찬성,2021-03-24
21,V429892C,2108997,찬성,2021-03-24
21,ZA54991S,2108997,찬성,2021-03-24
21,WTR5885Y,2108997,찬성,2021-03-24
21,IOW1101J,2108997,불참,2021-03-24
21,25I8709Q,2108997,찬성,2021-03-24
21,BLC8630L,2108997,불참,2021-03-24
21,0767470D,2108997,찬성,2021-03-24
21,DAN6731C,2108997,불참,2021-03-24
21,VG24001G,2108997,찬성,2021-03-24
21,I434361W,2108997,찬성,2021-03-24
21,9JF4562W,2108997,찬성,2021-03-24
21,Y7K5946R,2108997,찬성,2021-03-24
21,SBK1544B,2108997,찬성,2021-03-24
21,8SV6917G,2108997,찬성,2021-03-24
21,ZRF3039U,2108997,찬성,2021-03-24
21,V0O5343U,2108997,찬성,2021-03-24
21,7JC3239L,2108997,불참,2021-03-24
21,CNZ51556,2108997,찬성,2021-03-24
21,N4R2421C,2108997,불참,2021-03-24
21,LNR7932L,2108997,불참,2021-03-24
21,O7R5461J,2108997,불참,2021-03-24
21,GX22581L,2108997,불참,2021-03-24
21,6399076T,2108997,찬성,2021-03-24
21,4U29186R,2108997,찬성,2021-03-24
21,F5Y4026Q,2108997,찬성,2021-03-24
21,MSY7784L,2108997,불참,2021-03-24
21,5K93695T,2108997,찬성,2021-03-24
21,KFS1358P,2108997,찬성,2021-03-24
21,VRY5522V,2108997,찬성,2021-03-24
21,CZB4125D,2108997,불참,2021-03-24
21,Z6R3959C,2108997,불참,2021-03-24
21,UGH6481E,2108997,찬성,2021-03-24
21,Q9H5708M,2108997,찬성,2021-03-24
21,2NV6751W,2108997,찬성,2021-03-24
21,BM63269Y,2108997,불참,2021-03-24
21,XR24352K,2108997,찬성,2021-03-24
21,QQP4727N,2108997,불참,2021-03-24
21,GOC54665,2108997,찬성,2021-03-24
21,LJK4960Z,2108997,불참,2021-03-24
21,K3W33496,2108997,찬성,2021-03-24
21,CI15627C,2108997,찬성,2021-03-24
21,21N57758,2108997,찬성,2021-03-24
21,2UD1340H,2108997,찬성,2021-03-24
21,L7T64271,2108997,찬성,2021-03-24
21,4X525582,2108997,불참,2021-03-24
21,G7512472,2108997,찬성,2021-03-24
21,3TO11703,2108997,찬성,2021-03-24
21,CCU1009B,2108997,찬성,2021-03-24
21,MU69217P,2108997,불참,2021-03-24
21,66W6739S,2108997,불참,2021-03-24
21,LM13674V,2108997,찬성,2021-03-24
21,DAY6557K,2108997,찬성,2021-03-24
21,GP07421U,2108997,찬성,2021-03-24
21,FGI27280,2108997,찬성,2021-03-24
21,USR7059P,2108997,불참,2021-03-24
21,4XG1439M,2108997,찬성,2021-03-24
21,P2N50879,2108997,찬성,2021-03-24
21,A0P4646G,2108997,찬성,2021-03-24
21,A2V51235,2108997,찬성,2021-03-24
21,7I09543O,2108997,찬성,2021-03-24
21,3DK8989T,2108997,불참,2021-03-24
21,7469929V,2108997,불참,2021-03-24
21,M6H1705E,2108997,불참,2021-03-24
21,OFE45081,2108997,찬성,2021-03-24
21,09I2323E,2108997,불참,2021-03-24
21,A3H7195R,2108997,찬성,2021-03-24
21,ZYH1940A,2108997,불참,2021-03-24
21,0VU8517U,2108997,불참,2021-03-24
21,HSW1214Q,2108997,찬성,2021-03-24
21,3BC6890E,2108997,기권,2021-03-24
21,KR14136C,2108997,불참,2021-03-24
21,SRP7336N,2108997,찬성,2021-03-24
21,5765663F,2108997,찬성,2021-03-24
21,ZKU88693,2108997,찬성,2021-03-24
21,5KV96424,2108997,찬성,2021-03-24
21,M7T9712V,2108997,불참,2021-03-24
21,60490713,2108997,찬성,2021-03-24
21,UM51067K,2108997,찬성,2021-03-24
21,HKJ99607,2108997,찬성,2021-03-24
21,1WE5693J,2108997,찬성,2021-03-24
21,X3170462,2108997,불참,2021-03-24
21,8FB1535Y,2108997,찬성,2021-03-24
21,EH27538E,2108997,찬성,2021-03-24
21,SU53086M,2108997,찬성,2021-03-24
21,PZA4062H,2108997,찬성,2021-03-24
21,MR210505,2108997,찬성,2021-03-24
21,GF286398,2108997,찬성,2021-03-24
21,8348421R,2108997,기권,2021-03-24
21,H5476989,2108997,찬성,2021-03-24
21,JQA21112,2108997,찬성,2021-03-24
21,40E3739H,2108997,찬성,2021-03-24
21,HXT76735,2108997,찬성,2021-03-24
21,0R68099X,2108997,찬성,2021-03-24
21,4A067125,2108997,불참,2021-03-24
21,2385336L,2108997,찬성,2021-03-24
21,IN328264,2108997,찬성,2021-03-24
21,XBT9550Q,2108997,불참,2021-03-24
21,MO52543L,2108997,찬성,2021-03-24
21,0827740Q,2108997,찬성,2021-03-24
21,0W194007,2108997,찬성,2021-03-24
21,X1K3667J,2108997,찬성,2021-03-24
21,WMG57662,2108997,찬성,2021-03-24
21,NCP9875N,2108997,찬성,2021-03-24
21,I5I2468R,2108997,찬성,2021-03-24
21,L5P27909,2108997,불참,2021-03-24
21,3425169D,2108997,찬성,2021-03-24
21,ICH23251,2108997,찬성,2021-03-24
21,OIA3741M,2108997,찬성,2021-03-24
21,6MO8786S,2108997,찬성,2021-03-24
21,XWX1513T,2108997,찬성,2021-03-24
21,CT85313K,2108997,불참,2021-03-24
21,PAO22428,2108997,찬성,2021-03-24
21,NQR1206Q,2108997,찬성,2021-03-24
21,LG63087O,2108997,불참,2021-03-24
21,NAL4555X,2108997,불참,2021-03-24
21,OW53107J,2108997,찬성,2021-03-24
21,PEP6922S,2108997,찬성,2021-03-24
21,L2I9861C,2108997,찬성,2021-03-24
21,WCD5518S,2108997,찬성,2021-03-24
21,SVH3899R,2108997,기권,2021-03-24
21,IOW8224X,2108997,찬성,2021-03-24
21,Z7Y7827F,2108997,찬성,2021-03-24
21,ATB59635,2108997,찬성,2021-03-24
21,KUO3574J,2108997,찬성,2021-03-24
21,D6U6678O,2108997,찬성,2021-03-24
21,FU87526G,2108997,찬성,2021-03-24
21,S9U45255,2108997,찬성,2021-03-24
21,8FC9697X,2108997,불참,2021-03-24
21,QKO6165V,2108997,불참,2021-03-24
21,GD131760,2108997,불참,2021-03-24
21,68P7228G,2108997,찬성,2021-03-24
21,P0F1530P,2108997,불참,2021-03-24
21,XPP2564T,2108997,불참,2021-03-24
21,FRN1867O,2108997,찬성,2021-03-24
21,LQW3652K,2108997,불참,2021-03-24
21,RO593601,2108997,불참,2021-03-24
21,PFG2137X,2108997,불참,2021-03-24
21,UB114374,2108997,찬성,2021-03-24
21,GAV6441G,2108997,찬성,2021-03-24
21,0YT3774N,2108997,찬성,2021-03-24
21,40S1959J,2108997,찬성,2021-03-24
21,IL74008M,2108997,찬성,2021-03-24
21,8KF7223D,2108997,불참,2021-03-24
21,8P37634C,2108997,찬성,2021-03-24
21,3C23171A,2108997,불참,2021-03-24
21,GDG1847Z,2108997,불참,2021-03-24
21,P2N4585G,2108997,찬성,2021-03-24
21,TVF3669B,2108997,불참,2021-03-24
21,JMY9959W,2108997,찬성,2021-03-24
21,7R156073,2108997,불참,2021-03-24
21,6AR6743G,2108997,찬성,2021-03-24
21,J2O8643H,2108997,찬성,2021-03-24
21,VCP96419,2108997,찬성,2021-03-24
21,6AU2417B,2108997,찬성,2021-03-24
21,8VJ8533R,2108997,불참,2021-03-24
21,B7D7534L,2108997,찬성,2021-03-24
21,SE233396,2108997,찬성,2021-03-24
21,AFH96856,2108997,찬성,2021-03-24
21,52P3934K,2108997,찬성,2021-03-24
21,B7H6207C,2108997,찬성,2021-03-24
21,WHV3448W,2108997,찬성,2021-03-24
21,1Y73132H,2108997,불참,2021-03-24
21,I0S53762,2108997,불참,2021-03-24
21,LH97552Q,2108997,찬성,2021-03-24
21,TKJ4800F,2108997,찬성,2021-03-24
21,O6D8329R,2108997,찬성,2021-03-24
21,04T3751T,2108997,찬성,2021-03-24
21,EVH1507C,2108997,기권,2021-03-24
21,K5F2023J,2108997,찬성,2021-03-24
21,14M56632,2108997,불참,2021-03-24
21,N9X9673B,2108997,찬성,2021-03-24
21,5MD4184K,2108997,찬성,2021-03-24
21,TP066860,2108997,불참,2021-03-24
21,DPZ7685X,2108997,불참,2021-03-24
21,6U243644,2108997,찬성,2021-03-24
21,E9R4507P,2108997,기권,2021-03-24
21,UHB5553T,2108997,불참,2021-03-24
21,J9S37905,2108997,불참,2021-03-24
21,A494529E,2108997,찬성,2021-03-24
21,CAA7713A,2108997,찬성,2021-03-24
21,0PK7354M,2108997,찬성,2021-03-24
21,O0I2045I,2108997,찬성,2021-03-24
21,QUM8288K,2108997,찬성,2021-03-24
21,S824682L,2108997,불참,2021-03-24
21,W4X85128,2108997,기권,2021-03-24
21,CFE3998F,2108997,찬성,2021-03-24
21,JZY9937U,2108997,찬성,2021-03-24
21,MRK4871S,2108997,찬성,2021-03-24
21,YKW37422,2108997,불참,2021-03-24
21,M7O7878U,2108997,찬성,2021-03-24
21,YLS4431M,2108997,불참,2021-03-24
21,MNZ4401T,2108997,찬성,2021-03-24
21,3ZR4438W,2108997,불참,2021-03-24
21,HSS7466Y,2108997,찬성,2021-03-24
21,16D7652C,2108997,찬성,2021-03-24
21,KB04377U,2108997,불참,2021-03-24
21,FU53642G,2108997,찬성,2021-03-24
21,MLH1404S,2108997,기권,2021-03-24
21,8VY63414,2108997,찬성,2021-03-24
21,IUL4848V,2108997,찬성,2021-03-24
21,JEZ3130Q,2108997,불참,2021-03-24
21,BCQ55105,2108997,찬성,2021-03-24
21,9L57027L,2108997,불참,2021-03-24
21,5UN9725L,2108997,불참,2021-03-24
21,M2Q9024I,2108997,불참,2021-03-24
21,DBA1057Z,2108997,찬성,2021-03-24
21,C7E79345,2108997,불참,2021-03-24
21,4019850M,2108997,찬성,2021-03-24
21,UQ282145,2108997,찬성,2021-03-24
21,9YO73104,2108997,불참,2021-03-24
21,TRE2429O,2108997,불참,2021-03-24
21,E6U4345C,2108997,찬성,2021-03-24
21,7BM2933Y,2108997,찬성,2021-03-24
21,CDL93608,2108997,불참,2021-03-24
21,9VR65006,2108997,불참,2021-03-24
21,X7I4680R,2108997,찬성,2021-03-24
21,XJC13432,2108997,불참,2021-03-24
21,D0C85236,2108997,찬성,2021-03-24
21,XSP20229,2108997,불참,2021-03-24
21,3RW63706,2108997,불참,2021-03-24
21,RQQ3807K,2108997,찬성,2021-03-24
21,FH777496,2108997,찬성,2021-03-24
21,FYI20317,2108997,찬성,2021-03-24
21,8X15119P,2108997,찬성,2021-03-24
21,ZYP7962W,2108997,불참,2021-03-24
21,CNW5754J,2108997,찬성,2021-03-24
21,3249208I,2108997,찬성,2021-03-24
21,GX38539O,2108997,찬성,2021-03-24
21,8Q88373R,2108997,찬성,2021-03-24
21,XEF29171,2108997,찬성,2021-03-24
21,WVU2479T,2108997,찬성,2021-03-24
21,9D939735,2108997,불참,2021-03-24
21,QTW6852F,2108997,불참,2021-03-24
21,DAV7257X,2108997,찬성,2021-03-24
21,LT72093S,2108997,찬성,2021-03-24
21,GE71932C,2108997,찬성,2021-03-24
21,G152611B,2108997,불참,2021-03-24
21,I7R13867,2108997,찬성,2021-03-24
21,SQ36001H,2108997,찬성,2021-03-24
21,G1570880,2108997,찬성,2021-03-24
21,QUO78839,2108997,불참,2021-03-24
21,LPB30152,2108997,찬성,2021-03-24
21,MD083627,2108997,찬성,2021-03-24
21,TZP9391O,2108997,찬성,2021-03-24
21,6V37131U,2108997,찬성,2021-03-24
21,OSV9142K,2108997,찬성,2021-03-24
21,B7R2742J,2108997,찬성,2021-03-24
21,FJK3396E,2108997,찬성,2021-03-24
21,ZDP5704Q,2108997,찬성,2021-03-24
21,7O71647Z,2108997,찬성,2021-03-24
21,W1Q6753M,2108997,찬성,2021-03-24
21,MHK9919B,2108997,불참,2021-03-24
21,E1J8836Y,2108997,불참,2021-03-24
21,RD42006Y,2108997,불참,2021-03-24
21,AE685067,2108997,찬성,2021-03-24
21,TJW93720,2108997,찬성,2021-03-24
21,9S151177,2108997,기권,2021-03-24
21,TZ228122,2108997,찬성,2021-03-24
21,XA42275R,2108997,찬성,2021-03-24
21,PO64874I,2108997,찬성,2021-03-24
21,F5U2979W,2123062,찬성,2023-10-06
21,FIC9046Z,2123062,찬성,2023-10-06
21,DWK26447,2123062,찬성,2023-10-06
21,NUB4941Z,2123062,찬성,2023-10-06
21,KFM1081G,2123062,찬성,2023-10-06
21,G7512472,2123062,찬성,2023-10-06
21,3TO11703,2123062,찬성,2023-10-06
21,S741317G,2123062,찬성,2023-10-06
21,CCU1009B,2123062,찬성,2023-10-06
21,MU69217P,2123062,불참,2023-10-06
21,66W6739S,2123062,불참,2023-10-06
21,QD25323M,2123062,찬성,2023-10-06
21,USR7059P,2123062,기권,2023-10-06
21,4XG1439M,2123062,찬성,2023-10-06
21,P2N50879,2123062,찬성,2023-10-06
21,A0P4646G,2123062,찬성,2023-10-06
21,A2V51235,2123062,찬성,2023-10-06
21,7I09543O,2123062,찬성,2023-10-06
21,3DK8989T,2123062,찬성,2023-10-06
21,7469929V,2123062,불참,2023-10-06
21,M6H1705E,2123062,찬성,2023-10-06
21,OFE45081,2123062,찬성,2023-10-06
21,09I2323E,2123062,찬성,2023-10-06
21,ZYH1940A,2123062,찬성,2023-10-06
21,HSW1214Q,2123062,찬성,2023-10-06
21,WDS6044S,2123062,찬성,2023-10-06
21,ZDR63255,2123062,찬성,2023-10-06
21,KR14136C,2123062,찬성,2023-10-06
21,5765663F,2123062,찬성,2023-10-06
21,GFF1986K,2123062,찬성,2023-10-06
21,ZKU88693,2123062,찬성,2023-10-06
21,5KV96424,2123062,찬성,2023-10-06
21,M7T9712V,2123062,찬성,2023-10-06
21,60490713,2123062,찬성,2023-10-06
21,UM51067K,2123062,찬성,2023-10-06
21,1WE5693J,2123062,찬성,2023-10-06
21,X3170462,2123062,불참,2023-10-06
21,8FB1535Y,2123062,찬성,2023-10-06
21,4T026790,2123062,찬성,2023-10-06
21,EH27538E,2123062,찬성,2023-10-06
21,WFU14784,2123062,불참,2023-10-06
21,SU53086M,2123062,찬성,2023-10-06
21,0WL9321T,2123062,찬성,2023-10-06
21,PZA4062H,2123062,불참,2023-10-06
21,MR210505,2123062,불참,2023-10-06
21,8348421R,2123062,불참,2023-10-06
21,4L695580,2123062,찬성,2023-10-06
21,40E3739H,2123062,찬성,2023-10-06
21,HXT76735,2123062,찬성,2023-10-06
21,RPN2293B,2123062,찬성,2023-10-06
21,0R68099X,2123062,찬성,2023-10-06
21,MQU41854,2123062,불참,2023-10-06
21,V429892C,2123062,찬성,2023-10-06
21,2385336L,2123062,찬성,2023-10-06
21,IN328264,2123062,찬성,2023-10-06
21,XBT9550Q,2123062,찬성,2023-10-06
21,ZA54991S,2123062,찬성,2023-10-06
21,MO52543L,2123062,찬성,2023-10-06
21,0827740Q,2123062,찬성,2023-10-06
21,0W194007,2123062,찬성,2023-10-06
21,X1K3667J,2123062,불참,2023-10-06
21,WMG57662,2123062,찬성,2023-10-06
21,NCP9875N,2123062,찬성,2023-10-06
21,I5I2468R,2123062,찬성,2023-10-06
21,3425169D,2123062,찬성,2023-10-06
21,IOW1101J,2123062,불참,2023-10-06
21,OIA3741M,2123062,찬성,2023-10-06
21,6MO8786S,2123062,찬성,2023-10-06
21,CT85313K,2123062,찬성,2023-10-06
21,BLC8630L,2123062,찬성,2023-10-06
21,NQR1206Q,2123062,찬성,2023-10-06
21,DAN6731C,2123062,불참,2023-10-06
21,L2I9861C,2123062,찬성,2023-10-06
21,WCD5518S,2123062,찬성,2023-10-06
21,SVH3899R,2123062,찬성,2023-10-06
21,IOW8224X,2123062,찬성,2023-10-06
21,9JF4562W,2123062,불참,2023-10-06
21,Y7K5946R,2123062,찬성,2023-10-06
21,KUO3574J,2123062,찬성,2023-10-06
21,D6U6678O,2123062,찬성,2023-10-06
21,S9U45255,2123062,찬성,2023-10-06
21,8SV6917G,2123062,불참,2023-10-06
21,8FC9697X,2123062,찬성,2023-10-06
21,QKO6165V,2123062,불참,2023-10-06
21,GD131760,2123062,찬성,2023-10-06
21,ZRF3039U,2123062,찬성,2023-10-06
21,V0O5343U,2123062,찬성,2023-10-06
21,68P7228G,2123062,찬성,2023-10-06
21,P0F1530P,2123062,불참,2023-10-06
21,XPP2564T,2123062,찬성,2023-10-06
21,FRN1867O,2123062,찬성,2023-10-06
21,LQW3652K,2123062,기권,2023-10-06
21,RO593601,2123062,찬성,2023-10-06
21,UB114374,2123062,찬성,2023-10-06
21,GAV6441G,2123062,찬성,2023-10-06
21,0YT3774N,2123062,찬성,2023-10-06
21,7JC3239L,2123062,불참,2023-10-06
21,40S1959J,2123062,찬성,2023-10-06
21,IL74008M,2123062,찬성,2023-10-06
21,8KF7223D,2123062,찬성,2023-10-06
21,8P37634C,2123062,찬성,2023-10-06
21,CNZ51556,2123062,불참,2023-10-06
21,N4R2421C,2123062,불참,2023-10-06
21,3C23171A,2123062,찬성,2023-10-06
21,GDG1847Z,2123062,불참,2023-10-06
21,P2N4585G,2123062,찬성,2023-10-06
21,JMY9959W,2123062,불참,2023-10-06
21,7R156073,2123062,불참,2023-10-06
21,6AR6743G,2123062,찬성,2023-10-06
21,J2O8643H,2123062,불참,2023-10-06
21,VCP96419,2123062,찬성,2023-10-06
21,6AU2417B,2123062,찬성,2023-10-06
21,B7D7534L,2123062,찬성,2023-10-06
21,SE233396,2123062,찬성,2023-10-06
21,AFH96856,2123062,찬성,2023-10-06
21,52P3934K,2123062,찬성,2023-10-06
21,B7H6207C,2123062,찬성,2023-10-06
21,6399076T,2123062,찬성,2023-10-06
21,4U29186R,2123062,찬성,2023-10-06
21,F5Y4026Q,2123062,찬성,2023-10-06
21,WHV3448W,2123062,찬성,2023-10-06
21,6RD62559,2123062,찬성,2023-10-06
21,1Y73132H,2123062,불참,2023-10-06
21,LH97552Q,2123062,찬성,2023-10-06
21,TKJ4800F,2123062,찬성,2023-10-06
21,O6D8329R,2123062,찬성,2023-10-06
21,MSY7784L,2123062,불참,2023-10-06
21,K5F2023J,2123062,찬성,2023-10-06
21,14M56632,2123062,찬성,2023-10-06
21,N9X9673B,2123062,찬성,2023-10-06
21,5MD4184K,2123062,찬성,2023-10-06
21,5K93695T,2123062,찬성,2023-10-06
21,DPZ7685X,2123062,찬성,2023-10-06
21,UHB5553T,2123062,찬성,2023-10-06
21,J9S37905,2123062,찬성,2023-10-06
21,A494529E,2123062,불참,2023-10-06
21,VRY5522V,2123062,불참,2023-10-06
21,CAA7713A,2123062,찬성,2023-10-06
21,0PK7354M,2123062,불참,2023-10-06
21,O0I2045I,2123062,찬성,2023-10-06
21,Z6R3959C,2123062,불참,2023-10-06
21,QUM8288K,2123062,불참,2023-10-06
21,UGH6481E,2123062,찬성,2023-10-06
21,W4X85128,2123062,찬성,2023-10-06
21,JZY9937U,2123062,불참,2023-10-06
21,MRK4871S,2123062,찬성,2023-10-06
21,YKW37422,2123062,불참,2023-10-06
21,2NV6751W,2123062,찬성,2023-10-06
21,BM63269Y,2123062,찬성,2023-10-06
21,M7O7878U,2123062,찬성,2023-10-06
21,3ZR4438W,2123062,불참,2023-10-06
21,HSS7466Y,2123062,찬성,2023-10-06
21,KB04377U,2123062,불참,2023-10-06
21,FU53642G,2123062,찬성,2023-10-06
21,MLH1404S,2123062,찬성,2023-10-06
21,QQP4727N,2123062,불참,2023-10-06
21,BCQ55105,2123062,찬성,2023-10-06
21,9L57027L,2123062,찬성,2023-10-06
21,GOC54665,2123062,찬성,2023-10-06
21,5UN9725L,2123062,찬성,2023-10-06
21,IUD9392R,2123062,불참,2023-10-06
21,K3W33496,2123062,찬성,2023-10-06
21,NCO99988,2123062,찬성,2023-10-06
21,M2Q9024I,2123062,불참,2023-10-06
21,DBA1057Z,2123062,불참,2023-10-06
21,CI15627C,2123062,찬성,2023-10-06
21,C7E79345,2123062,찬성,2023-10-06
21,UQ282145,2123062,찬성,2023-10-06
21,9YO73104,2123062,찬성,2023-10-06
21,TRE2429O,2123062,찬성,2023-10-06
21,E6U4345C,2123062,찬성,2023-10-06
21,7BM2933Y,2123062,찬성,2023-10-06
21,CDL93608,2123062,불참,2023-10-06
21,2UD1340H,2123062,찬성,2023-10-06
21,9VR65006,2123062,불참,2023-10-06
21,X7I4680R,2123062,불참,2023-10-06
21,EMC8812P,2123062,찬성,2023-10-06
21,XJC13432,2123062,찬성,2023-10-06
21,T465023H,2123062,찬성,2023-10-06
21,3RW63706,2123062,찬성,2023-10-06
21,RQQ3807K,2123062,찬성,2023-10-06
21,ZYP7962W,2123062,찬성,2023-10-06
21,CNW5754J,2123062,찬성,2023-10-06
21,3249208I,2123062,찬성,2023-10-06
21,GX38539O,2123062,찬성,2023-10-06
21,8Q88373R,2123062,불참,2023-10-06
21,XEF29171,2123062,찬성,2023-10-06
21,WVU2479T,2123062,찬성,2023-10-06
21,9D939735,2123062,불참,2023-10-06
21,QTW6852F,2123062,기권,2023-10-06
21,7XY7109I,2123062,불참,2023-10-06
21,TST4507I,2123062,찬성,2023-10-06
21,JC14718Q,2123062,찬성,2023-10-06
21,L7J93733,2123062,찬성,2023-10-06
21,LT72093S,2123062,찬성,2023-10-06
21,GE71932C,2123062,찬성,2023-10-06
21,6YT83269,2123062,불참,2023-10-06
21,FDC3144T,2123062,찬성,2023-10-06
21,17M85910,2123062,찬성,2023-10-06
21,SQ36001H,2123062,찬성,2023-10-06
21,G1570880,2123062,찬성,2023-10-06
21,9LD2641Q,2123062,찬성,2023-10-06
21,LPB30152,2123062,찬성,2023-10-06
21,MD083627,2123062,찬성,2023-10-06
21,TZP9391O,2123062,불참,2023-10-06
21,OSV9142K,2123062,찬성,2023-10-06
21,B7R2742J,2123062,찬성,2023-10-06
21,FJK3396E,2123062,찬성,2023-10-06
21,ZDP5704Q,2123062,찬성,2023-10-06
21,71J2365L,2123062,불참,2023-10-06
21,7O71647Z,2123062,찬성,2023-10-06
21,W1Q6753M,2123062,찬성,2023-10-06
21,E1J8836Y,2123062,찬성,2023-10-06
21,6EN68926,2123062,찬성,2023-10-06
21,QHL3248U,2123062,찬성,2023-10-06
21,TJW93720,2123062,찬성,2023-10-06
21,9S151177,2123062,불참,2023-10-06
21,9V18755A,2123062,찬성,2023-10-06
21,XA42275R,2123062,찬성,2023-10-06
21,PO64874I,2123062,찬성,2023-10-06
21,VHK3402G,2123062,찬성,2023-10-06
21,5KV82250,2123062,찬성,2023-10-06
21,DAV7257X,2123062,찬성,2023-10-06
21,1MU99298,2123062,찬성,2023-10-06
21,G152611B,2123062,불참,2023-10-06
21,I7R13867,2123062,찬성,2023-10-06
21,FOK3459D,2123062,찬성,2023-10-06
21,QUO78839,2123062,찬성,2023-10-06
21,BT62420K,2123062,찬성,2023-10-06
21,6V37131U,2123062,불참,2023-10-06
21,RD42006Y,2123062,찬성,2023-10-06
21,1BX7234U,2123062,찬성,2023-10-06
21,TZ228122,2123062,찬성,2023-10-06
21,LBC8144B,2123062,찬성,2023-10-06
21,YOG1280B,2123062,찬성,2023-10-06
21,NLR6572J,2123062,찬성,2023-10-06
21,YTA7297R,2123062,불참,2023-10-06
21,L7T64271,2123062,찬성,2023-10-06
21,4X525582,2123062,불참,2023-10-06
21,GKD32201,2123062,찬성,2023-10-06
21,2N793392,2123062,찬성,2023-10-06
21,LM13674V,2123062,찬성,2023-10-06
21,JVB6983V,2123062,찬성,2023-10-06
21,DAY6557K,2123062,찬성,2023-10-06
21,GP07421U,2123062,찬성,2023-10-06
21,FGI27280,2123062,찬성,2023-10-06
21,D4L60530,2123062,찬성,2023-10-06
21,NTT8182Q,2123062,찬성,2023-10-06
21,A3H7195R,2123062,찬성,2023-10-06
21,0VU8517U,2123062,찬성,2023-10-06
21,M0A1658U,2123062,불참,2023-10-06
21,NZF1659U,2123062,찬성,2023-10-06
21,3BC6890E,2123062,찬성,2023-10-06
21,SRP7336N,2123062,불참,2023-10-06
21,WJL30106,2123062,불참,2023-10-06
21,KNM3215T,2123062,찬성,2023-10-06
21,HKJ99607,2123062,찬성,2023-10-06
21,MY318392,2123062,찬성,2023-10-06
21,GF286398,2123062,찬성,2023-10-06
21,H5476989,2123062,찬성,2023-10-06
21,JQA21112,2123062,찬성,2023-10-06
21,6FS10566,2123062,불참,2023-10-06
21,6RM29022,2123062,찬성,2023-10-06
21,WTR5885Y,2123062,찬성,2023-10-06
21,25I8709Q,2123062,찬성,2023-10-06
21,XWX1513T,2123062,찬성,2023-10-06
21,LG63087O,2123062,불참,2023-10-06
21,OW53107J,2123062,찬성,2023-10-06
21,PEP6922S,2123062,찬성,2023-10-06
21,VG24001G,2123062,찬성,2023-10-06
21,Z7Y7827F,2123062,찬성,2023-10-06
21,ATB59635,2123062,찬성,2023-10-06
21,FU87526G,2123062,찬성,2023-10-06
21,PFG2137X,2123062,찬성,2023-10-06
21,O7R5461J,2123062,찬성,2023-10-06
21,8VJ8533R,2123062,찬성,2023-10-06
21,GX22581L,2123062,불참,2023-10-06
21,I0S53762,2123062,불참,2023-10-06
21,04T3751T,2123062,찬성,2023-10-06
21,EVH1507C,2123062,찬성,2023-10-06
21,6U243644,2123062,찬성,2023-10-06
21,E9R4507P,2123062,찬성,2023-10-06
21,KFS1358P,2123062,찬성,2023-10-06
21,CZB4125D,2123062,찬성,2023-10-06
21,S824682L,2123062,찬성,2023-10-06
21,Q9H5708M,2123062,불참,2023-10-06
21,YLS4431M,2123062,찬성,2023-10-06
21,MNZ4401T,2123062,찬성,2023-10-06
21,16D7652C,2123062,찬성,2023-10-06
21,8VY63414,2123062,찬성,2023-10-06
21,XR24352K,2123062,찬성,2023-10-06
21,JEZ3130Q,2123062,찬성,2023-10-06
21,LJK4960Z,2123062,찬성,2023-10-06
21,4019850M,2123062,찬성,2023-10-06
21,XSP20229,2123062,찬성,2023-10-06
21,FH777496,2123062,찬성,2023-10-06
21,FYI20317,2123062,찬성,2023-10-06
21,8X15119P,2123062,불참,2023-10-06
21,7XY7109I,2122267,불참,2023-05-25
21,FDC3144T,2122267,찬성,2023-05-25
21,QUO78839,2122267,찬성,2023-05-25
21,OSV9142K,2122267,찬성,2023-05-25
21,71J2365L,2122267,불참,2023-05-25
21,E1J8836Y,2122267,찬성,2023-05-25
21,TJW93720,2122267,찬성,2023-05-25
21,9S151177,2122267,찬성,2023-05-25
21,DWK26447,2122267,불참,2023-05-25
21,QD25323M,2122267,불참,2023-05-25
21,DAY6557K,2122267,찬성,2023-05-25
21,FGI27280,2122267,불참,2023-05-25
21,USR7059P,2122267,찬성,2023-05-25
21,4XG1439M,2122267,찬성,2023-05-25
21,P2N50879,2122267,기권,2023-05-25
21,A0P4646G,2122267,찬성,2023-05-25
21,A2V51235,2122267,불참,2023-05-25
21,7I09543O,2122267,찬성,2023-05-25
21,7469929V,2122267,찬성,2023-05-25
21,OFE45081,2122267,찬성,2023-05-25
21,0VU8517U,2122267,불참,2023-05-25
21,60490713,2122267,찬성,2023-05-25
21,1WE5693J,2122267,찬성,2023-05-25
21,MY318392,2122267,불참,2023-05-25
21,SU53086M,2122267,찬성,2023-05-25
21,GF286398,2122267,불참,2023-05-25
21,8348421R,2122267,찬성,2023-05-25
21,RPN2293B,2122267,찬성,2023-05-25
21,MQU41854,2122267,찬성,2023-05-25
21,ZA54991S,2122267,찬성,2023-05-25
21,0827740Q,2122267,찬성,2023-05-25
21,0W194007,2122267,찬성,2023-05-25
21,NCP9875N,2122267,찬성,2023-05-25
21,I5I2468R,2122267,찬성,2023-05-25
21,3425169D,2122267,찬성,2023-05-25
21,CT85313K,2122267,찬성,2023-05-25
21,NQR1206Q,2122267,찬성,2023-05-25
21,9JF4562W,2122267,불참,2023-05-25
21,KUO3574J,2122267,찬성,2023-05-25
21,D6U6678O,2122267,찬성,2023-05-25
21,FU87526G,2122267,찬성,2023-05-25
21,ZRF3039U,2122267,불참,2023-05-25
21,68P7228G,2122267,찬성,2023-05-25
21,P0F1530P,2122267,불참,2023-05-25
21,0YT3774N,2122267,찬성,2023-05-25
21,IL74008M,2122267,불참,2023-05-25
21,8KF7223D,2122267,불참,2023-05-25
21,CNZ51556,2122267,찬성,2023-05-25
21,GDG1847Z,2122267,찬성,2023-05-25
21,P2N4585G,2122267,찬성,2023-05-25
21,VCP96419,2122267,불참,2023-05-25
21,6AU2417B,2122267,불참,2023-05-25
21,8VJ8533R,2122267,불참,2023-05-25
21,52P3934K,2122267,불참,2023-05-25
21,WHV3448W,2122267,찬성,2023-05-25
21,04T3751T,2122267,불참,2023-05-25
21,DPZ7685X,2122267,찬성,2023-05-25
21,VRY5522V,2122267,불참,2023-05-25
21,JZY9937U,2122267,불참,2023-05-25
21,KB04377U,2122267,불참,2023-05-25
21,MLH1404S,2122267,불참,2023-05-25
21,QQP4727N,2122267,찬성,2023-05-25
21,IUD9392R,2122267,불참,2023-05-25
21,DBA1057Z,2122267,찬성,2023-05-25
21,CI15627C,2122267,찬성,2023-05-25
21,TRE2429O,2122267,불참,2023-05-25
21,9VR65006,2122267,불참,2023-05-25
21,T465023H,2122267,찬성,2023-05-25
21,3RW63706,2122267,찬성,2023-05-25
21,ZYP7962W,2122267,불참,2023-05-25
21,CNW5754J,2122267,찬성,2023-05-25
21,8Q88373R,2122267,불참,2023-05-25
21,F5U2979W,2122267,찬성,2023-05-25
21,YOG1280B,2122267,찬성,2023-05-25
21,FIC9046Z,2122267,불참,2023-05-25
21,NUB4941Z,2122267,찬성,2023-05-25
21,KFM1081G,2122267,찬성,2023-05-25
21,NLR6572J,2122267,찬성,2023-05-25
21,YTA7297R,2122267,찬성,2023-05-25
21,L7T64271,2122267,찬성,2023-05-25
21,4X525582,2122267,찬성,2023-05-25
21,GKD32201,2122267,찬성,2023-05-25
21,G7512472,2122267,불참,2023-05-25
21,3TO11703,2122267,불참,2023-05-25
21,S741317G,2122267,찬성,2023-05-25
21,CCU1009B,2122267,찬성,2023-05-25
21,MU69217P,2122267,불참,2023-05-25
21,2N793392,2122267,찬성,2023-05-25
21,66W6739S,2122267,찬성,2023-05-25
21,LM13674V,2122267,찬성,2023-05-25
21,JVB6983V,2122267,찬성,2023-05-25
21,GP07421U,2122267,찬성,2023-05-25
21,3DK8989T,2122267,불참,2023-05-25
21,D4L60530,2122267,찬성,2023-05-25
21,M6H1705E,2122267,찬성,2023-05-25
21,09I2323E,2122267,찬성,2023-05-25
21,NTT8182Q,2122267,찬성,2023-05-25
21,A3H7195R,2122267,불참,2023-05-25
21,ZYH1940A,2122267,불참,2023-05-25
21,M0A1658U,2122267,찬성,2023-05-25
21,HSW1214Q,2122267,찬성,2023-05-25
21,NZF1659U,2122267,찬성,2023-05-25
21,WDS6044S,2122267,찬성,2023-05-25
21,3BC6890E,2122267,찬성,2023-05-25
21,ZDR63255,2122267,불참,2023-05-25
21,KR14136C,2122267,불참,2023-05-25
21,SRP7336N,2122267,찬성,2023-05-25
21,5765663F,2122267,찬성,2023-05-25
21,GFF1986K,2122267,찬성,2023-05-25
21,ZKU88693,2122267,불참,2023-05-25
21,WJL30106,2122267,불참,2023-05-25
21,5KV96424,2122267,찬성,2023-05-25
21,KNM3215T,2122267,찬성,2023-05-25
21,M7T9712V,2122267,찬성,2023-05-25
21,UM51067K,2122267,찬성,2023-05-25
21,HKJ99607,2122267,불참,2023-05-25
21,X3170462,2122267,불참,2023-05-25
21,8FB1535Y,2122267,찬성,2023-05-25
21,4T026790,2122267,찬성,2023-05-25
21,EH27538E,2122267,찬성,2023-05-25
21,WFU14784,2122267,찬성,2023-05-25
21,0WL9321T,2122267,찬성,2023-05-25
21,PZA4062H,2122267,찬성,2023-05-25
21,MR210505,2122267,찬성,2023-05-25
21,H5476989,2122267,찬성,2023-05-25
21,JQA21112,2122267,찬성,2023-05-25
21,4L695580,2122267,찬성,2023-05-25
21,40E3739H,2122267,찬성,2023-05-25
21,6FS10566,2122267,찬성,2023-05-25
21,HXT76735,2122267,불참,2023-05-25
21,0R68099X,2122267,찬성,2023-05-25
21,6RM29022,2122267,찬성,2023-05-25
21,V429892C,2122267,기권,2023-05-25
21,2385336L,2122267,찬성,2023-05-25
21,IN328264,2122267,불참,2023-05-25
21,XBT9550Q,2122267,찬성,2023-05-25
21,MO52543L,2122267,불참,2023-05-25
21,X1K3667J,2122267,찬성,2023-05-25
21,WMG57662,2122267,찬성,2023-05-25
21,WTR5885Y,2122267,찬성,2023-05-25
21,IOW1101J,2122267,찬성,2023-05-25
21,ICH23251,2122267,찬성,2023-05-25
21,25I8709Q,2122267,찬성,2023-05-25
21,OIA3741M,2122267,불참,2023-05-25
21,6MO8786S,2122267,찬성,2023-05-25
21,XWX1513T,2122267,찬성,2023-05-25
21,BLC8630L,2122267,불참,2023-05-25
21,LG63087O,2122267,불참,2023-05-25
21,OW53107J,2122267,찬성,2023-05-25
21,PEP6922S,2122267,찬성,2023-05-25
21,DAN6731C,2122267,불참,2023-05-25
21,VG24001G,2122267,찬성,2023-05-25
21,L2I9861C,2122267,찬성,2023-05-25
21,WCD5518S,2122267,찬성,2023-05-25
21,SVH3899R,2122267,찬성,2023-05-25
21,IOW8224X,2122267,찬성,2023-05-25
21,Y7K5946R,2122267,찬성,2023-05-25
21,Z7Y7827F,2122267,찬성,2023-05-25
21,ATB59635,2122267,찬성,2023-05-25
21,SBK1544B,2122267,불참,2023-05-25
21,S9U45255,2122267,찬성,2023-05-25
21,8SV6917G,2122267,찬성,2023-05-25
21,8FC9697X,2122267,불참,2023-05-25
21,QKO6165V,2122267,불참,2023-05-25
21,GD131760,2122267,불참,2023-05-25
21,V0O5343U,2122267,찬성,2023-05-25
21,XPP2564T,2122267,찬성,2023-05-25
21,FRN1867O,2122267,찬성,2023-05-25
21,LQW3652K,2122267,찬성,2023-05-25
21,RO593601,2122267,찬성,2023-05-25
21,PFG2137X,2122267,찬성,2023-05-25
21,UB114374,2122267,찬성,2023-05-25
21,GAV6441G,2122267,찬성,2023-05-25
21,7JC3239L,2122267,불참,2023-05-25
21,40S1959J,2122267,불참,2023-05-25
21,8P37634C,2122267,찬성,2023-05-25
21,N4R2421C,2122267,찬성,2023-05-25
21,3C23171A,2122267,찬성,2023-05-25
21,O7R5461J,2122267,불참,2023-05-25
21,JMY9959W,2122267,찬성,2023-05-25
21,7R156073,2122267,찬성,2023-05-25
21,6AR6743G,2122267,불참,2023-05-25
21,J2O8643H,2122267,불참,2023-05-25
21,B7D7534L,2122267,찬성,2023-05-25
21,GX22581L,2122267,불참,2023-05-25
21,SE233396,2122267,찬성,2023-05-25
21,AFH96856,2122267,불참,2023-05-25
21,B7H6207C,2122267,찬성,2023-05-25
21,6399076T,2122267,찬성,2023-05-25
21,4U29186R,2122267,불참,2023-05-25
21,F5Y4026Q,2122267,찬성,2023-05-25
21,6RD62559,2122267,찬성,2023-05-25
21,1Y73132H,2122267,찬성,2023-05-25
21,I0S53762,2122267,찬성,2023-05-25
21,LH97552Q,2122267,찬성,2023-05-25
21,TKJ4800F,2122267,불참,2023-05-25
21,O6D8329R,2122267,찬성,2023-05-25
21,MSY7784L,2122267,찬성,2023-05-25
21,EVH1507C,2122267,찬성,2023-05-25
21,K5F2023J,2122267,찬성,2023-05-25
21,14M56632,2122267,찬성,2023-05-25
21,N9X9673B,2122267,찬성,2023-05-25
21,5MD4184K,2122267,찬성,2023-05-25
21,5K93695T,2122267,찬성,2023-05-25
21,6U243644,2122267,찬성,2023-05-25
21,E9R4507P,2122267,찬성,2023-05-25
21,UHB5553T,2122267,찬성,2023-05-25
21,KFS1358P,2122267,찬성,2023-05-25
21,J9S37905,2122267,찬성,2023-05-25
21,A494529E,2122267,찬성,2023-05-25
21,CAA7713A,2122267,찬성,2023-05-25
21,0PK7354M,2122267,불참,2023-05-25
21,O0I2045I,2122267,찬성,2023-05-25
21,CZB4125D,2122267,불참,2023-05-25
21,Z6R3959C,2122267,찬성,2023-05-25
21,QUM8288K,2122267,불참,2023-05-25
21,UGH6481E,2122267,찬성,2023-05-25
21,S824682L,2122267,찬성,2023-05-25
21,W4X85128,2122267,불참,2023-05-25
21,Q9H5708M,2122267,불참,2023-05-25
21,MRK4871S,2122267,찬성,2023-05-25
21,YKW37422,2122267,찬성,2023-05-25
21,2NV6751W,2122267,찬성,2023-05-25
21,BM63269Y,2122267,불참,2023-05-25
21,M7O7878U,2122267,불참,2023-05-25
21,YLS4431M,2122267,찬성,2023-05-25
21,MNZ4401T,2122267,찬성,2023-05-25
21,3ZR4438W,2122267,찬성,2023-05-25
21,HSS7466Y,2122267,불참,2023-05-25
21,16D7652C,2122267,불참,2023-05-25
21,FU53642G,2122267,찬성,2023-05-25
21,8VY63414,2122267,찬성,2023-05-25
21,XR24352K,2122267,찬성,2023-05-25
21,JEZ3130Q,2122267,찬성,2023-05-25
21,BCQ55105,2122267,찬성,2023-05-25
21,9L57027L,2122267,찬성,2023-05-25
21,GOC54665,2122267,찬성,2023-05-25
21,5UN9725L,2122267,불참,2023-05-25
21,LJK4960Z,2122267,찬성,2023-05-25
21,K3W33496,2122267,찬성,2023-05-25
21,M2Q9024I,2122267,불참,2023-05-25
21,C7E79345,2122267,찬성,2023-05-25
21,4019850M,2122267,찬성,2023-05-25
21,UQ282145,2122267,찬성,2023-05-25
21,9YO73104,2122267,찬성,2023-05-25
21,E6U4345C,2122267,불참,2023-05-25
21,7BM2933Y,2122267,찬성,2023-05-25
21,CDL93608,2122267,찬성,2023-05-25
21,2UD1340H,2122267,찬성,2023-05-25
21,X7I4680R,2122267,찬성,2023-05-25
21,EMC8812P,2122267,찬성,2023-05-25
21,XJC13432,2122267,찬성,2023-05-25
21,XSP20229,2122267,불참,2023-05-25
21,RQQ3807K,2122267,찬성,2023-05-25
21,FH777496,2122267,찬성,2023-05-25
21,FYI20317,2122267,찬성,2023-05-25
21,8X15119P,2122267,불참,2023-05-25
21,3249208I,2122267,불참,2023-05-25
21,GX38539O,2122267,찬성,2023-05-25
21,XEF29171,2122267,불참,2023-05-25
21,WVU2479T,2122267,찬성,2023-05-25
21,9D939735,2122267,찬성,2023-05-25
21,QTW6852F,2122267,찬성,2023-05-25
21,TST4507I,2122267,불참,2023-05-25
21,JC14718Q,2122267,찬성,2023-05-25
21,5KV82250,2122267,찬성,2023-05-25
21,L7J93733,2122267,찬성,2023-05-25
21,DAV7257X,2122267,찬성,2023-05-25
21,LT72093S,2122267,찬성,2023-05-25
21,GE71932C,2122267,찬성,2023-05-25
21,6YT83269,2122267,찬성,2023-05-25
21,1MU99298,2122267,찬성,2023-05-25
21,17M85910,2122267,찬성,2023-05-25
21,G152611B,2122267,불참,2023-05-25
21,I7R13867,2122267,불참,2023-05-25
21,SQ36001H,2122267,불참,2023-05-25
21,G1570880,2122267,찬성,2023-05-25
21,9LD2641Q,2122267,찬성,2023-05-25
21,FOK3459D,2122267,찬성,2023-05-25
21,BT62420K,2122267,찬성,2023-05-25
21,LPB30152,2122267,찬성,2023-05-25
21,MD083627,2122267,찬성,2023-05-25
21,TZP9391O,2122267,찬성,2023-05-25
21,6V37131U,2122267,찬성,2023-05-25
21,B7R2742J,2122267,찬성,2023-05-25
21,FJK3396E,2122267,찬성,2023-05-25
21,ZDP5704Q,2122267,불참,2023-05-25
21,7O71647Z,2122267,찬성,2023-05-25
21,W1Q6753M,2122267,찬성,2023-05-25
21,RD42006Y,2122267,불참,2023-05-25
21,6EN68926,2122267,찬성,2023-05-25
21,1BX7234U,2122267,찬성,2023-05-25
21,QHL3248U,2122267,불참,2023-05-25
21,TZ228122,2122267,찬성,2023-05-25
21,9V18755A,2122267,찬성,2023-05-25
21,XA42275R,2122267,불참,2023-05-25
21,PO64874I,2122267,찬성,2023-05-25
21,LBC8144B,2122267,찬성,2023-05-25
21,VHK3402G,2122267,찬성,2023-05-25
21,JNL7001A,2100028,찬성,2020-11-19
21,9V18755A,2100028,찬성,2020-11-19
21,S741317G,2100028,찬성,2020-11-19
21,2N793392,2100028,찬성,2020-11-19
21,1X376850,2100028,찬성,2020-11-19
21,D4L60530,2100028,찬성,2020-11-19
21,WDS6044S,2100028,찬성,2020-11-19
21,GFF1986K,2100028,찬성,2020-11-19
21,WJL30106,2100028,찬성,2020-11-19
21,60490713,2100028,찬성,2020-11-19
21,4L695580,2100028,찬성,2020-11-19
21,V429892C,2100028,찬성,2020-11-19
21,2385336L,2100028,찬성,2020-11-19
21,IOW1101J,2100028,찬성,2020-11-19
21,OIA3741M,2100028,찬성,2020-11-19
21,PAO22428,2100028,불참,2020-11-19
21,BLC8630L,2100028,찬성,2020-11-19
21,0767470D,2100028,찬성,2020-11-19
21,DAN6731C,2100028,찬성,2020-11-19
21,VG24001G,2100028,찬성,2020-11-19
21,I434361W,2100028,찬성,2020-11-19
21,9JF4562W,2100028,찬성,2020-11-19
21,8SV6917G,2100028,찬성,2020-11-19
21,ZRF3039U,2100028,찬성,2020-11-19
21,V0O5343U,2100028,찬성,2020-11-19
21,68P7228G,2100028,찬성,2020-11-19
21,CNZ51556,2100028,찬성,2020-11-19
21,N4R2421C,2100028,찬성,2020-11-19
21,LNR7932L,2100028,찬성,2020-11-19
21,O7R5461J,2100028,찬성,2020-11-19
21,J2O8643H,2100028,찬성,2020-11-19
21,GX22581L,2100028,찬성,2020-11-19
21,MSY7784L,2100028,불참,2020-11-19
21,5MD4184K,2100028,찬성,2020-11-19
21,5K93695T,2100028,찬성,2020-11-19
21,KFS1358P,2100028,찬성,2020-11-19
21,A494529E,2100028,찬성,2020-11-19
21,Q9H5708M,2100028,불참,2020-11-19
21,2NV6751W,2100028,찬성,2020-11-19
21,LJK4960Z,2100028,찬성,2020-11-19
21,CI15627C,2100028,불참,2020-11-19
21,21N57758,2100028,찬성,2020-11-19
21,T465023H,2100028,찬성,2020-11-19
21,6YT83269,2100028,찬성,2020-11-19
21,FDC3144T,2100028,찬성,2020-11-19
21,SQ36001H,2100028,찬성,2020-11-19
21,9LD2641Q,2100028,찬성,2020-11-19
21,FOK3459D,2100028,찬성,2020-11-19
21,71J2365L,2100028,찬성,2020-11-19
21,6EN68926,2100028,불참,2020-11-19
21,1BX7234U,2100028,찬성,2020-11-19
21,GKD32201,2100028,찬성,2020-11-19
21,L7T64271,2100028,찬성,2020-11-19
21,4X525582,2100028,찬성,2020-11-19
21,G7512472,2100028,찬성,2020-11-19
21,3TO11703,2100028,찬성,2020-11-19
21,CCU1009B,2100028,찬성,2020-11-19
21,MU69217P,2100028,불참,2020-11-19
21,66W6739S,2100028,찬성,2020-11-19
21,LM13674V,2100028,찬성,2020-11-19
21,QD25323M,2100028,찬성,2020-11-19
21,DAY6557K,2100028,찬성,2020-11-19
21,GP07421U,2100028,불참,2020-11-19
21,FGI27280,2100028,찬성,2020-11-19
21,4XG1439M,2100028,찬성,2020-11-19
21,P2N50879,2100028,찬성,2020-11-19
21,A0P4646G,2100028,찬성,2020-11-19
21,A2V51235,2100028,찬성,2020-11-19
21,7I09543O,2100028,찬성,2020-11-19
21,3DK8989T,2100028,찬성,2020-11-19
21,7469929V,2100028,찬성,2020-11-19
21,M6H1705E,2100028,찬성,2020-11-19
21,OFE45081,2100028,찬성,2020-11-19
21,NTT8182Q,2100028,찬성,2020-11-19
21,A3H7195R,2100028,찬성,2020-11-19
21,ZYH1940A,2100028,찬성,2020-11-19
21,0VU8517U,2100028,찬성,2020-11-19
21,M0A1658U,2100028,찬성,2020-11-19
21,HSW1214Q,2100028,찬성,2020-11-19
21,NZF1659U,2100028,찬성,2020-11-19
21,3BC6890E,2100028,불참,2020-11-19
21,ZDR63255,2100028,찬성,2020-11-19
21,KR14136C,2100028,찬성,2020-11-19
21,SRP7336N,2100028,찬성,2020-11-19
21,5765663F,2100028,찬성,2020-11-19
21,5KV96424,2100028,찬성,2020-11-19
21,KNM3215T,2100028,찬성,2020-11-19
21,M7T9712V,2100028,불참,2020-11-19
21,UM51067K,2100028,찬성,2020-11-19
21,HKJ99607,2100028,찬성,2020-11-19
21,1WE5693J,2100028,찬성,2020-11-19
21,X3170462,2100028,찬성,2020-11-19
21,MY318392,2100028,찬성,2020-11-19
21,8FB1535Y,2100028,찬성,2020-11-19
21,4T026790,2100028,찬성,2020-11-19
21,EH27538E,2100028,찬성,2020-11-19
21,WFU14784,2100028,찬성,2020-11-19
21,SU53086M,2100028,찬성,2020-11-19
21,0WL9321T,2100028,찬성,2020-11-19
21,MR210505,2100028,찬성,2020-11-19
21,GF286398,2100028,찬성,2020-11-19
21,8348421R,2100028,찬성,2020-11-19
21,H5476989,2100028,찬성,2020-11-19
21,JQA21112,2100028,찬성,2020-11-19
21,40E3739H,2100028,찬성,2020-11-19
21,HXT76735,2100028,찬성,2020-11-19
21,RPN2293B,2100028,찬성,2020-11-19
21,0R68099X,2100028,찬성,2020-11-19
21,4A067125,2100028,찬성,2020-11-19
21,IN328264,2100028,찬성,2020-11-19
21,XBT9550Q,2100028,불참,2020-11-19
21,ZA54991S,2100028,찬성,2020-11-19
21,MO52543L,2100028,찬성,2020-11-19
21,0827740Q,2100028,찬성,2020-11-19
21,0W194007,2100028,찬성,2020-11-19
21,X1K3667J,2100028,찬성,2020-11-19
21,WMG57662,2100028,찬성,2020-11-19
21,NCP9875N,2100028,찬성,2020-11-19
21,I5I2468R,2100028,찬성,2020-11-19
21,WTR5885Y,2100028,찬성,2020-11-19
21,L5P27909,2100028,찬성,2020-11-19
21,3425169D,2100028,찬성,2020-11-19
21,ICH23251,2100028,찬성,2020-11-19
21,25I8709Q,2100028,찬성,2020-11-19
21,XWX1513T,2100028,찬성,2020-11-19
21,CT85313K,2100028,찬성,2020-11-19
21,NQR1206Q,2100028,찬성,2020-11-19
21,LG63087O,2100028,찬성,2020-11-19
21,NAL4555X,2100028,찬성,2020-11-19
21,OW53107J,2100028,찬성,2020-11-19
21,PEP6922S,2100028,찬성,2020-11-19
21,L2I9861C,2100028,찬성,2020-11-19
21,WCD5518S,2100028,찬성,2020-11-19
21,SVH3899R,2100028,찬성,2020-11-19
21,IOW8224X,2100028,찬성,2020-11-19
21,Y7K5946R,2100028,찬성,2020-11-19
21,Z7Y7827F,2100028,찬성,2020-11-19
21,ATB59635,2100028,찬성,2020-11-19
21,SBK1544B,2100028,찬성,2020-11-19
21,KUO3574J,2100028,찬성,2020-11-19
21,FU87526G,2100028,찬성,2020-11-19
21,S9U45255,2100028,찬성,2020-11-19
21,8FC9697X,2100028,찬성,2020-11-19
21,QKO6165V,2100028,찬성,2020-11-19
21,GD131760,2100028,찬성,2020-11-19
21,XPP2564T,2100028,찬성,2020-11-19
21,FRN1867O,2100028,찬성,2020-11-19
21,LQW3652K,2100028,기권,2020-11-19
21,PFG2137X,2100028,찬성,2020-11-19
21,UB114374,2100028,찬성,2020-11-19
21,GAV6441G,2100028,찬성,2020-11-19
21,0YT3774N,2100028,찬성,2020-11-19
21,7JC3239L,2100028,기권,2020-11-19
21,40S1959J,2100028,찬성,2020-11-19
21,IL74008M,2100028,찬성,2020-11-19
21,8KF7223D,2100028,찬성,2020-11-19
21,8P37634C,2100028,찬성,2020-11-19
21,3C23171A,2100028,찬성,2020-11-19
21,GDG1847Z,2100028,찬성,2020-11-19
21,P2N4585G,2100028,찬성,2020-11-19
21,TVF3669B,2100028,불참,2020-11-19
21,JMY9959W,2100028,찬성,2020-11-19
21,7R156073,2100028,찬성,2020-11-19
21,6AR6743G,2100028,찬성,2020-11-19
21,VCP96419,2100028,찬성,2020-11-19
21,6AU2417B,2100028,불참,2020-11-19
21,8VJ8533R,2100028,찬성,2020-11-19
21,B7D7534L,2100028,찬성,2020-11-19
21,SE233396,2100028,찬성,2020-11-19
21,AFH96856,2100028,찬성,2020-11-19
21,52P3934K,2100028,찬성,2020-11-19
21,B7H6207C,2100028,찬성,2020-11-19
21,6399076T,2100028,찬성,2020-11-19
21,4U29186R,2100028,찬성,2020-11-19
21,F5Y4026Q,2100028,찬성,2020-11-19
21,WHV3448W,2100028,찬성,2020-11-19
21,1Y73132H,2100028,찬성,2020-11-19
21,I0S53762,2100028,불참,2020-11-19
21,LH97552Q,2100028,찬성,2020-11-19
21,TKJ4800F,2100028,찬성,2020-11-19
21,O6D8329R,2100028,찬성,2020-11-19
21,04T3751T,2100028,찬성,2020-11-19
21,EVH1507C,2100028,찬성,2020-11-19
21,K5F2023J,2100028,불참,2020-11-19
21,N9X9673B,2100028,찬성,2020-11-19
21,TP066860,2100028,불참,2020-11-19
21,DPZ7685X,2100028,불참,2020-11-19
21,6U243644,2100028,찬성,2020-11-19
21,E9R4507P,2100028,찬성,2020-11-19
21,UHB5553T,2100028,찬성,2020-11-19
21,VRY5522V,2100028,찬성,2020-11-19
21,CAA7713A,2100028,찬성,2020-11-19
21,0PK7354M,2100028,찬성,2020-11-19
21,CZB4125D,2100028,불참,2020-11-19
21,Z6R3959C,2100028,찬성,2020-11-19
21,QUM8288K,2100028,불참,2020-11-19
21,UGH6481E,2100028,찬성,2020-11-19
21,S824682L,2100028,찬성,2020-11-19
21,W4X85128,2100028,불참,2020-11-19
21,JZY9937U,2100028,불참,2020-11-19
21,MRK4871S,2100028,찬성,2020-11-19
21,YKW37422,2100028,불참,2020-11-19
21,BM63269Y,2100028,찬성,2020-11-19
21,M7O7878U,2100028,찬성,2020-11-19
21,YLS4431M,2100028,기권,2020-11-19
21,MNZ4401T,2100028,찬성,2020-11-19
21,3ZR4438W,2100028,불참,2020-11-19
21,16D7652C,2100028,찬성,2020-11-19
21,KB04377U,2100028,불참,2020-11-19
21,FU53642G,2100028,찬성,2020-11-19
21,MLH1404S,2100028,찬성,2020-11-19
21,8VY63414,2100028,찬성,2020-11-19
21,XR24352K,2100028,찬성,2020-11-19
21,QQP4727N,2100028,찬성,2020-11-19
21,IUL4848V,2100028,찬성,2020-11-19
21,JEZ3130Q,2100028,찬성,2020-11-19
21,BCQ55105,2100028,찬성,2020-11-19
21,9L57027L,2100028,찬성,2020-11-19
21,GOC54665,2100028,찬성,2020-11-19
21,5UN9725L,2100028,찬성,2020-11-19
21,K3W33496,2100028,찬성,2020-11-19
21,M2Q9024I,2100028,불참,2020-11-19
21,DBA1057Z,2100028,찬성,2020-11-19
21,C7E79345,2100028,찬성,2020-11-19
21,4019850M,2100028,찬성,2020-11-19
21,UQ282145,2100028,찬성,2020-11-19
21,TRE2429O,2100028,찬성,2020-11-19
21,E6U4345C,2100028,찬성,2020-11-19
21,7BM2933Y,2100028,찬성,2020-11-19
21,2UD1340H,2100028,찬성,2020-11-19
21,9VR65006,2100028,찬성,2020-11-19
21,EMC8812P,2100028,불참,2020-11-19
21,XJC13432,2100028,찬성,2020-11-19
21,3RW63706,2100028,찬성,2020-11-19
21,RQQ3807K,2100028,찬성,2020-11-19
21,FH777496,2100028,찬성,2020-11-19
21,FYI20317,2100028,찬성,2020-11-19
21,8X15119P,2100028,기권,2020-11-19
21,ZYP7962W,2100028,찬성,2020-11-19
21,CNW5754J,2100028,찬성,2020-11-19
21,GX38539O,2100028,찬성,2020-11-19
21,8Q88373R,2100028,찬성,2020-11-19
21,WVU2479T,2100028,찬성,2020-11-19
21,9D939735,2100028,찬성,2020-11-19
21,QTW6852F,2100028,찬성,2020-11-19
21,7XY7109I,2100028,찬성,2020-11-19
21,TST4507I,2100028,찬성,2020-11-19
21,JC14718Q,2100028,찬성,2020-11-19
21,5KV82250,2100028,불참,2020-11-19
21,L7J93733,2100028,찬성,2020-11-19
21,LT72093S,2100028,찬성,2020-11-19
21,GE71932C,2100028,찬성,2020-11-19
21,1MU99298,2100028,찬성,2020-11-19
21,G152611B,2100028,찬성,2020-11-19
21,I7R13867,2100028,찬성,2020-11-19
21,QUO78839,2100028,찬성,2020-11-19
21,BT62420K,2100028,불참,2020-11-19
21,LPB30152,2100028,찬성,2020-11-19
21,MD083627,2100028,찬성,2020-11-19
21,TZP9391O,2100028,찬성,2020-11-19
21,6V37131U,2100028,찬성,2020-11-19
21,B7R2742J,2100028,찬성,2020-11-19
21,FJK3396E,2100028,찬성,2020-11-19
21,ZDP5704Q,2100028,찬성,2020-11-19
21,7O71647Z,2100028,찬성,2020-11-19
21,W1Q6753M,2100028,찬성,2020-11-19
21,MHK9919B,2100028,기권,2020-11-19
21,E1J8836Y,2100028,찬성,2020-11-19
21,RD42006Y,2100028,찬성,2020-11-19
21,QHL3248U,2100028,찬성,2020-11-19
21,AE685067,2100028,찬성,2020-11-19
21,9S151177,2100028,찬성,2020-11-19
21,TZ228122,2100028,찬성,2020-11-19
21,PO64874I,2100028,찬성,2020-11-19
21,USR7059P,2100028,찬성,2020-11-19
21,XA42275R,2100028,찬성,2020-11-19
21,ZKU88693,2100028,찬성,2020-11-19
21,PZA4062H,2100028,찬성,2020-11-19
21,6MO8786S,2100028,찬성,2020-11-19
21,D6U6678O,2100028,찬성,2020-11-19
21,P0F1530P,2100028,불참,2020-11-19
21,RO593601,2100028,찬성,2020-11-19
21,14M56632,2100028,찬성,2020-11-19
21,J9S37905,2100028,찬성,2020-11-19
21,O0I2045I,2100028,찬성,2020-11-19
21,CFE3998F,2100028,불참,2020-11-19
21,HSS7466Y,2100028,찬성,2020-11-19
21,9YO73104,2100028,불참,2020-11-19
21,CDL93608,2100028,찬성,2020-11-19
21,X7I4680R,2100028,찬성,2020-11-19
21,D0C85236,2100028,찬성,2020-11-19
21,XSP20229,2100028,불참,2020-11-19
21,3249208I,2100028,찬성,2020-11-19
21,XEF29171,2100028,찬성,2020-11-19
21,DAV7257X,2100028,불참,2020-11-19
21,17M85910,2100028,찬성,2020-11-19
21,G1570880,2100028,찬성,2020-11-19
21,OSV9142K,2100028,기권,2020-11-19
21,TJW93720,2100028,찬성,2020-11-19
21,09I2323E,2100028,불참,2020-11-19
21,NUB4941Z,2119200,찬성,2023-12-08
21,9S151177,2119200,불참,2023-12-08
21,66W6739S,2119200,찬성,2023-12-08
21,USR7059P,2119200,찬성,2023-12-08
21,P2N50879,2119200,찬성,2023-12-08
21,A2V51235,2119200,찬성,2023-12-08
21,7469929V,2119200,찬성,2023-12-08
21,OFE45081,2119200,찬성,2023-12-08
21,M7T9712V,2119200,불참,2023-12-08
21,1WE5693J,2119200,찬성,2023-12-08
21,8FB1535Y,2119200,찬성,2023-12-08
21,SU53086M,2119200,불참,2023-12-08
21,MR210505,2119200,불참,2023-12-08
21,6RM29022,2119200,찬성,2023-12-08
21,ZA54991S,2119200,찬성,2023-12-08
21,0827740Q,2119200,찬성,2023-12-08
21,0W194007,2119200,불참,2023-12-08
21,NCP9875N,2119200,찬성,2023-12-08
21,3425169D,2119200,찬성,2023-12-08
21,6MO8786S,2119200,찬성,2023-12-08
21,CT85313K,2119200,찬성,2023-12-08
21,L2I9861C,2119200,찬성,2023-12-08
21,KUO3574J,2119200,불참,2023-12-08
21,8FC9697X,2119200,불참,2023-12-08
21,ZRF3039U,2119200,불참,2023-12-08
21,68P7228G,2119200,찬성,2023-12-08
21,0YT3774N,2119200,불참,2023-12-08
21,8KF7223D,2119200,불참,2023-12-08
21,F5Y4026Q,2119200,찬성,2023-12-08
21,WHV3448W,2119200,불참,2023-12-08
21,LH97552Q,2119200,찬성,2023-12-08
21,O6D8329R,2119200,찬성,2023-12-08
21,MSY7784L,2119200,불참,2023-12-08
21,N9X9673B,2119200,불참,2023-12-08
21,CAA7713A,2119200,불참,2023-12-08
21,YKW37422,2119200,찬성,2023-12-08
21,YLS4431M,2119200,찬성,2023-12-08
21,8VY63414,2119200,찬성,2023-12-08
21,BCQ55105,2119200,찬성,2023-12-08
21,LJK4960Z,2119200,찬성,2023-12-08
21,IUD9392R,2119200,불참,2023-12-08
21,DBA1057Z,2119200,불참,2023-12-08
21,CNW5754J,2119200,불참,2023-12-08
21,8Q88373R,2119200,불참,2023-12-08
21,LT72093S,2119200,불참,2023-12-08
21,FDC3144T,2119200,찬성,2023-12-08
21,I7R13867,2119200,찬성,2023-12-08
21,B7R2742J,2119200,불참,2023-12-08
21,71J2365L,2119200,찬성,2023-12-08
21,RD42006Y,2119200,불참,2023-12-08
21,TJW93720,2119200,찬성,2023-12-08
21,3TO11703,2119200,불참,2023-12-08
21,F5U2979W,2119200,불참,2023-12-08
21,YOG1280B,2119200,찬성,2023-12-08
21,FIC9046Z,2119200,불참,2023-12-08
21,DWK26447,2119200,불참,2023-12-08
21,KFM1081G,2119200,찬성,2023-12-08
21,F0I5053J,2119200,찬성,2023-12-08
21,NLR6572J,2119200,찬성,2023-12-08
21,YTA7297R,2119200,찬성,2023-12-08
21,L7T64271,2119200,찬성,2023-12-08
21,4X525582,2119200,불참,2023-12-08
21,GKD32201,2119200,찬성,2023-12-08
21,G7512472,2119200,불참,2023-12-08
21,S741317G,2119200,찬성,2023-12-08
21,CCU1009B,2119200,찬성,2023-12-08
21,MU69217P,2119200,불참,2023-12-08
21,2N793392,2119200,찬성,2023-12-08
21,LM13674V,2119200,불참,2023-12-08
21,QD25323M,2119200,찬성,2023-12-08
21,JVB6983V,2119200,찬성,2023-12-08
21,DAY6557K,2119200,찬성,2023-12-08
21,GP07421U,2119200,불참,2023-12-08
21,FGI27280,2119200,불참,2023-12-08
21,4XG1439M,2119200,불참,2023-12-08
21,A0P4646G,2119200,찬성,2023-12-08
21,7I09543O,2119200,찬성,2023-12-08
21,3DK8989T,2119200,찬성,2023-12-08
21,D4L60530,2119200,찬성,2023-12-08
21,M6H1705E,2119200,찬성,2023-12-08
21,09I2323E,2119200,찬성,2023-12-08
21,NTT8182Q,2119200,찬성,2023-12-08
21,A3H7195R,2119200,불참,2023-12-08
21,ZYH1940A,2119200,불참,2023-12-08
21,0VU8517U,2119200,불참,2023-12-08
21,M0A1658U,2119200,찬성,2023-12-08
21,HSW1214Q,2119200,찬성,2023-12-08
21,NZF1659U,2119200,불참,2023-12-08
21,WDS6044S,2119200,찬성,2023-12-08
21,3BC6890E,2119200,불참,2023-12-08
21,ZDR63255,2119200,불참,2023-12-08
21,KR14136C,2119200,찬성,2023-12-08
21,5765663F,2119200,찬성,2023-12-08
21,GFF1986K,2119200,찬성,2023-12-08
21,ZKU88693,2119200,찬성,2023-12-08
21,WJL30106,2119200,불참,2023-12-08
21,5KV96424,2119200,찬성,2023-12-08
21,KNM3215T,2119200,불참,2023-12-08
21,60490713,2119200,찬성,2023-12-08
21,UM51067K,2119200,찬성,2023-12-08
21,HKJ99607,2119200,불참,2023-12-08
21,X3170462,2119200,불참,2023-12-08
21,MY318392,2119200,찬성,2023-12-08
21,4T026790,2119200,불참,2023-12-08
21,EH27538E,2119200,찬성,2023-12-08
21,WFU14784,2119200,찬성,2023-12-08
21,0WL9321T,2119200,찬성,2023-12-08
21,PZA4062H,2119200,찬성,2023-12-08
21,GF286398,2119200,불참,2023-12-08
21,8348421R,2119200,찬성,2023-12-08
21,H5476989,2119200,찬성,2023-12-08
21,JQA21112,2119200,찬성,2023-12-08
21,4L695580,2119200,찬성,2023-12-08
21,40E3739H,2119200,불참,2023-12-08
21,6FS10566,2119200,찬성,2023-12-08
21,HXT76735,2119200,불참,2023-12-08
21,RPN2293B,2119200,찬성,2023-12-08
21,0R68099X,2119200,찬성,2023-12-08
21,MQU41854,2119200,찬성,2023-12-08
21,V429892C,2119200,불참,2023-12-08
21,2385336L,2119200,찬성,2023-12-08
21,IN328264,2119200,찬성,2023-12-08
21,XBT9550Q,2119200,불참,2023-12-08
21,MO52543L,2119200,불참,2023-12-08
21,X1K3667J,2119200,찬성,2023-12-08
21,WMG57662,2119200,찬성,2023-12-08
21,I5I2468R,2119200,찬성,2023-12-08
21,WTR5885Y,2119200,찬성,2023-12-08
21,IOW1101J,2119200,찬성,2023-12-08
21,25I8709Q,2119200,찬성,2023-12-08
21,OIA3741M,2119200,찬성,2023-12-08
21,XWX1513T,2119200,불참,2023-12-08
21,BLC8630L,2119200,불참,2023-12-08
21,NQR1206Q,2119200,불참,2023-12-08
21,LG63087O,2119200,불참,2023-12-08
21,OW53107J,2119200,불참,2023-12-08
21,PEP6922S,2119200,찬성,2023-12-08
21,DAN6731C,2119200,찬성,2023-12-08
21,VG24001G,2119200,불참,2023-12-08
21,WCD5518S,2119200,찬성,2023-12-08
21,SVH3899R,2119200,불참,2023-12-08
21,IOW8224X,2119200,불참,2023-12-08
21,9JF4562W,2119200,찬성,2023-12-08
21,Y7K5946R,2119200,찬성,2023-12-08
21,Z7Y7827F,2119200,불참,2023-12-08
21,ATB59635,2119200,찬성,2023-12-08
21,D6U6678O,2119200,찬성,2023-12-08
21,FU87526G,2119200,찬성,2023-12-08
21,S9U45255,2119200,불참,2023-12-08
21,8SV6917G,2119200,찬성,2023-12-08
21,QKO6165V,2119200,불참,2023-12-08
21,GD131760,2119200,불참,2023-12-08
21,V0O5343U,2119200,불참,2023-12-08
21,P0F1530P,2119200,찬성,2023-12-08
21,XPP2564T,2119200,불참,2023-12-08
21,FRN1867O,2119200,찬성,2023-12-08
21,LQW3652K,2119200,찬성,2023-12-08
21,RO593601,2119200,찬성,2023-12-08
21,PFG2137X,2119200,불참,2023-12-08
21,UB114374,2119200,불참,2023-12-08
21,GAV6441G,2119200,찬성,2023-12-08
21,7JC3239L,2119200,찬성,2023-12-08
21,40S1959J,2119200,불참,2023-12-08
21,IL74008M,2119200,찬성,2023-12-08
21,8P37634C,2119200,불참,2023-12-08
21,CNZ51556,2119200,찬성,2023-12-08
21,N4R2421C,2119200,찬성,2023-12-08
21,3C23171A,2119200,찬성,2023-12-08
21,GDG1847Z,2119200,찬성,2023-12-08
21,P2N4585G,2119200,불참,2023-12-08
21,O7R5461J,2119200,불참,2023-12-08
21,JMY9959W,2119200,불참,2023-12-08
21,7R156073,2119200,불참,2023-12-08
21,6AR6743G,2119200,불참,2023-12-08
21,J2O8643H,2119200,찬성,2023-12-08
21,VCP96419,2119200,불참,2023-12-08
21,6AU2417B,2119200,찬성,2023-12-08
21,8VJ8533R,2119200,찬성,2023-12-08
21,B7D7534L,2119200,불참,2023-12-08
21,GX22581L,2119200,불참,2023-12-08
21,SE233396,2119200,찬성,2023-12-08
21,AFH96856,2119200,불참,2023-12-08
21,52P3934K,2119200,불참,2023-12-08
21,B7H6207C,2119200,찬성,2023-12-08
21,6399076T,2119200,찬성,2023-12-08
21,4U29186R,2119200,찬성,2023-12-08
21,6RD62559,2119200,찬성,2023-12-08
21,1Y73132H,2119200,불참,2023-12-08
21,I0S53762,2119200,불참,2023-12-08
21,TKJ4800F,2119200,찬성,2023-12-08
21,04T3751T,2119200,찬성,2023-12-08
21,EVH1507C,2119200,찬성,2023-12-08
21,K5F2023J,2119200,찬성,2023-12-08
21,14M56632,2119200,찬성,2023-12-08
21,5MD4184K,2119200,불참,2023-12-08
21,5K93695T,2119200,불참,2023-12-08
21,DPZ7685X,2119200,불참,2023-12-08
21,6U243644,2119200,불참,2023-12-08
21,E9R4507P,2119200,찬성,2023-12-08
21,UHB5553T,2119200,찬성,2023-12-08
21,KFS1358P,2119200,찬성,2023-12-08
21,J9S37905,2119200,불참,2023-12-08
21,A494529E,2119200,찬성,2023-12-08
21,VRY5522V,2119200,찬성,2023-12-08
21,0PK7354M,2119200,찬성,2023-12-08
21,O0I2045I,2119200,찬성,2023-12-08
21,CZB4125D,2119200,불참,2023-12-08
21,Z6R3959C,2119200,불참,2023-12-08
21,QUM8288K,2119200,불참,2023-12-08
21,UGH6481E,2119200,불참,2023-12-08
21,S824682L,2119200,찬성,2023-12-08
21,W4X85128,2119200,불참,2023-12-08
21,Q9H5708M,2119200,찬성,2023-12-08
21,JZY9937U,2119200,불참,2023-12-08
21,MRK4871S,2119200,찬성,2023-12-08
21,2NV6751W,2119200,불참,2023-12-08
21,BM63269Y,2119200,불참,2023-12-08
21,M7O7878U,2119200,찬성,2023-12-08
21,MNZ4401T,2119200,불참,2023-12-08
21,3ZR4438W,2119200,찬성,2023-12-08
21,HSS7466Y,2119200,찬성,2023-12-08
21,16D7652C,2119200,불참,2023-12-08
21,KB04377U,2119200,찬성,2023-12-08
21,FU53642G,2119200,불참,2023-12-08
21,MLH1404S,2119200,불참,2023-12-08
21,XR24352K,2119200,찬성,2023-12-08
21,QQP4727N,2119200,불참,2023-12-08
21,JEZ3130Q,2119200,불참,2023-12-08
21,9L57027L,2119200,찬성,2023-12-08
21,GOC54665,2119200,불참,2023-12-08
21,5UN9725L,2119200,불참,2023-12-08
21,K3W33496,2119200,찬성,2023-12-08
21,NCO99988,2119200,찬성,2023-12-08
21,M2Q9024I,2119200,불참,2023-12-08
21,CI15627C,2119200,불참,2023-12-08
21,C7E79345,2119200,불참,2023-12-08
21,4019850M,2119200,불참,2023-12-08
21,UQ282145,2119200,찬성,2023-12-08
21,9YO73104,2119200,불참,2023-12-08
21,TRE2429O,2119200,찬성,2023-12-08
21,E6U4345C,2119200,찬성,2023-12-08
21,7BM2933Y,2119200,찬성,2023-12-08
21,CDL93608,2119200,불참,2023-12-08
21,2UD1340H,2119200,찬성,2023-12-08
21,9VR65006,2119200,불참,2023-12-08
21,X7I4680R,2119200,찬성,2023-12-08
21,EMC8812P,2119200,불참,2023-12-08
21,XJC13432,2119200,찬성,2023-12-08
21,XSP20229,2119200,불참,2023-12-08
21,T465023H,2119200,찬성,2023-12-08
21,3RW63706,2119200,찬성,2023-12-08
21,RQQ3807K,2119200,찬성,2023-12-08
21,FH777496,2119200,찬성,2023-12-08
21,FYI20317,2119200,찬성,2023-12-08
21,8X15119P,2119200,불참,2023-12-08
21,ZYP7962W,2119200,찬성,2023-12-08
21,3249208I,2119200,불참,2023-12-08
21,GX38539O,2119200,찬성,2023-12-08
21,XEF29171,2119200,찬성,2023-12-08
21,WVU2479T,2119200,불참,2023-12-08
21,9D939735,2119200,찬성,2023-12-08
21,QTW6852F,2119200,불참,2023-12-08
21,7XY7109I,2119200,찬성,2023-12-08
21,TST4507I,2119200,찬성,2023-12-08
21,JC14718Q,2119200,찬성,2023-12-08
21,5KV82250,2119200,찬성,2023-12-08
21,L7J93733,2119200,불참,2023-12-08
21,DAV7257X,2119200,찬성,2023-12-08
21,GE71932C,2119200,불참,2023-12-08
21,6YT83269,2119200,불참,2023-12-08
21,1MU99298,2119200,불참,2023-12-08
21,17M85910,2119200,찬성,2023-12-08
21,G152611B,2119200,불참,2023-12-08
21,SQ36001H,2119200,불참,2023-12-08
21,G1570880,2119200,찬성,2023-12-08
21,9LD2641Q,2119200,불참,2023-12-08
21,FOK3459D,2119200,불참,2023-12-08
21,QUO78839,2119200,찬성,2023-12-08
21,BT62420K,2119200,불참,2023-12-08
21,LPB30152,2119200,찬성,2023-12-08
21,MD083627,2119200,찬성,2023-12-08
21,TZP9391O,2119200,찬성,2023-12-08
21,6V37131U,2119200,불참,2023-12-08
21,OSV9142K,2119200,찬성,2023-12-08
21,FJK3396E,2119200,불참,2023-12-08
21,ZDP5704Q,2119200,불참,2023-12-08
21,7O71647Z,2119200,불참,2023-12-08
21,W1Q6753M,2119200,찬성,2023-12-08
21,E1J8836Y,2119200,찬성,2023-12-08
21,6EN68926,2119200,찬성,2023-12-08
21,1BX7234U,2119200,기권,2023-12-08
21,QHL3248U,2119200,불참,2023-12-08
21,TZ228122,2119200,찬성,2023-12-08
21,9V18755A,2119200,찬성,2023-12-08
21,XA42275R,2119200,찬성,2023-12-08
21,PO64874I,2119200,불참,2023-12-08
21,LBC8144B,2119200,불참,2023-12-08
21,VHK3402G,2119200,불참,2023-12-08
21,MR210505,2125850,불참,2023-12-08
21,I7R13867,2125850,찬성,2023-12-08
21,CNW5754J,2125850,찬성,2023-12-08
21,N9X9673B,2125850,불참,2023-12-08
21,F5U2979W,2125850,불참,2023-12-08
21,YOG1280B,2125850,찬성,2023-12-08
21,FIC9046Z,2125850,불참,2023-12-08
21,DWK26447,2125850,불참,2023-12-08
21,NUB4941Z,2125850,찬성,2023-12-08
21,KFM1081G,2125850,불참,2023-12-08
21,F0I5053J,2125850,찬성,2023-12-08
21,YTA7297R,2125850,찬성,2023-12-08
21,L7T64271,2125850,찬성,2023-12-08
21,GKD32201,2125850,찬성,2023-12-08
21,G7512472,2125850,찬성,2023-12-08
21,3TO11703,2125850,불참,2023-12-08
21,S741317G,2125850,찬성,2023-12-08
21,CCU1009B,2125850,찬성,2023-12-08
21,MU69217P,2125850,불참,2023-12-08
21,66W6739S,2125850,찬성,2023-12-08
21,QD25323M,2125850,찬성,2023-12-08
21,DAY6557K,2125850,찬성,2023-12-08
21,GP07421U,2125850,불참,2023-12-08
21,USR7059P,2125850,찬성,2023-12-08
21,4XG1439M,2125850,찬성,2023-12-08
21,P2N50879,2125850,기권,2023-12-08
21,A0P4646G,2125850,찬성,2023-12-08
21,A2V51235,2125850,찬성,2023-12-08
21,7I09543O,2125850,찬성,2023-12-08
21,3DK8989T,2125850,찬성,2023-12-08
21,7469929V,2125850,찬성,2023-12-08
21,D4L60530,2125850,찬성,2023-12-08
21,M6H1705E,2125850,찬성,2023-12-08
21,OFE45081,2125850,찬성,2023-12-08
21,09I2323E,2125850,불참,2023-12-08
21,NTT8182Q,2125850,찬성,2023-12-08
21,ZYH1940A,2125850,불참,2023-12-08
21,M0A1658U,2125850,불참,2023-12-08
21,HSW1214Q,2125850,찬성,2023-12-08
21,NZF1659U,2125850,불참,2023-12-08
21,WDS6044S,2125850,불참,2023-12-08
21,3BC6890E,2125850,불참,2023-12-08
21,ZDR63255,2125850,불참,2023-12-08
21,KR14136C,2125850,불참,2023-12-08
21,5765663F,2125850,찬성,2023-12-08
21,GFF1986K,2125850,찬성,2023-12-08
21,ZKU88693,2125850,불참,2023-12-08
21,5KV96424,2125850,찬성,2023-12-08
21,M7T9712V,2125850,불참,2023-12-08
21,60490713,2125850,불참,2023-12-08
21,UM51067K,2125850,찬성,2023-12-08
21,HKJ99607,2125850,불참,2023-12-08
21,1WE5693J,2125850,찬성,2023-12-08
21,X3170462,2125850,불참,2023-12-08
21,8FB1535Y,2125850,찬성,2023-12-08
21,4T026790,2125850,찬성,2023-12-08
21,EH27538E,2125850,찬성,2023-12-08
21,WFU14784,2125850,불참,2023-12-08
21,SU53086M,2125850,불참,2023-12-08
21,0WL9321T,2125850,찬성,2023-12-08
21,PZA4062H,2125850,찬성,2023-12-08
21,GF286398,2125850,불참,2023-12-08
21,8348421R,2125850,찬성,2023-12-08
21,H5476989,2125850,찬성,2023-12-08
21,JQA21112,2125850,불참,2023-12-08
21,4L695580,2125850,찬성,2023-12-08
21,40E3739H,2125850,불참,2023-12-08
21,HXT76735,2125850,불참,2023-12-08
21,RPN2293B,2125850,찬성,2023-12-08
